300 900 465
11 36 35 21 18 28 21 17 40 38 29 20 38 40 36 33 22 35 24 36 27 22 12 19 16 34 37 25 37 18 17 29 28 14 34 26 20 18 38 12 39 32 32 34 16 20 26 19 40 25 20 28 20 38 15 27 20 25 17 28 12 29 32 11 12 32 16 31 21 17 34 34 35 25 36 33 16 35 22 40 19 34 24 23 34 34 12 30 11 17 14 18 22 19 36 36 36 35 37 35 22 40 40 33 29 40 32 18 19 34 39 31 22 13 21 34 24 24 25 36 15 21 22 35 16 32 30 15 21 21 22 15 27 30 33 16 12 26 35 14 12 12 16 30 12 38 19 36 12 38 11 18 40 15 23 19 16 31 28 38 22 18 12 23 37 32 32 30 36 31 17 40 19 35 23 12 32 18 16 21 31 40 24 25 23 39 26 31 25 26 40 16 26 37 17 35 35 26 32 31 21 12 39 18 20 33 29 22 24 21 12 31 40 24 28 15 31 35 37 17 30 20 33 37 15 31 15 38 35 26 26 35 19 28 25 38 24 32 14 34 27 23 19 20 32 18 23 23 24 14 13 28 29 14 19 40 32 18 12 32 13 37 26 27 36 35 24 37 21 15 17 39 11 32 12 19 38 25 25 38 34 19 39 39 28 34 30 37 29 15 18 35 22 14 36 18 23 12 39 11
1 26 25 11 8 18 11 7 30 28 19 10 28 30 26 23 12 25 14 26 17 12 2 9 6 24 27 15 27 8 7 19 18 4 24 16 10 8 28 2 29 22 22 24 6 10 16 9 30 15 10 18 10 28 5 17 10 15 7 18 2 19 22 1 2 22 6 21 11 7 24 24 25 15 26 23 6 25 12 30 9 24 14 13 24 24 2 20 1 7 4 8 12 9 26 26 26 25 27 25 12 30 30 23 19 30 22 8 9 24 29 21 12 3 11 24 14 14 15 26 5 11 12 25 6 22 20 5 11 11 12 5 17 20 23 6 2 16 25 4 2 2 6 20 2 28 9 26 2 28 1 8 30 5 13 9 6 21 18 28 12 8 2 13 27 22 22 20 26 21 7 30 9 25 13 2 22 8 6 11 21 30 14 15 13 29 16 21 15 16 30 6 16 27 7 25 25 16 22 21 11 2 29 8 10 23 19 12 14 11 2 21 30 14 18 5 21 25 27 7 20 10 23 27 5 21 5 28 25 16 16 25 9 18 15 28 14 22 4 24 17 13 9 10 22 8 13 13 14 4 3 18 19 4 9 30 22 8 2 22 3 27 16 17 26 25 14 27 11 5 7 29 1 22 2 9 28 15 15 28 24 9 29 29 18 24 20 27 19 5 8 25 12 4 26 8 13 2 29 1
1 16 6
281 231 262 170 220 164
1 13 5
0 248 194 193 287
1 5 14
204 70 190 189 42 183 23 225 44 84 292 296 95 68
1 16 6
143 103 156 204 105 270
1 19 11
198 101 163 45 155 234 157 38 2 260 51
1 15 3
113 212 253
1 10 15
192 23 70 83 110 107 245 72 69 236 281 82 26 273 167
1 12 7
244 292 19 209 294 13 248
1 15 12
287 281 67 290 222 35 164 170 161 60 212 180
1 5 9
77 154 109 202 169 160 280 15 245
1 10 9
265 140 76 127 128 6 24 79 254
1 4 11
293 91 129 285 38 116 82 164 79 75 215
1 4 14
180 298 285 16 112 192 73 144 39 259 74 219 78 199
1 2 7
220 90 9 97 239 107 248
1 15 13
277 227 112 83 9 270 213 52 110 78 121 249 138
1 11 7
72 292 139 218 282 251 150
1 4 12
100 119 152 271 253 297 65 294 223 144 54 57
1 15 2
45 146
1 14 14
148 213 230 5 23 191 66 70 37 131 75 150 27 96
1 20 13
146 68 85 171 45 88 0 31 285 122 199 51 223
1 10 3
278 286 162
1 11 4
226 227 223 247
1 6 2
61 172
1 17 7
170 98 270 219 226 79 176
1 4 3
204 290 285
1 10 12
70 54 232 2 157 230 226 71 180 28 64 23
1 3 8
36 206 149 177 267 93 31 111
1 7 12
170 238 107 148 251 155 29 75 120 262 10 49
1 6 8
295 114 119 268 192 282 193 197
1 7 15
269 118 256 217 190 67 7 167 164 16 4 86 280 1 28
1 11 3
47 167 284
1 14 15
174 283 27 47 71 157 95 66 260 110 265 228 121 116 65
1 5 3
230 298 159
1 20 10
187 4 53 150 92 75 217 74 135 221
1 2 5
66 96 177 170 129
1 16 11
76 219 127 11 185 227 36 215 178 122 254
1 1 2
151 8
1 17 8
189 242 222 270 233 209 198 36
1 8 11
130 205 257 41 142 99 246 131 112 179 14
1 19 2
249 205
1 6 11
226 51 233 152 42 153 181 11 294 187 116
1 11 11
28 234 94 21 222 251 84 115 85 257 97
1 16 5
68 102 147 270 78
1 12 14
242 277 125 202 99 212 134 41 19 83 214 104 119 262
1 2 9
15 89 259 174 284 43 138 131 118
1 4 2
183 48
1 6 15
136 160 98 142 253 225 274 232 45 135 113 155 177 159 193
1 12 2
122 106
1 20 8
113 287 10 1 66 140 236 143
1 9 13
294 212 246 122 104 135 180 165 184 144 166 222 17
1 6 11
254 161 127 288 253 91 217 26 126 178 6
1 6 11
258 31 75 242 4 16 256 40 193 156 222
1 2 11
8 142 82 295 47 46 292 297 10 13 233
1 19 3
19 174 299
1 14 5
270 87 121 123 148
1 8 3
83 198 22
1 7 4
183 7 155 286
1 19 4
256 235 69 187
1 8 12
248 116 121 62 60 85 26 79 198 55 6 239
1 14 7
139 70 195 288 27 293 172
1 19 13
60 112 111 155 249 219 290 64 195 222 168 123 1
1 5 7
77 108 185 7 9 149 135
1 8 12
23 7 139 200 87 246 256 224 160 217 222 82
1 17 6
183 7 285 211 197 240
1 17 14
260 4 246 18 173 282 266 42 288 24 226 33 236 155
1 15 5
130 102 62 20 260
1 17 3
64 95 116
1 11 4
187 107 255 121
1 13 14
50 208 44 94 286 278 174 116 262 77 176 296 220 125
1 14 6
138 28 231 8 278 295
1 10 9
160 38 225 224 227 89 58 228 269
1 10 8
293 47 77 23 110 221 189 154
1 5 9
67 61 9 204 91 60 288 78 234
1 10 12
152 42 12 58 213 97 135 37 296 155 45 55
1 19 15
242 266 157 221 212 147 169 202 164 81 127 122 14 203 119
1 20 5
188 169 183 245 275
1 4 4
90 146 11 209
1 17 14
236 2 29 235 214 32 137 276 95 240 187 195 45 28
1 11 11
143 15 133 214 37 130 225 84 93 158 77
1 3 10
64 225 20 54 184 207 60 56 271 210
1 8 9
28 17 69 80 103 50 165 160 235
1 16 7
114 115 61 74 224 93 167
1 6 15
128 69 236 212 197 93 164 199 61 149 65 43 92 229 3
1 12 13
291 157 295 19 41 49 229 102 222 282 218 194 260
1 9 4
282 0 273 16
1 7 8
180 84 251 13 89 1 155 49
1 7 4
125 4 148 7
1 17 12
218 86 293 145 159 48 273 186 291 178 108 29
1 9 13
39 118 231 111 93 269 139 227 97 177 119 108 263
1 18 4
215 222 201 239
1 15 2
242 101
1 17 7
5 144 24 294 202 147 25
1 12 4
235 198 195 84
1 15 13
226 50 298 185 41 176 119 10 16 155 132 12 108
1 2 15
213 114 228 165 230 89 157 23 22 251 249 291 112 239 246
1 9 13
11 52 116 10 60 22 16 110 57 216 77 29 31
1 17 9
276 123 173 65 11 240 16 148 221
1 5 2
250 131
1 9 11
276 88 207 133 216 20 203 51 223 205 110
1 18 14
140 62 224 25 195 190 166 118 196 254 255 270 155 222
1 5 2
23 70
1 13 11
102 245 30 171 42 32 59 106 267 40 53
1 9 12
123 227 119 118 258 210 128 43 292 219 181 201
1 2 13
193 231 186 91 9 32 93 194 272 86 88 101 70
1 2 14
280 35 264 28 41 86 10 263 70 219 177 14 64 205
1 17 5
238 4 187 265 226
1 14 3
19 199 91
1 20 10
136 125 75 3 104 123 88 151 82 77
1 6 6
159 179 5 280 149 51
1 7 12
15 20 120 77 191 150 267 243 203 248 48 190
1 3 9
298 193 9 102 262 101 173 257 3
1 15 2
283 189
1 8 14
189 89 10 215 74 13 157 246 162 260 101 57 168 45
1 15 14
297 91 265 237 52 10 43 137 150 219 187 15 159 45
1 3 9
162 67 166 31 77 267 70 20 255
1 4 4
124 118 254 81
1 17 11
108 183 21 283 293 255 234 154 115 92 96
1 19 8
5 41 99 180 79 106 260 228
1 10 12
117 142 122 123 46 199 259 118 255 126 17 135
1 5 12
287 111 151 277 100 162 76 139 218 191 152 232
1 6 14
87 37 208 105 62 108 81 6 94 181 289 163 63 161
1 9 5
5 92 227 40 109
1 20 3
251 276 167
1 4 10
275 210 119 82 242 268 221 287 117 88
1 12 11
50 172 250 26 297 233 126 251 276 71 39
1 13 11
11 291 23 75 92 250 132 158 269 268 68
1 11 12
195 123 85 124 226 241 253 265 184 28 232 252
1 6 14
52 30 272 152 34 150 130 76 228 80 84 92 89 216
1 14 5
1 97 295 66 266
1 7 13
130 239 82 155 68 91 203 166 163 197 219 266 20
1 17 13
146 188 46 185 128 133 155 183 254 60 177 127 53
1 8 2
135 239
1 4 12
151 198 99 219 233 84 25 244 271 183 148 144
1 15 5
222 280 118 82 65
1 2 3
263 205 288
1 13 4
267 27 230 3
1 2 6
253 225 195 269 37 169
1 5 3
180 215 67
1 8 7
69 84 97 215 289 60 260
1 5 5
76 35 53 25 33
1 3 14
231 233 127 206 110 10 96 168 49 44 289 52 193 25
1 3 2
222 37
1 19 14
249 208 266 213 20 3 66 235 35 110 10 81 135 237
1 17 7
94 185 200 179 30 183 62
1 9 11
257 101 30 22 227 109 75 134 225 38 290
1 6 14
162 126 265 243 299 113 269 194 39 227 251 292 161 275
1 14 10
87 66 187 244 258 226 236 152 233 35
1 4 13
197 194 198 126 90 106 79 182 249 11 77 254 227
1 5 13
262 213 120 163 75 108 157 79 5 102 153 164 24
1 4 4
66 202 77 177
1 13 10
244 65 28 78 21 86 101 249 271 237
1 2 3
18 110 134
1 4 11
287 239 202 171 225 73 227 33 53 236 7
1 8 12
155 272 285 234 238 70 147 176 78 280 24 192
1 16 3
5 297 291
1 4 11
65 154 245 242 118 226 143 134 269 193 79
1 17 12
178 79 285 297 32 198 250 163 8 154 174 57
1 13 8
44 255 137 90 223 279 102 201
1 13 12
295 18 27 75 168 111 142 9 115 51 108 143
1 15 9
87 29 57 244 248 208 186 234 127
1 18 10
20 178 22 53 167 257 27 264 54 170
1 6 4
226 168 279 211
1 1 12
141 146 230 117 90 278 53 189 174 236 147 191
1 19 2
186 167
1 14 4
229 36 10 16
1 4 13
10 136 49 191 46 68 215 274 12 291 112 107 285
1 10 10
119 250 233 291 117 122 269 131 268 43
1 3 7
36 2 196 229 80 44 147
1 10 15
120 19 250 64 214 83 28 118 57 185 24 75 286 228 220
1 11 2
5 244
1 3 11
8 154 241 98 280 121 189 117 158 220 70
1 11 12
123 266 82 262 299 12 280 290 7 85 209 267
1 12 3
77 276 69
1 19 2
7 36
1 15 5
18 88 250 69 119
1 17 2
80 23
1 2 5
123 192 13 235 256
1 11 14
52 15 257 148 24 245 128 11 180 207 70 273 255 76
1 9 12
285 241 33 230 60 182 92 109 287 298 223 58
1 12 4
223 145 79 207
1 4 13
35 106 239 138 112 22 11 103 204 160 251 252 223
1 2 3
226 67 266
1 7 8
239 245 283 241 295 179 224 4
1 9 10
54 35 216 279 139 196 280 57 131 284
1 4 6
83 81 6 104 191 123
1 12 8
75 115 117 72 197 82 229 235
1 18 8
216 97 16 158 121 77 131 108
1 10 8
238 63 245 42 25 101 207 79
1 7 4
240 94 95 229
1 4 12
70 188 86 292 60 115 246 43 17 299 104 14
1 1 13
145 286 207 282 278 76 222 185 294 107 67 89 18
1 2 13
279 79 248 108 262 49 30 170 234 63 296 177 285
1 7 5
164 145 33 10 63
1 14 8
85 124 57 247 213 275 185 156
1 16 11
199 25 80 89 13 26 164 206 211 146 29
1 8 14
222 224 132 297 113 54 71 99 7 158 176 121 183 223
1 13 11
158 167 241 107 266 86 57 176 257 15 205
1 7 5
244 121 278 19 3
1 12 7
221 116 32 206 256 14 166
1 5 6
130 213 261 79 35 20
1 15 5
298 28 158 215 271
1 13 6
189 107 123 3 159 162
1 8 14
208 5 25 172 230 27 242 33 159 255 3 50 229 213
1 13 2
41 279
1 15 2
224 289
1 5 5
44 77 124 201 18
1 9 12
105 140 119 198 133 214 229 155 162 295 250 96
1 11 12
225 34 262 239 27 220 218 75 126 191 37 0
1 16 9
204 197 9 161 240 138 238 222 277
1 10 4
173 256 129 281
1 12 3
171 24 274
1 20 11
79 243 177 36 30 8 160 19 151 226 81
1 5 5
92 194 109 18 225
1 4 5
63 93 25 194 30
1 15 4
57 296 15 104
1 8 14
169 197 76 129 228 85 53 136 61 193 223 79 4 213
1 13 7
126 192 81 3 128 232 149
1 13 2
62 65
1 12 6
274 118 179 236 224 217
1 12 11
137 243 205 0 8 209 155 87 151 43 128
1 2 5
73 85 20 42 172
1 1 4
126 226 246 218
1 17 7
82 173 270 5 10 101 281
1 14 3
32 13 42
1 9 12
213 3 66 285 291 150 260 25 154 232 153 77
1 19 6
144 108 98 32 90 146
1 6 14
49 223 129 158 204 10 62 35 99 175 2 77 23 267
1 10 12
14 259 209 298 12 55 5 143 164 267 297 97
1 1 12
196 48 172 119 36 143 287 160 263 212 192 181
1 19 13
251 209 109 24 95 66 258 11 231 85 214 84 198
1 2 10
56 5 43 42 146 100 299 31 118 157
1 3 8
36 129 222 116 40 154 159 259
1 6 14
79 138 39 72 288 283 255 35 236 88 231 26 291 273
1 4 8
277 227 291 0 294 239 79 244
1 4 15
289 165 233 115 105 221 217 49 201 22 28 58 244 93 35
1 16 5
138 125 140 279 229
1 19 12
225 246 36 257 82 150 221 47 198 220 161 14
1 19 13
246 245 26 151 7 34 242 23 224 147 251 130 290
1 2 2
281 183
1 3 13
233 298 183 266 221 101 186 268 165 279 10 135 287
1 3 5
277 117 280 169 137
1 10 12
294 156 228 168 52 91 135 258 165 162 115 140
1 10 15
84 157 30 11 237 117 289 275 92 191 74 168 222 155 285
1 1 7
144 94 178 295 232 181 58
1 12 8
143 163 89 95 267 278 225 135
1 12 12
164 34 70 1 55 100 97 299 128 278 182 190
1 18 2
183 219
1 2 12
87 120 100 99 284 206 217 191 122 192 225 21
1 18 7
277 68 159 71 91 18 44
1 10 7
0 175 217 139 16 94 158
1 9 5
145 73 265 140 276
1 13 12
108 187 35 9 137 196 281 147 175 1 152 192
1 17 9
76 60 266 273 193 44 4 8 290
1 7 3
46 277 30
1 10 15
208 234 89 130 99 15 173 62 268 179 136 143 86 220 96
1 15 13
205 256 149 41 277 136 115 211 107 111 146 129 98
1 2 2
65 20
1 11 10
291 14 237 140 34 41 245 29 55 69
1 15 4
272 204 219 56
1 6 14
228 50 209 86 271 84 65 99 58 42 71 16 200 190
1 11 4
49 153 127 144
1 18 10
228 276 217 88 219 6 192 249 225 214
1 8 3
221 232 214
1 12 3
266 11 115
1 5 5
61 140 190 128 95
1 19 2
90 177
1 6 11
285 273 77 47 190 232 222 257 36 177 227
1 17 14
287 168 131 146 71 188 177 169 34 298 244 143 200 21
1 5 8
135 6 189 101 2 147 177 233
1 2 15
231 272 177 147 237 235 227 11 128 163 78 121 88 296 238
1 10 7
199 129 151 202 56 47 173
1 19 4
61 268 23 295
1 1 4
88 105 144 93
1 1 15
48 268 168 64 9 153 218 92 281 115 70 173 298 77 13
1 12 2
67 39
1 12 4
185 117 207 261
1 7 7
175 213 41 275 64 174 291
1 20 3
161 192 135
1 4 4
294 211 32 1
1 7 4
133 197 187 57
1 10 8
136 91 5 171 77 242 223 141
1 16 2
103 121
1 11 2
102 137
1 3 12
155 49 190 102 17 27 232 277 247 251 70 81
1 17 11
123 6 59 0 126 294 18 172 207 100 135
1 15 12
164 195 181 53 219 56 20 204 106 82 269 130
1 10 10
148 244 181 56 15 153 237 258 138 92
1 17 3
225 200 62
1 4 12
138 221 97 64 199 219 242 193 18 84 21 14
1 20 7
154 39 222 173 140 262 205
1 11 9
97 173 259 266 0 132 12 227 282
1 1 2
288 211
1 16 5
147 255 178 164 7
1 1 5
170 238 199 99 86
1 20 13
17 200 263 169 147 199 155 29 47 186 174 51 127
1 5 4
71 4 88 156
1 15 6
22 235 82 130 166 6
1 8 11
184 233 72 94 114 231 271 188 70 57 212
1 10 10
72 73 98 114 222 34 29 203 212 138
1 13 6
53 128 171 165 294 222
1 2 7
207 86 97 45 231 26 16
1 4 7
214 160 196 142 217 67 31
1 10 10
259 207 19 125 152 296 11 67 198 295
1 6 13
149 70 273 161 290 277 189 295 167 44 152 236 203
1 17 11
109 185 259 48 52 156 209 246 119 230 55
1 4 11
290 257 247 26 275 2 16 260 209 154 66
1 4 14
277 20 181 11 34 43 158 247 249 271 60 128 245 255
1 6 5
161 11 277 21 272
1 6 8
196 13 91 118 208 166 81 4
1 19 13
150 63 218 273 95 179 29 20 224 119 166 256 264
1 10 2
175 82
1 10 2
39 33
1 9 13
149 222 152 153 251 280 19 87 159 111 199 157 33
1 15 3
60 212 142
1 6 10
123 290 45 257 67 171 135 26 36 65
1 9 10
242 20 262 153 74 18 142 138 1 31
1 14 12
34 139 291 77 212 12 293 49 134 89 69 290
1 10 12
24 206 42 41 74 209 167 295 201 139 171 106
1 5 2
8 47
1 7 14
271 81 206 88 129 187 121 150 188 9 11 21 26 23
1 6 6
191 206 180 208 288 31
1 2 5
292 263 276 97 80
1 8 10
150 37 16 274 197 137 147 175 163 281
1 19 8
179 130 27 188 136 6 7 48
1 6 5
81 147 11 77 165
1 13 3
13 284 58
1 13 11
122 127 253 128 261 223 275 63 8 254 87
1 11 5
262 90 283 121 99
1 9 12
45 80 21 215 237 261 133 272 111 296 163 290
1 20 9
13 154 213 113 146 293 10 35 198
1 17 3
78 230 271
1 9 13
50 16 77 97 240 106 101 18 96 43 175 272 172
1 12 11
46 201 24 205 17 45 273 101 165 274 154
1 10 8
54 238 10 297 53 0 288 114
1 3 12
220 167 82 65 226 144 256 214 47 257 113 250
1 1 13
166 100 16 170 38 104 283 45 5 148 108 224 153
1 19 12
90 51 113 128 264 64 65 120 75 270 151 263
1 14 8
212 29 185 224 159 87 62 260
1 8 12
33 100 141 158 139 150 147 169 125 48 273 217
1 9 7
293 121 247 189 152 37 143
1 5 15
110 258 204 183 22 108 58 17 241 136 97 159 24 68 96
1 9 4
39 15 16 2
1 4 14
76 273 154 105 233 10 4 271 166 33 156 0 211 12
1 13 10
176 129 191 258 197 254 63 158 257 155
1 4 6
284 201 273 268 120 80
1 4 7
163 206 52 288 88 83 149
1 15 14
106 69 211 180 51 23 249 44 60 261 203 107 0 21
1 2 2
207 284
1 10 14
111 119 281 131 132 74 237 202 226 78 141 35 69 123
1 19 13
154 47 158 36 183 203 141 281 160 181 284 146 15
1 14 11
139 201 292 65 158 261 0 43 116 4 105
1 19 5
112 223 21 221 218
1 1 11
127 87 242 184 275 144 49 225 267 15 212
1 7 7
95 34 37 102 158 18 184
1 2 10
145 154 202 249 160 190 266 4 150 251
1 1 9
150 209 80 160 264 75 171 194 83
1 3 10
92 231 25 204 17 245 236 2 71 100
1 5 8
198 98 247 280 218 58 106 298
1 20 12
213 111 184 222 0 54 49 211 83 97 276 187
1 19 8
144 248 34 261 220 162 276 169
1 10 14
260 291 263 186 25 259 126 245 217 168 258 39 228 65
1 10 9
155 219 271 244 17 179 91 232 76
1 3 14
58 277 187 159 231 245 126 29 177 140 199 10 137 69
1 5 5
188 143 183 153 296
1 18 5
194 235 13 117 187
1 14 14
17 56 212 173 260 6 5 216 114 297 282 253 210 66
1 13 12
16 28 97 292 149 260 296 207 44 252 187 123
1 16 14
143 207 99 209 194 19 115 262 38 159 184 250 67 211
1 1 4
37 100 271 231
1 1 2
165 286
1 20 3
107 60 49
1 1 14
217 257 80 140 187 94 68 103 11 283 291 13 125 258
1 14 14
287 104 152 80 211 8 150 34 32 62 154 249 45 263
1 15 10
274 284 234 175 248 260 188 285 102 216
1 18 11
226 153 63 91 106 169 163 50 26 289 294
1 13 14
82 195 172 22 117 206 189 112 42 146 289 128 104 44
1 15 10
42 16 235 107 27 79 170 8 30 72
1 6 4
194 9 86 246
1 12 11
63 225 12 229 37 208 68 174 152 41 25
1 15 15
137 71 169 46 109 179 141 235 200 125 193 299 258 247 42
1 10 11
280 243 98 262 155 129 165 27 179 61 21
1 8 2
65 133
1 19 13
113 26 167 1 51 25 6 88 245 31 149 54 197
1 8 14
20 147 295 121 34 236 171 276 250 216 25 59 206 226
1 8 8
152 275 146 126 44 205 0 6
1 4 4
35 265 31 209
1 18 14
261 280 177 115 98 121 1 286 61 79 110 82 200 18
1 2 2
231 233
1 18 8
46 168 98 272 288 213 289 143
1 16 4
207 29 229 138
1 3 14
140 298 289 237 210 127 292 160 144 61 75 44 95 276
1 16 10
116 48 76 290 21 237 106 85 145 272
1 6 13
154 209 170 99 214 49 32 115 206 165 297 3 142
1 2 15
287 258 254 122 60 132 128 204 220 295 23 32 260 249 253
1 1 8
121 214 54 230 93 211 184 6
1 18 15
106 165 271 21 10 74 8 179 177 50 202 277 6 257 293
1 16 14
177 146 155 95 132 216 47 76 253 243 85 235 256 150
1 11 6
66 98 288 280 275 235
1 17 9
42 23 234 33 178 158 235 30 182
1 16 3
196 211 74
1 11 15
104 284 64 57 73 216 255 108 55 21 6 17 103 245 23
1 8 14
153 286 136 90 255 45 292 26 106 102 18 235 177 186
1 1 15
214 170 96 188 24 70 134 213 166 46 137 226 76 158 17
1 18 13
38 279 289 126 60 62 42 146 46 221 64 97 165
1 19 14
240 245 257 195 299 277 160 15 139 8 71 263 163 196
1 1 12
26 42 129 282 150 174 45 51 214 231 203 53
1 19 4
54 190 60 163
1 8 15
146 153 5 270 56 74 282 260 297 24 253 6 138 114 79
1 14 3
179 206 82
1 1 8
261 223 183 16 214 274 230 238
1 4 12
193 232 126 277 63 120 8 207 198 200 192 238
1 17 5
52 67 20 65 168
1 10 2
126 85
1 2 4
167 296 135 278
1 8 9
194 70 149 138 140 167 216 14 73
1 9 5
236 286 208 269 61
1 13 3
279 155 256
1 9 4
55 295 146 20
1 11 6
97 284 270 265 104 263
1 12 2
7 34
1 9 13
242 42 290 227 224 34 194 244 154 29 40 44 76
1 12 14
102 113 144 58 231 111 242 238 183 291 206 243 227 192
1 9 2
256 93
1 11 4
40 46 146 153
1 11 14
181 227 143 149 293 294 259 183 166 204 28 283 290 7
1 5 15
44 254 242 225 66 94 276 256 95 69 161 209 192 54 250
1 12 9
51 9 102 224 239 69 35 44 290
1 13 9
224 171 213 253 159 255 239 17 136
1 4 13
217 16 272 236 80 161 67 117 18 237 149 175 22
1 11 3
95 212 256
1 17 10
298 232 191 263 239 107 251 292 222 213
1 19 6
213 285 52 176 91 113
1 6 10
296 16 11 224 60 105 222 271 171 85
1 10 12
177 111 89 247 58 212 122 68 88 239 127 129
1 5 7
208 205 68 24 30 25 258
1 5 6
135 97 269 58 112 93
1 10 4
234 282 270 209
1 2 13
24 174 238 74 127 204 199 40 69 184 229 225 143
1 9 9
255 45 229 42 120 88 189 92 184
1 9 13
21 242 62 204 236 4 243 164 124 299 214 277 103
1 15 2
91 166
1 19 2
171 210
1 9 11
169 295 230 85 65 281 63 180 248 219 153
1 7 5
218 255 156 136 231
1 20 12
223 19 127 135 71 115 24 187 267 106 162 99
1 1 8
124 267 262 230 57 172 55 228
1 14 4
47 159 128 189
1 19 2
151 10
1 2 4
229 146 235 61
1 15 4
86 39 43 289
1 4 14
195 140 112 246 262 210 92 179 191 190 134 249 126 131
1 14 13
262 71 297 114 197 13 256 295 155 150 293 189 296
1 15 14
295 115 23 35 95 191 172 139 18 75 20 160 112 116
1 16 13
227 133 203 43 214 48 151 202 29 40 87 8 100
1 12 9
208 170 12 157 224 293 227 72 68
1 4 15
91 77 39 167 207 29 219 34 101 232 152 287 121 11 49
1 2 6
232 179 160 278 146 151
1 4 7
185 18 100 186 204 278 67
1 13 15
255 39 122 87 69 227 204 84 223 130 45 28 202 101 232
1 8 3
224 5 114
1 4 13
64 109 168 184 265 170 111 77 286 36 17 45 92
1 20 7
176 225 256 82 171 242 168
1 7 9
143 18 19 211 25 297 69 260 33
1 6 13
49 275 0 80 254 229 282 87 28 207 192 26 90
1 1 2
32 140
1 7 9
290 87 298 225 46 37 91 137 4
1 8 15
141 178 127 20 268 94 95 222 31 246 21 126 269 30 151
1 20 6
229 124 241 211 287 280
1 18 4
104 107 149 29
1 2 6
137 104 37 145 24 287
1 7 11
233 229 114 145 160 33 205 169 202 79 13
1 14 7
121 264 258 9 184 97 247
1 8 15
120 5 43 85 286 146 288 45 126 100 60 123 233 266 77
1 6 4
224 237 35 95
1 19 11
72 65 30 14 204 209 253 117 156 242 168
1 4 6
232 98 271 107 229 2
1 12 13
97 260 228 50 6 205 108 112 35 98 134 121 127
1 7 15
275 114 240 125 215 219 154 58 69 289 257 132 209 116 137
1 17 12
209 38 194 205 21 123 234 263 79 90 49 261
1 5 11
286 246 251 259 203 213 173 17 1 153 185
1 19 8
15 84 158 29 161 156 273 92
1 12 5
12 1 292 68 160
1 14 2
147 67
1 19 5
116 268 95 100 206
1 19 14
210 278 214 146 128 149 123 226 291 159 129 267 158 168
1 6 9
95 48 264 202 189 1 96 129 156
1 13 13
51 85 195 152 280 293 8 173 80 71 299 298 261
1 19 11
76 91 261 187 98 12 198 230 79 52 237
1 14 11
56 282 150 230 102 157 60 142 1 106 89
1 19 12
83 230 64 207 115 111 215 283 260 181 252 114
1 2 12
183 118 194 142 230 186 125 109 22 295 176 136
1 17 4
243 173 78 189
1 2 3
290 200 179
1 6 12
175 152 279 296 212 234 284 216 162 25 292 277
1 13 12
269 114 113 249 254 222 55 71 195 83 241 72
1 11 9
182 47 253 247 38 231 84 65 275
1 13 13
187 117 290 80 210 95 110 295 238 28 106 240 248
1 20 15
60 2 84 157 290 296 124 154 78 22 134 23 146 16 203
1 3 15
35 20 13 292 216 195 173 271 34 180 233 296 250 69 28
1 10 8
278 49 158 197 46 20 198 60
1 9 14
43 54 16 288 150 119 113 45 262 58 247 75 289 160
1 9 2
290 193
1 4 7
284 51 195 96 152 240 208
1 4 2
194 134
1 11 9
84 255 177 192 231 208 142 42 161
1 14 12
187 263 157 241 198 237 56 207 176 127 161 107
1 3 10
297 8 296 199 45 90 294 138 20 163
1 3 5
59 197 275 70 271
1 16 12
222 20 30 137 107 229 32 140 248 220 16 28
1 16 2
287 200
1 6 3
289 134 156
1 7 3
103 143 127
1 11 5
247 224 185 288 230
1 7 6
22 284 217 182 266 155
1 15 14
141 48 11 241 243 265 117 256 240 75 107 86 160 8
1 8 2
230 277
1 4 6
268 156 280 6 102 71
1 4 5
60 0 252 106 273
1 13 3
100 84 160
1 18 8
195 154 230 41 280 219 44 260
1 9 6
70 190 291 146 241 153
1 15 8
126 215 100 257 107 280 199 210
1 8 12
22 212 138 193 205 157 248 91 264 210 137 202
1 4 9
237 30 199 55 130 231 297 65 220
1 2 8
13 134 52 173 245 209 273 99
1 2 8
239 154 292 293 281 121 69 44
1 15 4
107 91 46 127
1 6 13
289 195 270 185 13 189 204 106 91 131 233 279 235
1 7 15
248 231 283 1 29 89 26 112 92 177 81 85 271 155 249
1 20 8
117 208 61 256 101 251 183 233
1 5 9
54 56 278 161 216 260 146 93 248
1 19 14
122 169 244 41 162 283 147 239 103 10 242 154 175 261
1 18 12
276 17 265 236 65 45 175 179 46 60 24 269
1 2 13
17 239 284 143 235 90 145 269 103 112 65 159 288
1 19 10
179 84 202 150 43 85 19 170 294 246
1 1 9
154 18 158 298 189 222 127 259 16
1 15 13
227 269 145 237 253 144 64 26 120 277 1 124 295
1 20 12
264 27 171 13 50 130 87 208 291 270 217 210
1 19 3
70 125 118
1 20 6
62 43 288 32 241 189
1 6 11
288 146 45 112 135 9 24 113 12 261 160
1 3 12
76 283 206 138 130 93 266 106 216 152 184 61
1 2 4
12 188 172 226
1 13 11
9 155 147 219 107 263 214 40 73 226 3
1 10 10
183 236 124 249 169 21 220 231 34 107
1 4 2
282 228
1 7 14
11 175 231 263 5 275 293 295 205 122 287 185 87 146
1 18 8
185 172 236 1 85 183 150 50
1 17 6
97 96 258 240 187 159
1 11 8
129 299 180 94 131 141 90 50
1 13 14
286 12 132 140 287 18 199 24 27 6 257 258 244 284
1 16 15
234 72 286 158 175 220 9 49 79 109 280 254 146 216 214
1 15 14
100 52 11 107 133 78 241 155 59 151 68 207 253 46
1 5 7
257 14 162 137 15 133 104
1 14 12
196 52 115 165 249 17 222 20 194 211 283 298
1 9 3
10 296 200
1 13 7
157 279 174 156 134 3 124
1 16 5
38 291 97 43 113
1 18 10
249 143 103 165 292 273 133 74 21 35
1 15 7
132 47 75 145 223 255 38
1 10 3
105 151 219
1 7 11
136 151 32 234 58 162 27 48 129 43 53
1 18 8
255 79 168 169 153 74 174 0
1 3 8
203 244 41 103 44 291 136 138
1 8 7
206 97 296 149 109 7 124
1 8 10
5 70 22 113 272 79 20 262 261 169
1 14 11
181 93 40 264 20 63 81 246 17 24 153
1 1 2
284 296
1 2 13
11 77 228 280 222 210 288 94 143 26 247 6 57
1 2 15
16 254 128 19 147 51 98 163 184 280 11 236 247 35 47
1 5 11
77 59 149 78 96 188 178 247 152 238 273
1 17 2
55 138
1 8 8
212 41 207 284 112 72 68 199
1 17 3
280 143 195
1 20 12
98 117 43 105 182 141 235 34 220 62 17 10
1 15 7
140 98 155 257 83 31 143
1 5 6
252 167 192 220 132 23
1 9 3
256 119 223
1 9 15
133 183 152 136 68 176 237 167 125 235 270 248 228 124 198
1 10 12
92 233 143 127 158 115 18 212 295 185 236 180
1 18 15
193 17 39 92 282 99 81 207 164 27 170 258 255 234 179
1 16 15
194 0 122 208 259 109 52 263 47 236 278 70 24 210 46
1 5 9
23 155 186 204 240 264 65 63 124
1 11 15
271 110 188 15 220 87 217 235 72 298 238 101 172 247 265
1 15 11
119 36 224 177 185 295 256 113 238 137 241
1 11 11
186 47 247 149 203 116 143 145 86 30 167
1 14 4
199 69 12 223
1 3 13
59 102 191 210 54 193 22 217 297 20 42 167 184
1 2 3
107 102 105
1 19 12
29 244 85 207 45 103 112 274 257 204 245 193
1 18 4
165 13 31 110
1 18 6
130 94 78 278 257 287
1 19 13
204 201 97 154 43 171 207 14 63 100 70 10 143
1 3 11
162 160 61 290 169 267 116 252 239 99 56
1 11 9
241 130 167 141 206 42 179 124 75
1 16 8
86 10 120 27 274 154 135 176
1 20 12
43 278 275 150 269 86 78 88 298 259 273 0
1 7 15
41 109 196 113 263 152 251 204 286 53 14 206 201 34 136
1 14 10
119 95 194 118 88 104 183 246 165 207
1 15 2
119 95
1 20 11
19 288 293 224 193 26 218 118 120 149 253
1 15 3
271 159 61
1 16 8
269 27 288 61 67 218 4 291
1 4 14
161 267 61 171 135 114 214 29 76 177 110 167 164 145
1 6 13
145 227 17 224 137 155 158 219 215 152 277 73 297
1 20 6
36 53 19 71 271 220
1 19 12
231 56 91 46 68 190 93 172 282 140 236 138
1 15 6
162 277 283 43 206 244
1 6 9
211 37 251 27 86 187 36 10 99
1 7 8
102 9 137 128 110 13 279 232
1 15 9
17 125 117 37 271 133 294 46 20
1 12 3
262 97 47
1 5 12
219 48 230 78 66 109 201 139 246 278 27 273
1 2 5
231 59 194 203 299
1 5 12
99 82 51 29 105 66 177 244 110 108 47 56
1 10 5
282 48 52 182 267
1 11 2
83 269
1 14 3
10 64 142
1 3 8
121 95 274 231 62 171 33 67
1 15 6
261 240 181 76 288 109
1 20 2
277 22
1 14 7
140 44 243 10 66 26 278
1 18 13
119 169 176 53 279 23 67 162 153 280 88 12 194
1 12 15
124 11 201 218 152 287 118 102 95 284 79 205 294 198 227
1 7 11
66 159 199 104 172 163 125 124 157 87 143
1 18 14
60 111 183 139 209 127 117 214 128 241 263 186 293 173
1 16 5
27 19 193 5 94
1 20 11
266 249 132 188 187 14 200 137 138 175 55
1 11 2
254 146
1 5 3
182 249 113
1 4 7
186 145 161 256 2 25 248
1 8 12
202 200 274 30 164 106 168 261 222 36 176 118
1 20 14
28 81 277 74 152 106 242 39 220 172 116 112 240 154
1 8 13
242 120 22 45 76 115 1 109 211 155 106 238 6
1 8 7
149 214 256 213 7 25 222
1 11 7
25 91 68 228 193 48 52
1 2 10
88 276 127 289 189 24 269 91 109 117
1 15 10
92 194 190 251 207 267 57 26 147 16
1 17 12
64 253 97 218 172 33 193 129 29 52 104 292
1 1 8
139 255 134 220 144 226 43 204
1 17 11
82 262 7 162 247 128 71 161 60 218 43
1 1 11
39 16 52 132 120 212 200 232 47 186 64
1 20 13
161 133 31 238 115 229 45 12 180 61 274 21 217
1 10 7
221 54 153 124 154 77 122
1 18 5
171 159 229 182 71
1 8 14
294 31 254 297 11 5 144 261 79 215 176 236 164 156
1 20 6
39 162 199 30 41 245
1 9 14
70 128 223 2 76 106 159 171 24 298 198 73 179 200
1 18 3
235 93 66
1 2 11
53 86 202 67 151 190 150 273 268 239 170
1 18 6
74 70 162 26 230 49
1 20 3
72 227 65
1 1 12
253 75 156 264 103 252 200 123 47 17 166 24
1 7 8
206 102 19 141 94 186 71 167
1 7 3
33 10 44
1 1 2
182 255
1 18 8
153 130 167 36 187 157 125 217
1 17 12
166 258 288 135 165 246 220 272 287 250 52 282
1 15 4
281 146 19 265
1 4 10
90 141 31 9 73 276 179 224 261 209
1 13 12
187 55 193 228 35 9 259 78 49 11 251 180
1 14 9
56 292 123 182 222 213 245 151 127
1 4 5
164 155 144 58 50
1 11 4
194 279 151 243
1 14 11
250 188 277 24 281 156 103 290 130 219 123
1 3 8
50 70 149 96 147 98 102 159
1 11 4
13 82 215 249
1 16 15
258 179 27 62 0 298 3 155 16 29 159 2 265 233 263
1 1 11
52 273 54 139 61 121 165 20 177 175 178
1 7 11
159 152 249 93 251 198 241 236 221 57 179
1 13 9
15 48 267 146 246 290 57 151 75
1 14 2
116 157
1 14 7
214 147 56 22 225 6 200
1 15 7
211 198 127 284 192 108 70
1 4 10
238 297 167 16 265 209 67 34 242 125
1 11 10
235 280 188 165 54 137 256 294 295 195
1 1 2
32 75
1 15 10
152 61 236 291 92 154 90 278 246 205
1 5 5
76 3 39 281 247
1 18 13
243 262 135 185 134 193 279 8 266 260 172 48 183
1 16 11
158 75 202 38 71 215 233 214 82 199 14
1 7 2
37 219
1 13 15
274 123 64 148 155 52 153 291 208 103 30 236 289 296 197
1 17 7
8 245 269 271 258 74 223
1 18 2
251 36
1 6 13
82 257 273 81 49 120 80 8 222 159 149 0 244
1 10 15
16 263 124 35 40 155 14 202 48 230 44 186 293 122 244
1 10 11
56 272 281 171 140 123 44 230 240 175 81
1 8 10
53 194 46 183 182 234 279 218 195 43
1 20 2
254 27
1 19 11
175 206 263 208 114 173 109 4 294 72 257
1 13 14
262 218 244 67 3 49 11 258 274 204 99 150 72 108
1 7 14
21 262 43 264 273 211 129 220 279 276 50 299 79 274
1 10 8
240 68 42 248 215 137 39 235
1 12 10
102 234 289 82 67 184 228 25 257 69
1 19 4
254 10 55 139
1 3 2
117 116
1 17 9
247 71 97 274 168 106 103 122 153
1 19 10
265 97 158 83 284 232 213 223 81 91
1 19 4
264 283 25 54
1 15 5
168 108 9 189 182
1 18 8
56 113 246 227 237 47 40 168
1 10 11
138 48 285 149 299 279 106 284 231 136 293
1 6 12
14 12 201 273 7 112 203 214 162 17 159 263
1 2 11
225 276 96 246 82 89 182 1 47 162 115
1 7 11
210 136 113 205 193 84 150 33 68 179 64
1 8 4
124 45 157 293
1 1 10
172 249 1 248 117 212 127 31 247 76
1 2 8
228 139 87 17 272 81 78 217
1 4 12
184 163 104 243 23 27 219 1 6 110 233 118
1 9 15
143 20 256 4 167 293 75 0 165 48 87 176 59 68 253
1 8 7
266 291 22 205 34 209 274
1 6 12
252 105 120 228 27 60 279 87 82 150 248 293
1 1 4
258 77 273 33
1 14 5
88 275 171 48 122
1 2 13
58 154 151 264 191 179 214 85 2 10 208 279 13
1 9 3
53 8 81
1 6 5
122 70 231 184 88
1 10 5
181 213 225 169 293
1 10 8
211 298 217 57 77 205 33 114
1 2 3
278 141 25
1 5 4
260 87 206 281
1 2 10
114 93 289 286 119 191 46 18 133 272
1 10 4
62 79 75 273
1 7 7
263 146 218 197 190 273 241
1 4 10
240 253 108 178 134 135 17 131 99 173
1 17 12
293 70 109 199 266 145 83 264 263 206 116 17
1 13 15
160 161 99 147 94 60 286 196 131 110 215 200 209 72 87
1 1 14
176 195 12 64 118 253 227 160 80 115 130 143 78 56
1 8 4
208 209 250 194
1 18 10
78 27 80 284 174 215 102 252 92 122
1 19 14
117 33 59 20 141 49 194 242 160 180 254 5 182 272
1 19 9
134 173 269 98 130 23 163 112 62
1 9 14
96 40 292 174 36 5 106 173 47 287 128 165 89 142
1 5 7
221 6 11 54 32 228 246
1 13 8
223 153 167 274 186 277 94 41
1 11 3
31 167 257
1 8 7
91 233 107 263 137 261 68
1 9 11
51 152 14 32 131 189 160 109 280 47 43
1 20 3
111 74 72
1 6 12
263 94 130 232 120 54 222 149 223 63 218 113
1 11 4
4 144 7 284
1 15 15
69 135 168 220 194 231 202 261 284 268 286 178 256 141 289
1 9 14
36 172 16 250 3 266 117 103 97 189 243 162 143 32
1 19 15
228 113 138 43 2 112 132 79 266 167 194 182 234 248 236
1 1 13
34 138 59 71 16 125 152 19 25 49 169 195 276
1 18 5
65 234 273 154 230
1 17 12
56 43 8 228 261 0 287 107 182 42 231 132
1 10 11
89 211 157 73 204 140 274 217 19 102 184
1 13 3
161 52 249
1 2 15
174 231 47 187 257 137 85 241 154 150 76 93 166 11 170
1 7 14
64 249 264 23 118 274 141 176 74 95 87 143 279 15
1 6 6
100 286 116 149 118 265
1 2 6
12 199 39 198 42 233
1 8 2
235 14
1 9 15
271 258 222 65 4 263 92 228 290 170 115 159 132 215 12
1 18 4
40 197 143 96
1 3 9
237 268 269 116 24 162 255 184 121
1 1 9
282 117 169 240 158 11 90 86 198
1 17 10
145 143 163 114 165 54 299 144 213 189
1 16 11
244 139 199 258 122 105 241 136 290 197 49
1 15 5
60 212 203 287 143
1 2 9
224 292 156 149 206 283 129 275 261
1 8 12
201 246 260 183 1 54 206 11 185 106 8 160
1 7 11
229 228 164 254 5 94 226 240 36 32 148
1 6 4
2 62 297 164
1 7 9
90 85 276 243 58 23 145 142 37
1 20 5
39 130 83 101 234
1 16 5
268 204 183 272 150
1 2 10
294 29 178 38 44 249 289 139 216 238
1 1 6
239 299 20 39 272 225
1 8 2
185 90
1 20 6
244 40 76 63 179 26
1 13 8
256 92 172 196 147 21 142 82
1 12 15
159 232 236 82 44 299 164 69 275 214 297 229 263 188 55
1 11 5
73 205 294 146 258
1 8 12
189 297 94 109 199 97 185 284 256 83 265 122
1 15 3
103 130 214
1 17 11
124 27 184 212 101 127 156 167 285 50 209
1 5 7
290 145 20 123 2 100 227
1 15 3
164 71 93
1 3 15
240 101 167 47 53 142 7 247 254 17 37 26 189 277 274
1 9 2
146 77
1 17 6
31 247 255 21 106 125
1 17 15
206 277 53 283 33 219 197 25 107 182 173 119 241 72 37
1 19 14
275 47 74 78 222 289 271 248 149 55 113 263 135 54
1 8 13
276 82 97 257 169 157 2 264 77 59 8 274 242
1 17 8
79 263 86 233 294 48 37 160
1 12 3
199 217 143
1 5 4
76 206 226 288
1 9 11
22 110 184 40 35 185 38 207 239 116 279
1 4 15
70 258 115 87 124 8 248 97 203 88 148 4 204 241 43
1 7 9
190 171 38 222 202 119 214 247 10
1 10 11
26 10 209 229 16 139 87 25 35 17 223
1 2 9
104 193 70 10 90 203 287 5 262
1 7 2
209 100
1 9 9
109 288 9 84 273 29 78 280 138
1 3 3
186 148 112
1 8 2
6 57
1 14 12
276 94 205 267 259 221 65 212 112 72 13 38
1 1 10
288 183 158 237 137 225 209 211 289 24
1 11 5
251 245 62 131 279
1 13 12
1 41 295 108 293 85 15 235 133 290 256 299
1 18 2
51 133
1 1 5
232 21 162 29 249
1 8 8
200 190 94 123 98 136 28 99
1 12 15
260 38 264 279 130 273 118 100 287 209 265 254 156 223 236
1 17 4
97 262 246 217
1 10 14
69 172 135 174 93 18 196 234 272 75 184 53 97 129
1 12 5
93 163 240 254 1
1 5 14
136 258 9 239 212 120 269 112 213 17 162 240 284 179
1 15 5
245 22 97 52 251
1 1 13
139 80 39 30 102 4 42 228 159 230 279 200 21
1 6 5
126 284 219 59 145
1 16 15
263 188 275 122 280 58 66 85 152 184 193 235 16 252 22
1 6 3
140 35 33
1 19 11
203 162 292 107 27 208 197 163 202 136 258
1 18 5
233 191 21 221 218
1 6 5
165 135 162 112 218
1 19 13
169 134 188 243 242 218 161 120 24 199 137 284 10
1 17 3
215 142 50
1 18 7
239 52 116 197 32 294 127
1 14 3
228 101 240
1 14 5
95 18 283 235 280
1 12 6
261 60 183 7 57 294
1 20 13
53 273 29 161 243 99 157 203 146 35 104 279 153
1 17 14
150 23 113 134 144 101 233 138 67 123 187 63 176 112
1 3 5
37 57 191 71 112
1 15 5
216 16 25 48 236
1 17 14
23 102 61 41 187 118 33 245 44 98 72 104 162 5
1 8 11
172 94 292 106 32 0 3 81 129 238 156
1 3 3
220 283 88
1 5 15
138 117 177 143 189 179 88 114 118 254 22 36 139 164 237
1 5 3
116 18 27
1 4 15
125 161 172 57 37 141 4 187 257 165 41 24 5 34 158
1 15 2
95 263
1 3 2
2 247
1 18 10
25 124 243 114 209 121 142 225 283 298
1 19 8
70 142 149 103 207 180 221 240
1 13 13
41 283 284 9 151 239 2 152 190 165 65 238 93
1 1 10
234 44 163 258 267 49 5 31 33 192
1 3 10
207 174 107 238 12 217 205 237 160 97
1 14 10
145 206 97 27 58 80 40 199 24 229
1 20 3
164 52 36
1 12 4
129 133 106 160
1 17 4
248 208 83 151
1 10 12
145 181 42 214 183 224 58 213 195 11 269 8
1 15 14
211 113 273 172 23 44 269 99 155 174 259 156 187 198
1 8 14
178 277 131 67 82 13 173 286 287 91 295 240 250 98
1 13 5
117 222 119 73 29
1 8 7
85 59 190 52 149 91 11
1 5 8
19 11 127 4 106 189 172 95
1 5 8
267 272 52 282 269 102 29 263
1 5 5
64 61 164 81 264
1 11 5
291 104 165 20 265
1 14 6
50 251 94 22 3 244
1 20 8
287 72 118 23 119 52 6 2
1 4 4
178 50 222 215
1 20 13
33 95 167 198 123 19 267 113 249 265 297 279 66
1 14 12
6 2 55 288 267 90 208 187 188 8 62 136
1 5 13
213 92 114 146 11 118 185 18 256 71 158 278 134
1 5 5
63 187 154 248 161
1 4 12
100 167 192 65 98 47 160 201 175 169 122 54
1 19 3
60 262 24
1 9 14
145 210 235 4 299 239 130 94 68 47 22 29 271 141
1 5 14
3 265 208 291 272 41 240 110 221 298 169 233 179 31
1 4 9
189 229 19 159 294 274 121 222 174
1 9 7
20 6 118 15 5 267 144
1 3 2
121 282
1 9 10
77 100 136 104 209 146 182 21 273 80
1 17 8
272 76 282 118 89 57 187 239
1 16 14
60 136 41 253 277 115 66 222 52 191 131 162 225 150
1 2 14
267 127 55 37 178 271 139 234 115 33 159 69 257 104
1 16 6
15 193 182 216 265 256
1 17 7
278 205 216 262 208 119 265
1 5 6
247 75 198 56 154 11
1 13 12
124 23 150 224 181 212 283 85 108 50 198 241
1 2 11
216 269 104 206 21 92 278 70 149 282 274
1 9 6
43 89 154 23 101 225
1 12 3
213 127 201
1 13 13
14 298 245 250 286 182 135 128 185 70 252 62 35
1 4 7
183 13 251 105 79 281 200
1 5 12
88 95 207 242 33 170 16 245 120 297 188 267
1 17 15
187 216 14 193 249 89 16 259 153 271 262 269 108 61 54
1 15 11
76 268 183 29 59 179 190 260 205 231 254
1 13 10
31 259 273 88 189 198 285 108 137 277
1 15 14
197 271 291 110 129 30 61 68 260 265 208 246 286 250
1 17 3
47 108 15
1 1 14
175 124 167 283 199 94 250 208 86 50 206 222 173 170
1 17 9
71 181 56 186 76 172 40 262 245
1 12 9
13 151 229 83 174 257 20 248 102
1 15 4
137 7 16 24
1 13 15
151 215 263 77 26 242 44 140 290 41 19 8 100 71 222
1 11 5
139 58 103 202 250
1 18 14
5 25 69 108 133 190 137 72 216 268 195 174 263 47
1 3 8
152 17 92 221 298 112 266 167
1 10 14
250 210 148 111 151 205 245 260 186 147 212 7 229 230
1 7 15
171 278 39 197 181 8 205 62 2 155 37 187 218 113 251
1 2 4
5 231 7 65
1 3 14
146 190 175 253 5 50 152 181 189 140 84 23 216 179
k 20
