300 900 465
11 28 19 24 25 38 33 19 38 23 36 14 17 32 26 34 26 33 32 39 30 20 16 38 23 27 18 17 22 20 18 21 18 22 26 27 34 26 20 15 33 22 12 37 27 36 18 16 37 26 38 27 29 17 37 38 39 38 27 21 28 22 21 26 29 20 37 22 21 25 28 35 27 28 36 19 40 22 20 27 23 16 16 37 13 12 33 18 16 13 29 15 19 33 24 14 23 20 32 25 22 28 40 39 23 34 31 23 12 16 38 15 33 22 37 14 30 24 38 38 33 33 28 34 40 25 19 36 36 18 30 22 18 12 22 19 14 40 24 26 38 40 14 38 27 22 19 25 25 40 30 31 16 29 36 30 18 15 40 31 39 27 32 39 19 12 23 28 38 32 12 29 27 21 22 15 38 12 20 21 11 33 30 35 33 18 22 14 24 35 31 28 29 34 30 38 36 38 40 30 31 36 22 25 16 17 28 26 33 22 25 33 12 36 29 21 13 24 14 14 16 29 28 23 40 30 17 14 20 37 25 19 26 19 34 34 31 16 25 36 19 28 40 15 36 27 30 18 25 39 38 21 21 16 33 11 35 36 11 27 14 34 16 30 14 13 14 30 29 39 12 11 26 27 27 15 32 22 18 19 35 18 26 24 16 13 13 16 27 33 18 27 29 16 18 40 29 39 23 11
1 18 9 14 15 28 23 9 28 13 26 4 7 22 16 24 16 23 22 29 20 10 6 28 13 17 8 7 12 10 8 11 8 12 16 17 24 16 10 5 23 12 2 27 17 26 8 6 27 16 28 17 19 7 27 28 29 28 17 11 18 12 11 16 19 10 27 12 11 15 18 25 17 18 26 9 30 12 10 17 13 6 6 27 3 2 23 8 6 3 19 5 9 23 14 4 13 10 22 15 12 18 30 29 13 24 21 13 2 6 28 5 23 12 27 4 20 14 28 28 23 23 18 24 30 15 9 26 26 8 20 12 8 2 12 9 4 30 14 16 28 30 4 28 17 12 9 15 15 30 20 21 6 19 26 20 8 5 30 21 29 17 22 29 9 2 13 18 28 22 2 19 17 11 12 5 28 2 10 11 1 23 20 25 23 8 12 4 14 25 21 18 19 24 20 28 26 28 30 20 21 26 12 15 6 7 18 16 23 12 15 23 2 26 19 11 3 14 4 4 6 19 18 13 30 20 7 4 10 27 15 9 16 9 24 24 21 6 15 26 9 18 30 5 26 17 20 8 15 29 28 11 11 6 23 1 25 26 1 17 4 24 6 20 4 3 4 20 19 29 2 1 16 17 17 5 22 12 8 9 25 8 16 14 6 3 3 6 17 23 8 17 19 6 8 30 19 29 13 1
1 9 4
58 8 180 2
1 3 4
264 221 9 31
1 11 13
250 284 87 238 213 231 156 51 298 234 67 4 88
1 1 12
272 9 74 190 113 172 29 20 261 225 114 109
1 19 3
28 155 5
1 2 15
142 198 41 222 73 26 86 262 12 297 287 269 160 79 143
1 7 15
149 86 234 264 192 165 21 63 246 147 198 107 118 255 207
1 17 6
4 144 10 250 58 0
1 3 15
144 118 43 9 275 113 28 6 162 35 241 190 40 258 151
1 4 11
144 189 33 17 137 294 281 175 266 226 172
1 17 2
161 214
1 8 6
221 288 139 254 273 26
1 7 6
167 49 273 104 64 67
1 19 4
70 212 162 239
1 8 4
283 38 133 188
1 7 2
225 86
1 19 15
248 0 218 113 99 199 259 269 63 110 179 62 230 5 207
1 4 12
217 66 208 140 77 1 31 150 196 224 72 145
1 17 2
250 213
1 14 15
282 172 299 89 70 73 278 71 218 130 132 36 170 242 97
1 16 6
227 54 165 243 103 184
1 3 6
119 160 207 15 95 232
1 7 14
158 256 214 288 87 59 83 47 100 248 292 85 136 63
1 12 5
11 199 147 280 124
1 10 12
227 200 104 3 242 113 204 206 270 215 35 265
1 18 5
197 128 228 7 216
1 2 10
101 53 129 224 288 144 131 127 293 187
1 13 4
104 45 299 125
1 1 14
190 156 193 253 146 206 299 262 125 200 95 86 133 259
1 20 10
99 78 11 27 95 138 229 102 39 256
1 18 14
80 205 105 17 151 278 60 159 209 201 153 104 6 110
1 12 4
144 283 266 194
1 4 11
245 89 236 214 140 259 114 80 251 26 157
1 19 8
169 8 299 36 190 39 129 104
1 6 11
287 89 48 289 244 33 129 79 14 210 281
1 1 9
34 275 189 45 268 221 287 279 160
1 20 2
31 277
1 20 15
109 11 1 221 141 80 42 139 259 183 197 285 260 17 98
1 10 4
20 85 68 194
1 4 6
41 263 223 188 217 55
1 20 6
127 168 291 170 191 107
1 14 5
268 92 17 131 139
1 10 13
120 125 267 291 56 276 197 78 69 258 80 194 16
1 15 4
243 213 186 166
1 8 7
16 44 135 255 151 128 294
1 11 8
262 43 281 269 39 155 235 165
1 5 13
253 242 101 155 258 238 36 163 17 243 53 139 154
1 1 9
174 252 256 157 9 113 235 141 42
1 8 13
225 169 203 147 216 14 223 93 37 183 64 44 1
1 6 9
35 126 299 110 79 180 289 202 77
1 16 9
7 148 116 197 114 269 274 191 89
1 19 2
14 11
1 4 10
56 87 5 261 4 151 218 120 230 20
1 20 2
153 144
1 3 12
23 92 136 203 56 285 106 9 113 47 84 152
1 17 5
266 134 57 279 171
1 11 3
253 71 285
1 17 4
176 131 137 42
1 6 5
16 244 189 42 53
1 8 12
73 212 285 59 235 120 141 242 239 217 179 100
1 11 5
73 262 259 17 219
1 19 11
41 77 177 121 270 198 40 113 297 249 127
1 13 4
232 146 241 156
1 16 4
72 73 289 32
1 3 12
237 100 299 169 96 178 289 245 197 67 2 185
1 3 12
90 81 104 286 88 184 158 205 82 47 284 226
1 19 5
18 280 83 231 242
1 7 8
297 66 12 136 134 161 199 263
1 10 3
70 140 3
1 2 10
136 108 23 220 279 53 180 88 0 12
1 9 11
261 30 128 48 108 281 262 182 192 126 228
1 1 2
95 48
1 16 11
217 117 44 245 211 267 35 250 221 110 155
1 1 11
238 141 73 293 159 249 139 72 26 216 229
1 14 4
196 73 60 79
1 7 4
183 31 46 230
1 3 15
224 169 236 25 22 81 32 167 42 262 6 136 2 121 205
1 12 10
204 28 194 54 263 242 213 262 181 164
1 3 7
206 214 260 12 57 85 227
1 16 14
228 284 186 83 27 64 262 73 112 144 258 11 33 102
1 19 8
167 221 211 266 241 84 209 228
1 13 7
250 60 44 50 121 56 21
1 16 13
241 285 78 111 133 35 287 66 211 201 217 197 146
1 4 8
46 14 40 144 83 78 234 218
1 15 10
191 250 106 188 125 115 294 82 119 8
1 3 11
242 131 174 291 252 151 86 57 71 126 110
1 20 13
226 53 269 212 132 36 200 280 22 43 208 42 299
1 15 8
91 294 117 20 213 47 292 259
1 19 13
244 71 210 108 228 121 134 32 103 202 227 50 275
1 4 15
271 258 54 296 208 66 127 33 252 254 125 231 293 295 230
1 8 8
143 280 242 5 222 138 228 187
1 5 4
219 14 246 93
1 9 10
106 239 204 281 246 233 201 218 32 253
1 10 14
244 149 10 15 294 233 129 292 121 167 99 122 111 216
1 3 11
214 92 101 266 29 230 262 47 193 147 56
1 13 7
129 127 140 184 161 208 188
1 4 6
66 202 255 296 84 75
1 19 5
251 241 115 187 52
1 4 10
103 10 255 215 194 258 127 108 225 113
1 5 13
42 220 167 248 281 150 123 86 286 244 240 128 207
1 17 7
21 147 110 222 224 112 143
1 2 11
61 205 168 124 156 246 197 130 127 182 179
1 19 2
292 127
1 7 11
47 266 40 267 91 235 12 111 7 158 107
1 12 2
218 277
1 14 2
18 211
1 15 10
282 115 41 86 151 258 134 19 233 99
1 20 15
27 111 299 42 84 128 132 171 75 89 105 46 87 0 69
1 7 6
286 34 129 35 262 244
1 10 5
97 198 100 145 298
1 12 12
136 251 75 87 56 69 11 79 17 267 110 233
1 3 4
93 256 22 195
1 8 15
40 152 39 203 242 132 52 111 227 230 299 188 124 180 2
1 9 8
75 70 170 12 196 233 109 78
1 6 13
52 59 146 207 51 282 274 24 132 124 212 218 264
1 19 8
36 94 59 275 142 23 20 284
1 12 2
118 8
1 20 9
239 205 28 41 220 124 271 13 203
1 15 11
4 233 274 2 283 94 37 114 237 264 265
1 6 15
149 281 289 163 223 280 31 3 254 64 59 228 265 207 257
1 5 5
134 185 194 136 282
1 16 6
54 239 170 216 212 296
1 16 9
246 157 126 77 264 16 208 245 50
1 4 4
12 231 138 189
1 16 8
39 6 31 139 219 164 203 273
1 13 14
83 209 191 192 238 207 179 225 82 24 48 236 185 113
1 1 8
2 200 299 218 156 249 270 251
1 3 8
259 25 105 112 252 216 174 144
1 8 11
33 155 43 71 281 101 104 122 67 79 115
1 11 8
245 158 166 212 280 120 258 12
1 14 11
293 105 223 24 152 251 228 109 2 148 226
1 14 14
50 132 205 227 59 267 118 66 239 19 252 254 233 264
1 17 8
44 56 203 105 239 135 179 174
1 13 4
176 190 1 85
1 15 10
68 21 245 294 222 83 200 249 208 151
1 9 15
65 225 263 30 45 41 77 82 207 32 298 195 186 102 135
1 7 13
12 102 241 155 168 211 104 87 11 217 24 77 267
1 11 15
122 230 103 91 84 149 209 71 225 0 295 79 201 249 296
1 1 10
117 84 159 12 62 248 42 109 256 257
1 18 4
7 257 96 244
1 12 3
202 143 114
1 1 7
290 196 3 295 84 175 36
1 2 5
209 114 121 276 56
1 19 6
180 38 71 85 138 174
1 10 6
234 37 249 112 296 3
1 18 4
222 154 136 21
1 9 3
196 86 67
1 15 12
76 240 102 73 51 64 117 255 56 286 62 201
1 11 7
43 59 26 287 30 116 15
1 7 9
123 156 227 46 217 41 69 114 59
1 4 6
173 61 110 236 296 284
1 14 6
102 180 239 39 252 133
1 12 14
209 210 15 270 205 277 167 275 62 54 163 7 183 70
1 10 10
77 236 87 3 225 145 296 217 71 5
1 17 7
65 11 99 84 230 220 5
1 1 8
261 63 135 210 109 105 36 154
1 3 14
238 81 37 232 150 77 278 181 243 131 246 50 73 160
1 20 8
286 229 36 52 174 262 196 144
1 1 3
242 274 127
1 19 5
129 253 224 211 201
1 11 11
254 64 179 272 289 137 132 28 117 53 279
1 18 6
142 232 210 182 102 13
1 6 7
7 257 232 226 225 247 35
1 18 6
3 36 30 158 242 73
1 11 15
122 93 54 42 220 116 142 138 239 164 291 144 280 209 253
1 19 8
22 278 89 172 146 12 134 41
1 19 2
32 82
1 15 7
23 89 79 275 13 226 20
1 3 5
90 170 71 260 191
1 16 7
65 206 27 66 165 204 264
1 8 13
182 39 74 104 221 9 136 201 158 296 29 8 173
1 3 3
6 142 153
1 8 2
231 243
1 8 12
155 136 190 33 243 47 25 12 275 74 181 230
1 10 10
92 183 186 87 228 21 218 154 182 276
1 4 14
23 193 93 263 91 174 64 261 219 81 88 109 29 268
1 16 9
30 200 248 247 230 259 294 94 162
1 4 2
233 230
1 20 5
238 288 50 151 102
1 14 8
85 214 133 77 111 3 288 54
1 16 7
72 134 187 17 283 202 223
1 4 7
265 50 272 15 3 63 250
1 8 2
184 176
1 19 10
255 282 8 120 46 108 217 32 267 47
1 13 13
158 261 117 134 252 272 286 262 38 277 224 108 14
1 12 7
128 251 176 180 217 206 258
1 16 11
292 171 140 259 263 249 298 208 4 187 264
1 15 13
29 231 218 59 169 245 226 171 38 116 209 198 106
1 4 11
237 86 57 282 261 293 174 224 270 77 167
1 5 5
126 44 155 237 269
1 14 4
294 133 235 256
1 2 12
51 88 169 267 184 292 117 125 204 227 33 246
1 20 15
17 262 250 54 254 96 183 122 287 180 120 253 199 67 116
1 8 14
176 207 194 276 264 114 221 63 72 281 136 131 37 256
1 16 5
19 287 112 285 232
1 16 7
38 10 128 187 131 292 224
1 15 6
112 218 35 141 220 80
1 2 8
57 161 236 44 64 178 167 91
1 20 15
284 45 32 26 90 59 172 108 84 29 38 149 290 237 127
1 12 14
8 186 241 50 135 278 44 109 173 179 34 132 87 139
1 8 15
173 45 293 106 201 216 172 35 75 243 47 137 218 150 278
1 5 7
233 12 248 287 291 117 141
1 4 15
170 47 279 80 161 45 294 293 125 97 207 178 216 196 34
1 8 12
185 260 108 275 76 146 180 161 36 217 261 245
1 6 15
111 37 107 222 28 130 81 82 46 201 258 122 36 35 98
1 3 15
298 55 278 157 81 112 125 91 229 185 83 243 111 189 105
1 6 8
294 80 42 274 63 84 79 20
1 12 3
99 61 278
1 11 11
58 225 4 55 279 90 132 181 158 92 162
1 6 6
179 166 287 240 284 225
1 13 9
259 176 23 252 235 125 101 124 41
1 3 6
125 187 278 24 49 94
1 10 8
6 285 101 247 118 45 114 227
1 15 4
288 287 14 48
1 2 10
119 85 23 277 216 183 271 211 190 220
1 9 2
248 14
1 16 5
124 250 132 147 131
1 3 6
115 30 192 88 61 268
1 9 12
112 16 23 14 250 273 257 93 81 50 296 210
1 14 3
292 59 115
1 5 14
160 243 213 201 278 145 64 177 187 251 212 15 6 19
1 1 9
15 38 146 231 63 202 182 92 247
1 13 2
5 279
1 1 2
80 88
1 10 9
110 99 148 151 268 208 191 167 260
1 4 10
127 156 92 1 275 3 281 216 70 251
1 17 2
225 92
1 2 14
124 249 160 67 289 41 274 200 23 167 68 195 266 209
1 7 15
194 288 139 145 293 22 103 195 202 299 283 9 237 8 286
1 11 14
59 206 63 290 263 209 291 249 24 265 268 196 285 49
1 20 5
54 160 96 127 163
1 3 5
292 284 56 282 135
1 1 11
118 239 187 115 157 33 37 160 124 180 199
1 15 4
220 197 134 254
1 6 10
91 259 128 97 249 37 60 285 267 181
1 11 14
263 52 226 13 121 124 17 4 158 262 61 76 257 37
1 3 8
182 268 207 221 271 66 279 78
1 17 11
165 23 242 277 250 182 280 34 180 240 284
1 17 8
141 34 90 77 255 161 1 287
1 18 9
42 15 143 138 121 157 165 147 80
1 11 11
248 27 15 176 63 81 151 55 89 264 141
1 10 4
62 131 287 16
1 4 9
174 115 293 213 210 225 251 227 286
1 16 7
241 91 208 28 31 131 123
1 7 10
214 16 11 240 49 270 117 219 91 172
1 1 15
252 295 250 13 226 105 126 73 138 145 289 206 187 41 178
1 2 5
102 152 53 258 93
1 6 5
190 173 93 136 280
1 7 14
88 102 176 263 6 111 286 115 243 2 191 267 277 275
1 14 13
84 10 208 63 174 284 81 225 119 16 115 256 110
1 5 12
27 74 191 1 129 102 113 148 100 294 189 241
1 10 11
61 210 99 49 140 92 186 67 162 144 208
1 12 6
272 97 136 23 130 98
1 14 5
62 141 113 28 219
1 9 2
230 211
1 17 3
16 257 39
1 15 7
180 42 9 14 62 61 245
1 13 14
216 134 208 181 283 17 4 16 32 117 188 114 178 214
1 10 7
169 260 101 231 272 81 227
1 15 15
178 163 250 268 210 98 143 196 275 265 129 165 83 206 173
1 12 11
152 171 276 173 222 155 243 280 68 123 181
1 14 10
3 51 258 40 188 119 23 223 120 231
1 15 11
0 294 17 39 31 2 7 193 225 144 191
1 18 15
289 261 278 175 168 85 34 171 108 38 185 193 174 201 54
1 10 12
288 103 68 249 157 211 223 292 260 98 125 248
1 2 8
33 242 275 167 281 41 77 243
1 16 2
19 93
1 8 8
266 158 282 275 251 181 72 11
1 2 10
235 7 13 139 93 12 293 279 209 147
1 4 13
7 35 70 281 283 232 24 226 152 73 108 83 154
1 13 2
109 16
1 13 3
94 13 299
1 9 8
184 18 2 32 148 220 296 88
1 19 7
18 274 235 214 157 226 90
1 10 4
63 178 14 202
1 7 14
256 122 253 186 290 56 263 192 64 242 91 17 278 25
1 2 7
112 13 21 92 183 252 2
1 8 4
0 32 140 293
1 7 3
157 55 149
1 2 9
243 27 194 136 8 34 81 173 288
1 19 2
215 259
1 5 4
97 106 33 61
1 7 15
142 45 192 193 15 7 255 98 13 164 241 163 262 182 264
1 13 14
238 112 129 103 237 83 248 84 144 145 32 85 163 281
1 13 2
267 65
1 12 15
271 62 235 174 273 54 219 181 176 20 84 124 89 107 233
1 16 9
168 20 101 254 283 82 120 126 123
1 4 4
92 16 26 148
1 15 4
279 30 6 57
1 6 12
190 23 233 132 161 212 151 15 235 298 26 53
1 11 14
171 191 204 202 283 68 0 237 88 161 67 256 233 56
1 11 12
57 229 185 201 231 277 60 110 144 36 21 204
1 18 11
63 65 281 263 5 197 79 113 179 22 44
1 11 11
110 220 244 19 186 151 239 130 177 242 274
1 8 9
40 260 287 20 67 278 115 35 177
1 9 14
299 60 7 257 240 95 67 31 124 182 69 130 239 151
1 9 8
20 74 28 191 241 6 26 106
1 3 9
189 23 35 43 232 275 212 103 222
1 1 8
47 179 109 170 119 141 65 69
1 8 8
273 197 139 179 280 110 275 71
1 6 15
156 290 217 114 224 180 74 108 284 251 32 163 118 72 123
1 8 13
129 254 135 267 123 182 173 256 196 168 62 142 269
1 3 12
109 203 57 100 114 72 230 181 112 29 111 223
1 14 15
81 149 204 236 189 109 293 106 237 96 16 196 223 151 78
1 12 10
258 6 28 195 211 56 43 16 270 177
1 4 15
8 143 293 62 146 158 105 280 270 152 150 24 175 163 241
1 9 14
68 100 79 209 262 33 152 185 29 40 193 88 246 95
1 16 14
170 82 44 240 48 283 149 227 157 142 224 100 68 264
1 11 13
282 299 41 207 51 209 170 16 203 109 40 174 294
1 8 8
297 63 253 234 204 230 140 121
1 10 9
187 281 119 75 55 82 68 150 295
1 6 5
146 112 18 271 294
1 4 8
98 174 152 154 144 220 45 31
1 11 11
145 293 19 193 207 69 257 173 32 118 42
1 6 6
49 233 4 195 286 17
1 14 13
96 295 211 12 120 68 45 249 73 207 237 236 278
1 4 12
210 12 38 103 177 119 93 278 245 147 216 118
1 1 6
74 216 36 135 197 6
1 5 11
279 281 228 199 139 134 263 74 250 189 129
1 19 13
172 92 46 273 14 35 187 243 22 144 43 258 251
1 4 5
288 163 149 242 143
1 14 9
280 111 299 52 240 228 80 219 227
1 11 11
288 153 100 190 200 65 297 293 156 197 21
1 12 11
110 210 258 37 209 168 228 3 171 182 259
1 15 11
222 275 70 218 96 40 28 226 18 145 135
1 17 10
242 155 225 202 166 191 249 253 23 258
1 9 10
79 180 22 18 69 15 257 68 55 241
1 8 4
242 143 192 126
1 10 7
64 18 209 94 273 29 132
1 6 4
35 234 226 265
1 11 12
164 161 126 205 24 188 50 230 268 169 103 14
1 9 15
290 291 79 110 251 175 232 149 82 217 46 281 199 249 220
1 19 12
150 175 148 239 183 223 256 210 71 230 72 228
1 11 11
121 9 5 64 160 253 274 221 48 167 199
1 8 3
230 37 274
1 9 10
203 92 119 28 233 120 57 294 258 278
1 8 3
292 170 74
1 14 7
46 170 98 52 206 174 105
1 10 6
259 173 256 37 126 158
1 4 10
203 146 143 136 261 211 216 219 138 79
1 9 12
175 23 248 95 206 135 191 170 195 42 198 204
1 12 7
19 260 262 246 47 64 119
1 3 3
261 241 138
1 13 7
47 157 6 29 289 296 64
1 1 6
275 65 9 283 76 154
1 10 14
142 286 50 67 25 261 110 22 0 235 59 48 29 131
1 5 6
58 237 61 231 34 16
1 20 5
67 169 183 2 286
1 15 9
33 284 63 98 273 92 233 42 236
1 14 14
281 166 20 32 30 264 167 159 5 142 0 250 25 244
1 9 13
91 247 163 239 272 54 201 109 27 17 97 198 67
1 7 4
149 101 194 252
1 4 8
35 263 186 127 230 237 243 298
1 2 6
155 231 12 233 298 168
1 12 13
159 17 5 79 130 183 256 292 99 146 261 88 269
1 17 15
232 141 81 246 10 244 209 199 166 96 206 94 298 171 264
1 1 7
159 209 69 92 151 17 27
1 1 13
69 150 227 276 68 206 141 218 189 61 134 97 263
1 18 4
95 130 123 153
1 5 14
112 229 181 276 97 247 166 146 241 81 246 264 22 261
1 8 13
18 55 276 141 47 108 36 280 57 274 267 172 201
1 16 8
185 23 283 124 152 248 268 107
1 15 10
67 188 278 159 74 264 35 77 228 110
1 6 14
252 165 262 284 105 251 218 39 52 289 115 194 150 114
1 5 8
54 121 209 169 159 232 105 6
1 7 6
105 279 58 14 129 47
1 19 10
116 208 36 159 157 2 220 49 280 61
1 2 13
8 125 19 294 164 65 47 149 113 158 269 6 75
1 9 5
146 254 121 10 85
1 18 14
268 24 136 32 177 202 176 5 99 263 155 192 241 253
1 15 12
264 215 148 156 233 180 266 165 13 19 25 0
1 20 11
87 71 276 191 97 32 7 61 41 116 219
1 2 4
98 132 27 42
1 15 11
69 205 126 269 214 299 93 30 97 208 14
1 12 8
59 141 9 236 43 281 78 114
1 13 9
276 261 158 191 22 285 81 66 183
1 1 14
297 240 38 181 268 225 9 236 83 244 296 251 54 202
1 16 6
65 56 107 218 103 127
1 4 15
182 55 63 67 4 240 88 271 179 206 99 273 16 189 210
1 6 10
85 241 138 27 63 109 143 230 251 272
1 18 2
258 195
1 3 11
7 207 19 51 36 244 160 191 153 76 144
1 1 13
129 257 189 59 297 143 77 92 87 127 159 121 84
1 4 5
236 192 170 28 233
1 10 9
100 98 117 148 296 164 37 102 15
1 4 10
39 286 211 96 83 27 256 100 230 148
1 2 14
36 274 261 24 201 49 78 184 102 185 159 214 287 10
1 18 14
94 210 264 262 212 214 65 0 55 93 269 58 98 267
1 11 7
286 149 223 205 261 164 63
1 8 13
273 74 291 159 119 35 130 193 59 150 88 64 56
1 15 7
251 176 55 81 52 227 11
1 13 8
126 77 129 134 216 153 194 16
1 3 14
105 224 34 161 153 46 75 268 256 235 121 137 285 8
1 17 12
242 67 284 209 289 27 109 174 198 232 138 160
1 16 7
216 229 243 19 42 115 58
1 4 6
244 250 271 22 19 282
1 16 10
208 65 4 277 103 15 145 200 284 3
1 1 3
256 177 228
1 7 14
252 290 143 138 153 158 151 118 161 293 107 265 168 29
1 6 14
286 117 16 222 40 38 97 144 35 187 299 196 90 176
1 6 11
60 292 115 78 121 215 48 228 200 231 252
1 12 2
227 137
1 6 4
135 282 163 41
1 8 10
286 272 89 262 294 240 225 129 84 98
1 11 5
93 55 228 120 169
1 8 4
37 116 43 256
1 15 9
164 146 152 182 287 156 140 257 134
1 19 14
59 192 140 141 8 228 117 52 89 253 133 146 219 19
1 5 11
240 262 208 107 218 102 118 74 297 69 187
1 14 8
241 168 12 144 228 129 10 143
1 5 15
189 224 100 204 61 29 74 185 153 125 46 118 202 134 36
1 4 5
226 119 90 281 17
1 10 3
48 20 273
1 19 11
159 92 23 225 91 299 109 134 132 211 0
1 14 11
139 128 269 100 147 233 56 127 150 93 232
1 14 6
235 299 250 291 265 259
1 13 2
2 44
1 18 15
122 99 160 262 44 249 210 270 46 228 152 149 221 87 265
1 13 13
189 250 162 100 5 110 37 168 109 27 144 137 220
1 5 4
95 227 14 126
1 19 14
42 103 136 148 79 213 63 104 51 17 1 57 164 173
1 6 4
40 276 65 213
1 19 14
232 31 112 201 35 39 228 184 139 274 10 163 146 79
1 7 2
230 219
1 11 9
74 166 267 35 76 284 51 85 134
1 12 11
11 262 126 54 234 75 229 190 82 192 212
1 3 2
290 83
1 5 8
88 133 117 159 43 221 147 232
1 4 6
108 80 137 17 6 156
1 3 5
145 290 218 168 217
1 12 2
290 203
1 2 2
295 216
1 3 15
134 200 98 126 207 248 19 132 149 138 198 173 226 64 81
1 4 6
194 172 50 289 261 132
1 7 8
215 234 121 103 63 255 56 53
1 6 3
241 26 47
1 13 6
200 46 151 291 271 136
1 20 11
213 175 120 60 188 298 284 281 178 106 128
1 8 15
249 84 263 173 205 188 122 96 202 244 170 228 189 285 68
1 11 5
272 235 84 2 253
1 19 15
55 162 83 36 252 129 191 209 198 224 170 99 86 295 158
1 16 10
176 251 196 102 255 185 280 75 119 88
1 19 3
125 131 40
1 12 13
276 35 261 94 33 257 83 196 112 135 25 269 56
1 17 10
295 41 84 243 45 97 165 77 129 261
1 8 8
175 208 149 58 285 225 203 294
1 8 7
203 206 273 158 229 35 139
1 5 9
284 138 133 60 183 95 234 97 149
1 10 12
151 212 11 67 192 78 161 148 260 241 2 77
1 16 6
46 55 79 111 116 122
1 5 13
156 282 150 195 164 194 203 106 50 221 130 12 57
1 4 4
297 62 74 204
1 15 4
136 246 216 52
1 7 9
176 217 279 172 195 20 61 250 190
1 17 11
297 62 285 63 202 151 129 74 271 277 120
1 2 5
251 272 198 4 230
1 11 13
118 254 35 5 48 177 272 104 143 99 190 168 75
1 5 3
165 295 28
1 10 3
196 278 122
1 3 8
231 230 258 274 76 287 222 43
1 9 2
242 71
1 19 13
49 252 232 134 112 156 81 169 170 246 155 245 124
1 3 9
113 172 29 82 225 19 232 173 15
1 9 6
54 101 190 53 107 92
1 4 5
287 122 216 8 218
1 20 5
170 182 129 35 31
1 10 13
134 57 137 82 86 76 189 292 286 164 293 151 119
1 13 9
78 71 94 195 31 247 286 222 130
1 8 4
295 287 195 258
1 8 3
0 41 255
1 10 6
101 202 66 182 117 29
1 1 12
102 283 191 158 104 15 134 167 273 3 266 107
1 11 2
272 271
1 9 7
61 55 147 199 96 257 252
1 15 10
76 69 85 61 179 295 246 106 41 18
1 19 5
200 36 51 284 37
1 16 11
17 97 30 198 88 66 291 141 253 154 38
1 15 6
68 153 57 202 15 53
1 13 13
69 83 163 194 255 72 137 45 82 232 147 177 160
1 3 5
139 263 145 85 122
1 18 7
132 298 198 110 286 280 80
1 11 15
219 150 125 89 46 66 238 41 196 3 99 79 212 285 56
1 11 11
12 271 36 74 250 62 231 96 202 156 229
1 14 8
151 82 160 73 136 147 177 55
1 6 15
92 172 250 126 165 193 114 257 160 115 23 38 75 87 123
1 9 13
277 87 29 60 189 0 299 108 271 110 127 215 218
1 4 4
116 238 108 218
1 19 15
287 247 139 57 42 283 14 105 34 144 187 219 10 209 148
1 5 9
11 113 246 172 189 209 163 147 20
1 15 11
273 104 114 48 83 298 127 75 160 173 41
1 20 8
272 199 255 77 88 6 71 274
1 8 14
69 121 222 2 52 181 256 35 112 65 228 205 81 183
1 6 3
158 77 245
1 14 13
242 101 192 198 70 4 201 165 258 1 3 171 215
1 11 5
286 94 226 197 160
1 4 14
255 112 51 99 5 7 133 234 150 111 286 10 205 160
1 7 9
34 166 24 219 281 137 141 299 248
1 12 6
271 243 287 125 85 197
1 9 13
206 118 108 16 19 245 126 232 231 21 268 12 198
1 11 15
117 41 24 95 0 269 120 79 53 299 213 73 263 72 280
1 9 5
97 283 284 183 55
1 13 12
89 52 92 261 31 7 247 274 22 83 279 252
1 3 13
86 102 91 54 245 297 177 50 84 24 248 33 7
1 11 7
11 121 125 31 148 21 18
1 18 10
270 299 190 121 29 246 72 120 223 119
1 18 4
265 71 283 132
1 16 10
17 220 221 139 287 283 164 66 245 272
1 7 10
116 162 166 88 11 183 35 126 203 82
1 19 3
239 49 95
1 16 2
164 133
1 17 7
285 211 28 150 18 38 274
1 19 2
186 94
1 3 6
41 0 192 296 284 115
1 18 3
133 36 128
1 9 11
191 153 10 65 289 299 195 223 163 193 257
1 14 12
146 49 201 213 45 98 109 179 173 170 31 149
1 18 8
96 13 48 160 294 10 258 261
1 13 5
45 245 145 229 24
1 5 12
32 16 132 139 17 1 78 74 159 39 261 247
1 15 3
147 285 278
1 6 3
28 80 115
1 10 15
133 240 226 127 100 242 191 177 204 128 260 34 235 156 299
1 20 12
223 69 84 263 66 114 134 227 298 14 198 151
1 10 5
248 257 237 137 243
1 8 12
193 111 160 107 224 43 48 79 186 270 61 190
1 2 8
47 154 117 137 54 48 247 167
1 20 7
293 171 122 9 21 84 267
1 14 2
257 262
1 6 4
66 19 136 194
1 13 5
294 210 70 54 44
1 13 4
181 44 250 155
1 18 7
70 19 85 168 5 118 61
1 5 8
259 137 31 21 40 160 243 206
1 2 13
5 67 72 178 126 285 186 66 177 160 141 57 265
1 8 2
254 272
1 14 8
270 40 50 294 124 295 91 67
1 4 11
226 163 292 194 204 187 233 70 9 8 143
1 19 13
225 198 20 284 23 247 82 243 296 172 44 279 125
1 20 11
80 259 124 157 18 106 26 11 121 218 221
1 10 11
91 173 36 19 259 202 211 59 171 229 216
1 15 13
236 52 214 173 116 226 211 141 147 249 87 179 215
1 8 6
45 102 206 95 160 122
1 15 8
94 279 284 118 75 171 229 201
1 20 4
136 284 119 98
1 1 15
96 239 56 260 157 281 138 155 62 103 12 182 169 73 69
1 20 5
35 148 271 57 259
1 4 3
230 175 40
1 18 7
26 222 33 16 226 54 69
1 17 13
154 95 128 98 16 217 280 3 160 76 269 163 261
1 13 2
16 275
1 9 5
166 142 160 297 175
1 1 3
154 19 179
1 19 10
211 190 282 167 155 120 87 245 279 262
1 6 11
96 146 286 196 251 148 203 246 152 121 207
1 9 12
287 200 135 232 198 82 168 144 142 152 225 248
1 18 11
84 257 13 70 242 201 50 90 43 164 209
1 18 6
170 292 149 221 187 140
1 15 14
247 104 214 251 199 53 16 111 196 277 99 296 8 51
1 2 15
225 145 17 30 61 229 286 73 177 109 152 167 16 210 82
1 7 3
274 283 103
1 18 15
277 64 253 33 25 237 258 179 149 112 35 53 233 106 59
1 16 7
221 265 89 217 259 116 4
1 11 5
157 218 68 241 59
1 3 7
85 27 150 185 210 267 110
1 19 4
33 251 89 59
1 2 15
176 244 147 249 136 114 119 25 172 82 111 145 227 150 207
1 20 5
91 36 278 16 20
1 17 8
94 259 128 153 35 212 246 144
1 14 6
74 141 140 162 52 72
1 6 11
263 36 80 41 89 158 87 109 149 3 91
1 14 14
34 103 86 184 54 272 38 79 98 0 188 283 282 30
1 9 8
139 15 250 14 61 209 13 153
1 16 5
205 181 137 288 54
1 7 2
239 123
1 20 5
96 211 100 245 131
1 20 7
220 216 89 99 221 190 106
1 9 5
206 110 82 232 256
1 16 12
26 142 186 75 103 143 176 29 172 113 230 57
1 5 14
74 221 87 199 19 9 265 180 70 229 78 248 91 244
1 17 2
102 146
1 7 13
259 167 182 74 129 44 73 275 43 108 155 289 49
1 9 5
133 191 5 285 7
1 20 6
77 247 223 211 155 39
1 14 4
149 161 50 297
1 9 6
299 110 14 5 288 156
1 19 9
200 10 4 109 89 151 16 251 61
1 11 4
212 127 194 124
1 7 13
239 250 41 120 291 54 31 105 181 102 150 142 50
1 20 15
12 172 57 31 9 280 119 100 89 124 7 60 127 282 263
1 12 14
159 289 47 227 120 256 269 291 73 77 280 255 88 236
1 17 5
253 219 49 180 46
1 4 2
93 227
1 5 2
135 147
1 2 11
203 53 14 197 0 174 8 11 116 292 270
1 4 11
75 299 234 127 250 176 8 254 183 69 231
1 8 5
11 247 88 8 34
1 20 14
273 285 151 113 46 49 246 76 132 6 162 164 267 62
1 16 14
198 229 5 73 127 81 185 37 74 261 88 76 241 199
1 17 7
169 261 287 284 186 151 138
1 13 14
123 270 274 55 155 299 96 101 197 224 120 241 59 58
1 6 6
56 84 20 0 147 177
1 16 6
128 61 101 185 288 60
1 9 12
8 174 270 149 212 288 248 211 252 197 68 157
1 10 14
103 274 266 20 137 120 158 258 252 298 246 256 74 235
1 16 13
37 38 206 117 52 222 242 63 165 61 201 227 178
1 3 12
288 72 112 147 252 45 169 140 189 244 18 59
1 2 4
71 160 143 51
1 5 15
4 178 119 75 39 124 166 84 73 223 295 282 186 21 67
1 4 4
179 106 161 250
1 9 12
73 146 62 265 213 224 221 109 102 277 55 291
1 10 11
28 245 224 207 146 112 230 175 26 286 273
1 13 9
85 240 287 136 37 123 36 227 88
1 5 12
38 144 87 252 71 103 64 8 18 267 22 47
1 16 2
205 34
1 9 6
168 275 129 166 295 96
1 1 7
234 283 133 175 63 73 160
1 6 7
90 210 270 42 155 104 141
1 13 5
3 10 233 258 33
1 19 6
285 203 192 10 69 88
1 14 6
36 117 233 255 57 44
1 9 7
291 229 129 146 243 55 157
1 13 6
244 130 104 264 31 65
1 2 7
72 134 228 95 182 123 99
1 2 14
176 26 83 172 37 130 134 139 268 132 110 280 30 9
1 20 14
104 79 88 4 28 243 90 207 289 230 209 237 236 228
1 20 13
265 71 221 166 17 210 227 282 9 52 59 147 211
1 3 5
103 179 268 150 9
1 17 3
286 35 200
1 9 4
211 111 250 32
1 11 12
181 271 230 194 239 20 148 42 165 136 242 167
1 20 11
7 239 19 234 195 184 215 110 59 66 60
1 14 8
276 232 72 56 291 139 143 148
1 18 2
228 114
1 16 10
253 8 257 278 200 17 45 11 144 33
1 1 4
136 228 12 271
1 14 11
242 191 216 69 237 68 140 135 197 295 286
1 11 4
223 130 197 189
1 18 11
132 239 78 188 104 100 115 196 174 105 10
1 17 5
149 125 294 95 188
1 19 13
51 176 137 67 261 228 124 251 116 120 215 93 61
1 6 9
188 230 154 256 170 174 263 299 262
1 11 8
295 123 46 121 118 231 146 107
1 10 13
191 193 31 257 55 46 286 237 143 73 287 262 8
1 15 2
241 277
1 20 14
150 286 238 186 77 158 280 134 7 203 202 201 264 209
1 15 2
17 48
1 15 6
292 122 284 58 286 229
1 16 8
33 209 17 63 89 268 30 275
1 3 8
57 97 244 85 32 162 83 169
1 18 2
292 146
1 14 8
297 277 35 248 251 217 91 28
1 11 15
185 135 115 74 66 107 111 216 78 212 272 214 65 157 56
1 7 12
122 45 10 161 85 192 260 233 38 292 238 23
1 12 6
189 273 97 161 126 86
1 12 9
146 202 194 86 183 3 52 12 193
1 14 6
242 288 230 13 140 75
1 8 10
96 89 183 282 185 22 259 241 78 98
1 17 11
213 18 184 15 283 53 140 80 192 189 170
1 1 5
241 19 37 192 154
1 4 12
290 19 140 9 101 159 236 77 55 277 217 0
1 7 11
207 25 67 84 160 209 124 203 293 216 147
1 17 6
124 137 158 132 186 81
1 13 4
76 58 6 231
1 14 5
19 276 3 197 132
1 10 2
111 8
1 13 2
141 190
1 18 6
22 268 142 6 157 96
1 10 7
144 296 117 156 35 149 152
1 3 5
103 179 239 141 34
1 14 8
13 141 274 280 250 42 2 259
1 3 3
36 211 287
1 7 6
112 43 87 246 114 150
1 8 6
278 250 178 218 70 47
1 16 7
82 272 157 90 62 168 28
1 7 7
33 193 181 140 104 145 160
1 7 14
224 39 37 80 236 216 32 199 171 255 178 48 278 156
1 7 4
173 26 165 163
1 18 15
31 44 140 95 150 122 40 183 109 45 273 56 118 193 263
1 13 8
214 42 118 7 294 213 105 219
1 17 4
242 268 24 143
1 19 7
222 153 0 136 271 51 64
1 18 11
128 17 190 64 218 111 238 143 49 225 261
1 8 8
215 198 221 44 186 41 282 21
1 7 13
75 164 39 100 111 198 53 268 68 239 221 284 129
1 2 3
210 100 81
1 3 4
256 135 222 264
1 14 10
177 152 124 286 51 242 172 118 108 168
1 20 4
58 187 63 175
1 19 5
78 236 38 136 159
1 3 8
218 287 298 171 240 3 173 269
1 10 2
100 287
1 7 5
43 69 289 87 17
1 5 14
70 72 101 209 71 133 219 2 132 213 200 40 156 20
1 9 7
190 179 165 133 1 297 89
1 3 7
165 46 261 267 189 254 298
1 4 6
191 107 20 108 134 258
1 16 10
46 273 134 4 296 86 235 161 112 35
1 15 10
123 124 265 202 44 86 41 39 0 258
1 4 11
66 117 77 159 283 16 111 42 161 238 54
1 6 13
2 285 294 120 87 178 175 250 7 205 262 73 282
1 12 6
221 171 72 252 49 159
1 2 8
75 200 237 283 17 71 185 285
1 8 11
263 161 67 166 29 134 55 41 58 22 163
1 9 2
271 4
1 1 13
227 200 220 68 213 211 286 174 240 1 214 199 102
1 8 10
278 176 194 276 92 63 298 135 180 164
1 9 12
157 255 151 71 63 158 276 124 268 82 3 114
1 16 8
89 97 37 218 198 267 35 236
1 19 2
146 216
1 5 15
32 166 78 172 104 232 261 9 295 36 14 150 136 290 226
1 10 15
232 8 61 298 194 295 137 285 57 224 17 101 27 107 200
1 2 10
160 145 152 14 175 282 56 240 168 189
1 8 15
156 35 165 258 187 132 288 185 290 64 269 104 158 13 130
1 18 7
274 106 94 277 87 228 280
1 1 13
214 55 91 33 101 86 143 109 259 76 284 72 240
1 10 8
139 24 171 10 112 126 76 264
1 15 3
122 293 204
1 2 13
74 167 89 73 287 266 114 182 272 124 111 17 100
1 7 13
181 132 56 49 192 293 137 286 106 54 256 114 273
1 1 8
164 288 37 224 111 267 139 205
1 2 13
22 235 39 74 69 285 224 73 4 165 185 147 118
1 17 8
152 253 188 0 85 43 94 47
1 13 5
245 59 194 295 47
1 15 5
86 53 211 139 74
1 10 4
148 176 290 280
1 1 10
212 173 271 237 3 226 200 126 131 139
1 4 2
223 63
1 9 11
266 122 260 3 120 203 168 132 92 269 171
1 8 4
170 27 263 117
1 18 12
274 209 36 38 144 219 19 260 126 271 273 135
1 4 10
64 239 181 288 191 79 296 266 167 161
1 13 12
112 283 284 146 235 108 174 48 57 31 5 245
1 12 14
122 30 270 252 127 248 189 2 36 83 220 75 103 151
1 7 2
299 201
1 16 12
262 55 294 245 199 280 224 200 74 292 295 62
1 18 3
17 167 245
1 7 6
66 7 293 97 69 217
1 15 7
190 41 32 222 200 217 152
1 7 12
190 43 167 153 261 269 130 95 157 70 5 189
1 15 11
189 233 169 176 241 34 146 56 162 164 231
1 6 7
249 29 213 256 205 287 203
1 8 5
168 277 266 247 155
1 14 4
195 218 35 129
1 18 2
228 235
1 16 9
94 195 223 49 151 147 37 166 251
1 16 3
20 19 224
1 17 7
63 135 126 238 194 120 118
1 15 5
262 252 292 75 71
1 17 15
170 79 268 293 52 260 211 283 163 244 194 273 168 251 259
1 18 8
219 44 157 110 41 245 221 22
1 5 10
184 3 179 72 149 57 265 54 1 285
1 17 13
30 189 165 84 69 168 197 143 111 140 190 52 272
1 16 13
79 250 69 104 230 109 174 261 188 128 23 20 243
1 12 7
158 81 119 44 258 83 41
1 13 6
184 266 161 207 204 44
1 4 7
23 104 109 192 41 237 58
1 12 14
156 83 32 233 136 183 289 290 132 134 3 113 193 293
1 9 13
89 298 44 217 105 243 23 299 93 185 214 242 209
1 13 6
37 261 99 201 133 123
1 8 10
188 277 172 19 159 122 8 96 74 186
1 1 13
272 82 102 232 24 224 50 216 178 225 95 186 84
1 11 3
234 199 47
1 4 5
292 12 109 268 223
1 20 11
294 258 205 91 45 223 99 228 25 19 194
1 1 15
124 128 42 75 293 214 219 239 220 196 187 101 164 127 160
1 11 2
256 32
1 3 14
116 286 69 207 193 256 32 143 99 66 180 12 72 114
1 8 3
184 167 291
1 11 10
117 179 171 236 106 288 69 87 57 92
1 8 3
33 158 197
1 3 4
15 205 274 197
1 9 14
201 130 19 51 67 186 265 23 36 142 122 139 267 296
1 4 14
202 16 234 49 62 48 116 4 109 176 6 36 179 29
1 7 15
4 258 271 270 189 212 174 106 165 116 175 0 172 139 1
1 10 3
295 215 29
1 16 2
268 99
1 12 9
164 101 68 50 128 290 298 258 220
1 17 2
137 56
1 15 6
236 145 97 218 28 102
1 11 9
156 104 225 298 275 90 293 96 14
1 4 13
83 138 217 212 3 73 295 239 221 257 44 260 187
1 16 14
135 154 207 147 87 261 143 190 206 183 209 145 278 213
1 2 5
48 9 151 227 56
1 11 5
208 124 171 75 130
1 10 11
232 78 121 195 43 293 74 210 254 92 174
1 16 11
20 116 191 232 111 144 223 219 188 9 247
1 17 9
276 168 6 133 283 185 20 54 111
1 7 11
107 2 27 124 137 141 183 171 80 235 295
1 10 4
25 187 115 44
1 3 3
40 176 135
1 3 13
238 50 296 139 249 59 208 228 195 170 217 156 35
1 15 3
95 96 49
1 20 14
165 174 98 38 115 275 131 53 136 48 7 221 126 206
1 2 2
277 13
1 15 5
207 230 28 112 137
1 8 3
107 143 267
1 14 12
206 134 203 235 160 224 242 279 126 269 113 237
1 19 14
49 125 185 214 126 59 269 111 247 173 188 249 14 32
1 13 10
108 282 7 186 53 134 34 70 137 263
1 15 14
54 93 37 121 95 147 70 43 77 98 170 179 214 242
1 13 10
205 27 193 283 56 198 270 80 130 99
1 18 13
103 201 87 149 242 182 187 281 26 20 117 205 192
1 12 11
242 216 96 196 206 105 221 77 107 271 148
1 14 7
88 94 290 50 263 296 238
1 10 14
209 230 299 83 291 271 92 293 78 210 217 265 21 100
1 10 2
203 177
1 6 14
92 28 33 89 127 167 108 82 38 109 188 226 196 107
1 17 14
222 165 90 157 6 219 94 152 272 274 223 177 235 273
1 9 12
9 29 82 155 147 172 59 280 243 268 42 122
1 2 12
169 126 36 167 149 200 26 217 20 179 81 151
1 17 11
37 30 124 31 279 81 54 47 44 23 6
1 1 14
214 272 57 271 79 87 288 72 108 220 130 283 71 251
1 18 7
55 148 230 217 127 73 90
1 1 3
291 73 260
1 7 13
206 28 65 29 112 215 294 166 108 129 276 252 178
1 15 15
296 244 155 173 253 283 53 220 178 152 176 125 90 275 288
1 14 5
54 231 269 143 14
1 18 7
114 198 23 178 284 187 71
1 6 13
219 99 64 77 156 92 52 208 151 24 61 207 225
1 8 13
125 113 217 131 181 127 257 291 67 112 35 69 109
1 17 14
204 215 125 80 110 69 19 129 100 140 166 241 57 289
1 2 11
52 16 239 148 123 261 215 132 34 86 154
1 13 2
291 93
1 20 3
166 8 15
1 8 9
208 212 104 35 51 3 177 39 192
1 20 4
74 214 45 197
1 13 4
157 294 239 22
1 15 3
247 173 213
1 7 5
64 2 241 211 41
1 19 13
86 21 82 91 31 56 175 219 195 270 53 213 134
1 19 7
265 153 174 139 165 10 228
1 1 13
4 119 7 136 146 15 105 223 57 62 253 286 139
1 20 6
87 23 107 138 197 27
1 19 7
299 29 180 198 236 170 60
1 5 9
208 260 132 9 207 109 286 98 298
1 19 10
63 206 235 298 41 228 106 183 102 54
1 3 14
20 28 192 200 188 296 110 85 180 238 53 240 94 95
1 14 15
116 221 161 239 19 211 14 126 207 265 223 31 172 270 189
1 1 12
51 64 207 78 177 70 123 82 296 30 239 98
1 4 9
54 35 278 167 132 225 133 210 112
1 6 5
48 193 212 267 106
1 18 6
15 168 169 86 167 237
1 14 13
293 99 90 73 219 55 0 288 102 92 149 93 129
1 7 12
139 241 179 264 3 198 246 238 34 54 98 29
1 18 13
224 287 91 295 262 148 111 205 132 55 174 159 110
1 2 7
172 68 293 26 45 136 14
1 13 7
69 75 272 56 246 142 215
1 14 13
281 263 84 28 21 201 96 198 125 27 4 59 166
1 2 7
237 5 246 257 141 181 267
1 11 11
87 70 254 26 209 263 129 148 227 244 72
1 3 11
233 67 112 276 137 78 134 165 145 101 168
1 6 13
265 72 91 285 129 167 216 68 263 89 229 239 208
1 7 4
262 164 165 135
1 14 12
85 39 279 102 64 67 224 128 207 280 13 251
1 20 15
204 265 128 147 12 133 115 35 216 126 30 43 186 232 95
1 7 6
271 111 249 187 296 54
1 13 4
135 97 184 280
1 17 3
109 262 193
1 16 7
115 164 61 22 295 60 239
1 19 13
172 60 215 135 17 268 74 221 201 252 25 58 104
1 2 12
189 102 166 150 97 7 56 199 201 180 3 260
1 11 15
147 273 239 251 87 79 110 259 171 146 31 86 263 219 58
1 3 5
140 134 240 88 204
1 18 4
52 249 3 141
1 13 15
178 182 224 59 250 220 90 150 17 66 63 81 125 54 193
1 19 12
114 57 69 1 272 99 104 59 51 234 261 32
1 9 6
58 152 148 243 201 206
1 1 10
51 182 74 111 219 244 149 189 38 87
1 12 4
214 165 59 271
1 20 15
268 11 124 105 183 75 228 46 273 247 52 264 293 255 291
1 8 7
233 15 123 255 180 91 13
1 14 13
168 77 75 109 167 222 51 107 152 265 293 280 259
1 20 4
96 213 37 101
1 20 6
161 234 76 130 193 68
1 14 2
179 247
1 19 8
266 161 243 25 159 137 118 140
1 14 15
135 152 236 11 292 25 213 64 251 99 17 211 5 229 70
1 1 10
244 237 152 238 269 187 38 177 46 15
1 2 8
172 52 34 138 42 212 76 248
1 8 10
208 163 246 282 81 109 96 160 135 44
1 11 10
0 219 117 54 5 60 58 53 210 206
1 14 12
164 194 75 73 195 161 71 74 281 235 224 206
1 2 13
289 146 17 205 216 121 169 30 22 245 96 84 87
1 7 8
2 289 87 192 269 113 176 24
1 15 3
261 164 210
1 8 13
260 86 39 241 100 113 208 138 143 148 107 129 278
1 17 9
112 194 236 260 96 145 80 49 101
1 10 4
65 104 88 237
1 18 4
32 144 290 231
1 8 4
149 68 259 51
1 1 3
155 61 194
1 9 4
122 18 36 170
1 7 3
202 83 58
1 5 11
94 167 194 142 9 270 286 298 289 254 205
1 12 13
29 68 31 35 282 247 285 194 260 49 97 82 231
1 7 13
225 112 155 64 93 101 33 269 131 87 171 123 137
1 15 9
193 133 90 157 50 132 248 227 42
1 19 3
108 184 272
1 7 12
122 234 42 276 299 291 288 220 201 247 121 232
1 10 12
283 294 214 299 127 98 210 268 35 213 84 99
k 20
