300 900 465
16 21 10 7 26 4 28 1 22 2 28 30 13 6 22 12 29 21 12 27 3 25 13 24 28 25 19 11 19 24 3 2 20 15 12 18 29 10 15 10 30 6 23 9 5 16 20 6 8 10 16 25 29 24 8 16 1 8 6 4 22 14 1 11 11 4 5 3 29 28 28 26 17 24 18 1 1 17 21 8 4 26 6 23 23 29 15 8 10 5 23 12 10 13 14 2 1 27 25 27 6 17 4 24 19 3 6 1 21 30 28 4 29 14 17 16 13 2 19 19 2 18 16 25 2 13 21 28 25 8 28 15 3 21 30 29 6 8 19 13 12 11 24 25 16 29 28 22 30 21 3 29 6 11 16 2 29 9 16 6 25 26 13 20 27 10 20 20 2 17 20 10 3 11 14 2 9 7 30 26 9 27 18 24 24 29 1 28 22 17 14 12 4 16 5 14 3 21 17 19 18 16 11 22 2 20 12 14 18 17 25 20 2 23 21 29 21 13 16 20 12 27 26 9 23 12 26 1 13 13 19 30 22 20 30 17 3 16 8 25 5 23 4 4 21 27 22 3 15 27 10 20 1 13 23 17 19 3 24 18 29 30 9 5 15 16 29 16 16 27 14 12 21 23 17 17 23 6 12 24 17 21 6 1 12 13 23 2 23 7 14 16 10 24 23 21 23 14 1 9
1 16 24 8 23 16 28 8 23 24 17 5 23 11 12 5 7 30 14 1 7 14 11 25 15 28 10 4 15 9 11 15 9 12 1 2 9 22 17 11 9 20 11 5 10 25 4 14 8 9 15 16 15 25 8 10 23 17 2 21 22 24 16 10 13 15 18 27 2 2 10 9 11 13 7 1 4 14 21 25 2 10 16 13 8 21 6 17 12 29 5 15 20 30 25 8 27 2 9 23 2 2 6 4 12 4 13 18 22 22 28 8 6 15 6 20 14 9 2 7 6 14 16 15 11 11 16 30 4 18 4 29 14 4 8 15 6 6 8 24 20 29 1 27 16 1 16 8 7 3 16 18 3 4 17 11 27 1 14 6 7 30 10 6 4 8 22 23 22 26 3 17 17 9 28 11 10 21 29 11 27 26 2 8 15 6 3 22 27 19 29 14 20 3 3 14 8 13 21 13 2 15 30 25 13 19 6 11 22 6 1 29 16 19 13 5 14 16 18 9 30 20 21 3 17 18 6 29 27 22 15 20 24 14 17 18 16 16 14 19 22 5 19 11 5 26 30 8 24 9 21 1 16 24 15 15 15 7 17 4 10 4 11 12 18 22 17 7 18 23 6 24 29 6 23 15 19 24 1 9 11 7 26 14 25 19 8 20 12 13 21 3 28 4 19 19 2 22 8 15
1 15 14
19 99 121 109 104 267 126 6 93 105 4 23 175 277
1 2 6
123 69 275 51 186 162
1 7 14
107 29 296 47 193 119 148 164 139 166 244 72 151 34
1 15 4
3 137 297 82
1 17 2
48 14
1 3 2
2 269
1 7 6
201 228 206 138 36 284
1 12 6
223 211 183 285 9 249
1 8 12
46 297 83 189 7 14 260 185 202 103 13 63
1 18 13
238 214 228 286 12 280 218 299 65 261 276 115 197
1 10 9
75 168 236 146 161 292 267 31 94
1 10 8
264 234 121 108 248 129 254 188
1 16 5
190 90 207 284 0
1 20 8
65 294 172 22 189 86 176 118
1 8 7
30 252 260 253 213 209 62
1 5 9
267 277 136 173 19 169 181 120 292
1 1 4
203 114 89 0
1 14 8
294 257 117 68 226 70 73 62
1 20 14
74 249 192 265 243 106 129 75 78 176 230 23 29 95
1 4 14
70 19 171 26 282 234 280 298 89 163 131 281 283 289
1 18 2
72 156
1 15 8
69 68 253 249 195 135 16 186
1 17 12
49 70 14 85 185 168 26 249 152 131 88 243
1 9 15
290 108 148 240 227 261 0 173 298 181 283 280 89 162 15
1 1 5
212 188 19 153 245
1 19 14
282 228 224 261 115 254 7 201 230 166 244 165 126 111
1 6 15
212 55 53 122 14 221 107 257 165 170 96 172 58 74 16
1 6 7
213 282 183 101 209 119 271
1 18 6
27 40 238 290 250 231
1 15 10
240 250 270 46 141 193 135 286 73 54
1 5 13
135 30 243 151 199 127 185 294 171 53 161 18 86
1 3 3
253 246 57
1 16 9
270 201 259 151 120 169 211 31 251
1 8 15
69 295 185 138 91 282 112 27 169 19 70 106 206 50 120
1 16 4
245 280 267 119
1 5 7
232 298 110 69 242 37 99
1 14 9
64 177 92 13 179 74 43 53 78
1 19 7
263 1 161 195 43 94 14
1 8 11
159 19 62 138 243 148 27 143 116 250 117
1 4 4
192 102 28 152
1 13 4
33 180 141 199
1 14 6
73 107 53 288 21 149
1 7 5
94 111 24 218 211
1 17 9
193 245 155 232 45 132 142 181 64
1 17 3
226 59 44
1 3 10
285 93 186 108 204 16 276 212 260 123
1 15 15
260 294 96 130 54 77 163 101 209 201 79 29 26 222 115
1 7 8
116 25 66 255 291 70 90 133
1 6 13
138 117 106 212 57 215 175 237 28 5 44 166 146
1 19 3
159 187 86
1 19 8
283 111 294 217 20 7 100 70
1 20 7
183 195 14 282 252 294 150
1 12 15
234 0 73 59 131 39 2 250 48 161 64 128 269 203 230
1 3 15
83 240 24 69 280 116 279 202 143 40 269 236 127 253 290
1 20 7
49 146 83 2 220 230 243
1 8 11
204 282 221 283 74 138 79 141 219 253 12
1 8 7
18 151 162 232 168 269 40
1 8 4
30 213 74 129
1 4 5
103 292 193 96 121
1 8 15
44 7 296 275 68 116 149 248 214 207 231 196 126 49 200
1 16 5
15 145 137 133 259
1 14 4
60 174 85 50
1 6 5
280 108 171 162 267
1 19 3
118 174 234
1 11 10
137 93 169 128 209 274 101 65 68 246
1 18 2
19 170
1 4 2
51 100
1 9 10
193 99 8 74 296 177 17 33 65 49
1 18 7
9 169 35 3 65 152 207
1 11 4
190 7 269 250
1 19 15
274 118 170 241 237 151 82 135 282 105 95 6 261 299 74
1 2 11
35 278 190 261 272 155 201 177 236 5 178
1 16 10
34 135 206 141 102 37 6 163 89 96
1 13 14
134 137 270 12 86 81 235 249 118 93 87 244 256 67
1 4 5
135 256 145 215 107
1 16 12
269 103 234 183 115 167 218 244 219 83 48 138
1 8 9
2 45 17 240 115 71 53 226 23
1 10 11
279 155 239 38 198 22 6 48 37 177 29
1 19 14
220 46 79 182 32 89 105 288 255 120 287 80 192 251
1 16 5
182 224 150 11 297
1 2 6
10 39 36 213 232 243
1 10 2
5 138
1 15 15
120 112 185 286 100 163 16 254 229 26 146 52 3 65 90
1 10 6
62 147 252 10 82 226
1 16 8
218 32 30 125 22 260 83 47
1 7 3
231 250 98
1 11 12
245 190 165 243 125 291 197 173 4 167 260 77
1 14 3
210 43 288
1 20 12
287 103 46 253 96 227 139 15 299 273 172 72
1 14 2
160 127
1 14 12
266 194 3 171 189 174 170 77 231 43 286 7
1 14 7
158 78 85 100 220 179 110
1 17 3
143 169 203
1 3 5
242 281 86 9 213
1 19 14
191 35 78 164 152 189 228 56 235 299 175 33 199 182
1 5 4
96 92 223 71
1 20 5
51 205 27 295 124
1 7 8
150 251 69 107 175 199 0 281
1 19 11
246 17 57 243 271 259 220 139 90 235 29
1 16 7
103 36 250 50 296 144 221
1 10 12
274 71 1 189 157 126 283 288 181 203 170 297
1 13 9
48 249 136 238 1 233 66 61 56
1 18 13
276 234 221 72 64 30 124 81 251 180 14 232 167
1 14 2
96 77
1 6 5
199 225 121 87 297
1 6 2
259 245
1 9 8
188 98 202 206 92 264 51 94
1 6 4
245 127 139 219
1 16 9
282 30 273 29 247 103 216 214 267
1 17 15
73 192 180 4 165 97 101 286 102 134 0 156 127 175 282
1 4 5
225 208 165 209 187
1 17 5
175 73 284 147 205
1 6 4
232 291 209 176
1 7 14
44 202 22 93 140 217 31 275 94 138 210 66 199 274
1 9 3
171 271 241
1 11 3
13 10 34
1 18 14
160 59 222 275 85 44 64 74 57 283 256 201 133 243
1 9 15
108 190 20 241 253 212 87 98 174 298 106 80 179 112 59
1 18 14
125 63 23 193 166 51 178 110 276 251 288 194 82 8
1 20 4
275 144 36 154
1 13 8
174 130 93 192 248 224 183 85
1 19 15
246 25 122 60 11 229 157 173 267 107 233 17 38 294 193
1 20 13
152 133 58 119 107 24 218 217 153 239 70 37 38
1 5 15
126 105 271 239 148 73 72 246 160 129 206 131 293 99 272
1 10 11
168 212 142 118 125 240 77 72 62 272 266
1 8 7
228 165 169 200 49 245 269
1 13 10
230 117 283 104 227 195 39 268 251 4
1 17 4
146 0 58 175
1 2 14
26 243 95 130 10 19 278 238 287 128 118 143 155 79
1 12 3
233 32 203
1 1 7
57 169 167 127 135 184 241
1 7 13
274 171 299 80 296 258 248 132 88 24 190 188 33
1 8 11
101 137 235 73 153 97 89 208 195 42 273
1 20 14
291 122 73 60 77 40 209 173 147 42 5 57 17 296
1 11 13
217 162 230 255 32 199 92 157 256 118 153 174 203
1 4 3
42 127 83
1 4 15
12 133 91 229 111 101 95 286 68 139 108 185 71 260 38
1 7 12
247 154 9 62 268 97 83 198 26 225 193 27
1 13 9
135 226 44 47 275 100 224 120 170
1 5 5
283 145 289 86 274
1 7 12
253 290 3 69 151 32 234 261 236 144 183 147
1 19 15
136 239 21 287 175 186 267 253 274 135 262 10 28 140 61
1 2 6
299 32 68 152 156 270
1 2 6
230 14 86 107 159 112
1 4 8
145 197 196 42 106 220 165 63
1 18 12
276 21 239 253 47 259 78 229 221 162 247 266
1 14 11
52 31 151 220 232 79 51 212 118 61 277
1 9 12
110 173 103 198 222 35 280 161 38 108 288 200
1 6 7
10 224 105 281 11 155 242
1 5 6
10 171 152 200 249 207
1 12 10
16 162 158 59 97 140 40 253 279 225
1 3 5
63 277 202 286 207
1 15 6
34 192 263 86 270 189
1 16 4
65 63 271 42
1 18 9
80 21 163 139 81 6 106 178 129
1 11 8
28 177 132 114 156 146 272 214
1 4 8
160 251 210 175 126 107 109 202
1 2 8
192 279 291 32 62 174 4 84
1 3 2
26 152
1 19 12
34 104 292 15 158 225 243 73 142 24 19 41
1 5 7
274 260 55 172 279 56 275
1 8 12
242 239 150 78 199 299 245 248 236 212 247 39
1 2 3
68 239 0
1 6 9
9 59 32 179 147 260 237 277 8
1 4 15
40 116 205 96 166 291 217 75 65 299 204 298 147 157 101
1 15 3
5 136 88
1 2 11
105 190 272 257 271 1 171 100 53 295 37
1 18 4
187 143 65 116
1 14 2
90 121
1 14 15
181 236 169 278 86 58 228 280 131 159 17 237 199 291 111
1 9 14
109 161 68 212 294 232 244 207 61 141 288 31 283 277
1 4 14
234 142 96 289 145 231 185 34 156 280 144 253 134 155
1 17 6
129 221 274 68 276 285
1 6 6
33 28 149 19 290 177
1 17 10
167 116 292 8 15 265 111 82 147 274
1 1 2
242 219
1 12 15
203 184 87 240 173 180 47 192 114 53 65 179 83 105 276
1 9 15
177 201 0 42 164 141 101 194 48 208 154 174 59 52 168
1 15 12
170 40 51 88 262 255 74 72 272 123 19 102
1 16 6
140 252 247 155 17 180
1 1 6
296 250 99 233 124 65
1 5 5
185 53 212 22 186
1 2 7
136 149 279 158 187 284 169
1 4 4
50 169 53 233
1 8 5
20 222 30 195 168
1 18 4
68 295 46 288
1 17 5
191 221 216 114 14
1 11 15
12 92 233 139 1 158 111 124 293 43 161 210 295 14 221
1 11 3
56 67 122
1 3 2
126 60
1 4 13
33 177 272 235 129 273 41 287 127 198 202 220 218
1 20 4
54 101 37 265
1 19 7
65 27 9 89 46 140 152
1 2 9
265 143 46 8 195 263 211 296 269
1 1 2
235 81
1 19 12
10 189 267 167 270 70 192 229 131 274 155 64
1 10 11
200 36 173 126 182 67 153 183 82 22 263
1 6 6
77 42 276 146 44 102
1 9 2
141 185
1 2 11
289 73 30 27 134 241 193 15 291 21 110
1 16 7
27 17 171 124 20 162 212
1 8 7
133 237 97 216 240 166 280
1 17 9
99 188 80 69 150 218 154 237 2
1 10 8
119 164 140 296 80 156 242 180
1 15 11
251 284 222 133 77 217 288 88 135 120 107
1 4 14
21 50 40 41 237 121 28 57 241 124 92 25 265 188
1 18 4
249 238 163 51
1 17 8
59 289 255 127 237 161 40 216
1 19 8
46 162 238 175 32 98 212 96
1 7 13
100 165 238 32 170 64 127 66 142 62 255 106 23
1 7 4
111 239 39 234
1 1 11
113 125 160 16 123 284 243 169 14 92 12
1 8 5
187 198 142 55 162
1 6 14
155 273 219 218 123 224 103 143 96 227 41 93 191 178
1 17 9
165 169 88 210 285 81 50 209 156
1 5 4
253 222 87 150
1 19 5
131 0 52 80 138
1 8 15
251 4 135 154 274 169 74 69 80 230 28 112 184 45 263
1 9 15
32 111 139 126 181 56 17 289 240 123 148 81 290 176 2
1 8 2
210 186
1 18 11
192 268 200 68 292 61 70 258 56 30 219
1 1 14
286 223 124 179 95 271 116 280 195 153 104 47 106 266
1 18 7
279 198 2 278 60 263 246
1 18 14
116 34 193 50 150 156 166 17 237 49 230 285 39 99
1 5 14
115 278 107 29 104 244 37 6 218 109 226 70 214 153
1 15 7
133 253 128 248 275 254 5
1 19 9
127 182 99 273 138 187 285 162 78
1 8 7
169 271 261 97 10 107 3
1 16 9
163 290 0 231 4 51 172 269 109
1 17 13
230 198 142 83 252 129 26 229 298 34 116 222 181
1 15 13
176 272 94 48 49 274 95 298 231 222 177 173 169
1 13 13
18 22 145 36 142 6 243 185 244 210 264 34 106
1 9 5
253 256 99 134 71
1 5 5
163 236 107 242 265
1 3 3
36 77 111
1 3 11
66 148 126 299 97 70 30 44 85 275 33
1 4 15
186 47 84 39 52 10 261 43 32 29 83 165 264 111 198
1 14 9
160 295 116 94 78 269 150 189 70
1 16 9
29 52 261 133 259 189 15 207 212
1 16 7
33 284 279 261 99 148 283
1 5 2
18 278
1 17 11
276 167 60 172 261 176 130 245 119 77 202
1 15 5
209 46 156 175 181
1 6 7
5 248 88 221 54 123 48
1 15 14
210 258 94 276 184 288 50 59 53 62 270 30 154 296
1 15 12
35 54 50 271 253 142 298 229 148 16 97 133
1 6 5
5 265 62 207 203
1 14 13
89 246 25 30 60 241 204 148 170 1 199 205 135
1 14 12
105 14 269 101 250 150 104 102 273 0 36 18
1 18 15
162 224 280 117 74 26 11 106 132 260 66 208 25 209 82
1 3 8
107 21 77 172 147 98 244 39
1 10 14
192 146 272 271 48 273 63 98 253 72 137 187 221 61
1 8 11
130 104 199 106 265 289 231 97 63 129 209
1 14 14
11 149 245 84 115 128 6 186 180 34 182 151 51 226
1 6 8
195 114 181 124 104 208 265 221
1 10 13
67 21 38 248 296 126 134 192 272 101 222 51 217
1 15 14
85 59 122 80 145 117 262 209 195 268 51 257 164 178
1 19 11
19 81 84 149 151 188 216 210 266 288 239
1 12 2
240 260
1 17 3
49 199 283
1 15 8
102 127 220 292 122 110 208 250
1 14 10
212 102 249 252 64 21 123 251 22 129
1 4 5
162 183 85 33 143
1 10 10
244 181 88 160 267 161 288 162 206 120
1 3 7
292 71 10 48 119 193 146
1 4 12
38 275 225 48 33 27 74 123 272 54 187 35
1 5 14
97 291 135 124 152 298 86 218 204 188 77 21 232 271
1 10 6
143 55 23 26 126 281
1 20 5
298 294 46 234 37
1 11 2
259 251
1 2 11
175 263 200 33 207 233 254 31 68 45 295
1 13 4
170 159 19 12
1 1 3
150 19 229
1 11 3
17 219 180
1 2 12
167 246 126 75 113 1 149 133 68 139 100 297
1 18 13
26 54 176 215 293 133 286 131 155 270 92 149 40
1 12 13
16 100 97 83 46 42 247 28 78 266 284 34 51
1 18 8
299 236 133 142 14 250 277 63
1 9 4
177 91 45 88
1 3 11
20 26 270 154 203 50 158 104 52 54 243
1 1 4
218 255 193 236
1 17 6
73 252 111 269 236 146
1 1 4
33 121 104 107
1 15 10
27 196 299 72 91 164 65 221 81 85
1 4 3
142 52 89
1 16 10
230 168 88 189 60 181 159 74 253 114
1 2 11
232 217 60 59 188 229 143 83 200 270 88
1 20 15
227 172 188 257 41 70 185 116 225 205 178 219 254 38 276
1 14 3
27 144 164
1 9 7
234 1 120 149 241 29 187
1 2 14
151 93 120 104 99 167 116 149 230 185 279 18 222 67
1 19 12
22 241 281 231 219 78 111 101 139 15 35 119
1 13 4
45 53 111 118
1 11 14
134 244 55 122 157 268 236 44 195 22 199 91 33 131
1 13 12
232 185 265 159 244 246 114 168 129 101 15 264
1 4 8
53 16 261 205 230 94 210 11
1 17 10
187 153 73 100 107 155 24 223 256 77
1 8 8
106 31 73 173 261 165 100 2
1 5 7
171 6 253 77 106 102 115
1 9 7
286 185 33 164 266 133 90
1 5 9
286 226 261 233 215 48 252 184 237
1 2 3
41 176 65
1 18 7
30 122 237 92 254 253 60
1 11 3
174 266 146
1 19 4
172 270 46 161
1 5 5
215 149 234 164 238
1 14 2
3 123
1 20 5
249 108 173 176 104
1 10 4
27 21 55 190
1 18 13
142 81 248 255 41 37 111 181 39 241 23 32 89
1 20 9
4 290 275 0 155 213 70 176 214
1 11 10
194 17 105 135 238 126 253 188 229 140
1 13 12
268 97 230 200 146 95 86 187 60 208 75 281
1 6 13
109 108 169 148 105 159 281 210 5 289 231 54 188
1 16 15
169 66 210 109 68 51 164 228 96 48 67 150 36 4 224
1 20 5
163 267 61 125 88
1 9 10
89 261 123 33 293 252 238 91 298 179
1 1 14
18 64 139 279 4 298 214 128 175 274 36 166 210 226
1 20 4
75 39 87 247
1 10 10
143 121 229 132 112 164 225 172 119 61
1 2 13
106 282 24 136 124 49 259 153 174 287 220 242 139
1 16 9
35 89 156 255 191 225 171 286 160
1 20 12
232 149 174 23 94 140 255 205 257 151 178 188
1 12 14
73 111 121 259 91 270 113 274 204 186 200 155 164 176
1 11 3
12 188 126
1 1 4
119 238 281 1
1 4 8
87 112 111 191 216 89 67 97
1 8 10
35 25 191 0 43 194 51 216 274 55
1 2 10
238 86 179 273 100 119 64 51 198 2
1 3 14
1 298 55 253 190 283 287 89 178 256 242 289 259 72
1 2 15
85 70 92 60 127 253 15 34 75 136 59 137 46 240 167
1 2 4
203 49 232 42
1 5 9
217 225 108 294 119 297 13 49 29
1 5 5
238 181 7 0 122
1 10 11
138 175 143 262 192 7 201 229 157 13 47
1 2 10
295 28 33 30 167 160 198 147 124 243
1 8 11
11 190 203 197 187 50 34 229 24 252 148
1 1 11
141 44 19 192 136 266 32 126 134 97 135
1 14 7
289 129 121 154 141 274 173
1 8 4
142 47 114 34
1 6 5
177 66 97 147 204
1 3 12
284 36 197 232 244 203 207 31 19 251 108 94
1 2 7
85 215 148 128 142 23 30
1 9 3
226 61 49
1 4 12
210 280 214 218 165 70 156 205 107 149 87 2
1 2 15
198 148 244 221 140 25 49 20 28 29 250 130 104 205 259
1 10 8
208 91 4 102 209 228 118 139
1 20 5
50 44 214 117 46
1 18 3
256 94 291
1 17 13
237 160 236 262 228 187 218 34 269 276 25 38 112
1 20 11
230 120 168 290 189 259 80 106 215 190 258
1 13 7
219 8 273 135 37 130 109
1 4 11
288 258 147 238 243 101 39 245 188 119 268
1 14 4
84 97 170 271
1 6 9
48 216 147 65 179 68 159 41 90
1 4 14
174 54 84 272 247 74 161 59 287 223 11 146 40 131
1 19 3
237 266 252
1 19 8
1 152 128 295 35 299 212 164
1 8 5
289 21 114 140 207
1 4 8
89 167 35 72 182 15 187 165
1 16 14
227 42 281 127 79 292 2 234 123 179 130 253 202 266
1 3 2
53 93
1 4 7
88 109 16 235 99 193 23
1 1 9
122 172 162 230 70 53 106 100 189
1 7 7
56 144 205 284 128 125 296
1 10 10
284 163 124 34 140 235 250 104 79 0
1 9 2
167 82
1 11 3
85 60 130
1 9 7
261 20 80 219 208 109 216
1 17 4
227 163 247 174
1 6 6
163 228 207 236 101 124
1 5 7
104 136 4 127 168 199 16
1 19 6
26 81 161 3 263 17
1 2 2
149 116
1 19 2
11 124
1 14 14
262 12 175 166 173 243 237 25 94 210 168 67 133 253
1 4 3
48 186 108
1 5 3
56 102 290
1 6 8
161 49 227 199 228 24 100 89
1 10 7
177 151 40 294 137 132 164
1 12 14
204 105 253 140 247 273 24 38 233 57 77 124 114 193
1 7 4
133 201 77 169
1 17 2
270 107
1 1 8
108 6 114 122 0 255 17 253
1 12 6
146 129 211 137 202 25
1 18 5
191 43 258 204 255
1 16 5
39 55 233 69 202
1 1 14
114 260 239 263 128 61 34 222 147 52 37 217 142 233
1 15 11
59 175 281 134 180 283 208 103 299 203 178
1 18 13
93 286 146 128 173 266 249 89 36 17 223 202 152
1 19 8
125 275 72 206 262 22 138 297
1 20 2
204 178
1 10 5
227 80 277 133 51
1 20 9
83 181 161 7 72 129 122 64 287
1 11 2
75 30
1 11 8
130 266 60 13 170 19 168 127
1 20 12
279 78 109 229 123 281 43 16 23 54 214 22
1 7 4
10 110 174 268
1 5 10
250 88 221 235 239 45 163 60 129 92
1 19 13
22 287 264 79 238 289 245 299 215 16 202 133 21
1 5 11
195 287 141 25 271 139 36 297 113 249 15
1 10 7
192 23 218 54 133 12 103
1 16 3
181 104 20
1 7 5
19 259 71 121 6
1 17 13
151 267 232 259 193 59 230 190 71 89 102 10 214
1 15 15
137 160 190 255 2 99 164 65 243 273 233 171 166 290 140
1 2 4
252 57 9 208
1 2 10
216 249 156 149 45 206 183 152 69 165
1 5 2
287 260
1 11 6
100 173 198 2 216 258
1 5 12
49 257 288 52 50 133 152 236 295 244 296 173
1 18 13
137 249 98 37 197 220 131 152 35 239 189 124 211
1 20 15
126 166 279 214 291 218 132 249 102 130 163 206 34 73 264
1 1 13
271 90 272 119 101 282 157 93 234 37 134 5 50
1 3 13
203 175 288 198 147 183 55 199 265 283 208 125 132
1 5 14
286 233 39 72 32 40 17 3 213 101 136 87 96 35
1 18 2
286 104
1 4 15
57 238 224 260 183 220 128 265 83 71 250 179 206 245 278
1 14 12
205 289 46 107 80 288 276 216 8 20 139 178
1 20 8
267 189 102 236 43 186 63 10
1 17 5
196 80 15 245 41
1 9 11
31 23 208 37 97 9 221 211 197 209 78
1 1 3
203 0 200
1 15 14
106 170 269 142 92 272 226 75 199 195 158 100 215 131
1 17 12
299 131 52 260 69 297 12 112 269 295 150 171
1 6 14
209 9 62 46 100 54 173 265 130 23 261 211 113 249
1 20 11
76 281 189 182 197 81 202 32 2 112 70
1 7 15
8 247 146 130 6 116 25 79 248 256 151 210 142 73 90
1 3 13
117 195 147 285 229 114 15 168 44 35 237 60 187
1 16 4
235 113 129 299
1 14 9
147 2 198 281 231 210 256 36 138
1 5 14
156 247 123 272 8 79 14 266 94 121 46 162 98 283
1 2 3
284 163 153
1 15 3
258 5 251
1 20 4
197 297 296 1
1 15 7
36 41 110 258 175 268 103
1 13 9
213 166 287 157 27 207 181 151 296
1 8 6
120 143 28 119 15 278
1 1 10
131 141 112 270 52 269 35 155 212 122
1 19 7
51 150 136 41 60 233 215
1 10 6
109 74 60 78 257 266
1 19 2
151 186
1 7 10
29 155 56 201 210 208 193 132 72 134
1 1 3
267 250 254
1 7 4
211 76 135 54
1 6 15
271 6 293 201 214 56 11 154 136 272 89 235 45 195 291
1 3 6
72 147 55 212 14 107
1 16 3
42 41 37
1 17 8
108 29 225 250 25 261 255 26
1 20 10
120 32 111 102 246 262 59 233 206 64
1 11 6
98 213 41 102 42 113
1 8 15
74 276 32 217 136 64 40 246 283 1 262 18 195 39 233
1 4 6
287 238 258 175 233 167
1 13 12
66 138 200 9 189 125 274 92 40 19 63 69
1 19 4
282 251 139 131
1 5 4
133 268 63 32
1 5 13
166 170 227 235 265 31 77 207 214 233 6 179 172
1 15 7
135 210 269 245 201 62 137
1 10 8
264 241 13 208 2 118 171 40
1 14 4
211 24 213 81
1 2 15
115 30 143 200 137 264 75 215 165 163 57 33 39 205 218
1 14 10
129 36 165 68 4 30 166 242 164 87
1 4 6
253 215 153 94 227 266
1 7 11
87 173 126 48 203 10 74 171 36 258 49
1 13 7
39 221 15 182 283 190 253
1 6 7
57 181 14 135 85 245 243
1 11 7
298 118 210 267 14 192 247
1 7 4
243 161 157 256
1 14 14
26 243 170 34 274 74 52 180 141 136 46 16 116 178
1 10 10
115 51 248 292 106 126 239 31 207 162
1 3 15
52 166 175 190 162 80 3 292 60 48 12 242 29 147 141
1 10 6
186 267 299 122 90 218
1 1 14
132 175 101 215 94 187 161 219 106 125 200 62 227 208
1 2 14
104 113 82 192 34 51 220 167 101 22 108 14 281 74
1 6 10
129 286 134 113 253 94 209 166 52 211
1 19 2
201 296
1 4 15
3 200 6 142 121 188 95 299 168 152 286 87 57 67 38
1 1 6
192 3 38 84 184 243
1 14 13
114 130 296 291 279 267 140 40 83 54 218 52 297
1 6 7
0 104 60 144 204 268 244
1 11 6
79 174 28 207 220 218
1 11 4
133 25 15 61
1 3 7
216 88 61 92 287 156 194
1 19 5
31 8 224 147 156
1 5 14
297 179 162 293 132 40 127 93 191 42 108 230 10 124
1 3 6
243 223 186 101 163 170
1 7 11
197 244 52 198 226 36 49 208 268 50 95
1 5 15
57 185 266 65 145 101 80 20 110 216 16 74 137 202 95
1 5 13
10 158 93 296 195 60 138 125 22 191 68 244 265
1 18 7
222 93 83 128 214 94 35
1 1 14
175 198 244 150 48 73 187 111 64 122 202 15 209 225
1 9 6
128 104 244 219 43 278
1 20 2
55 101
1 3 8
186 273 219 6 213 2 41 121
1 3 7
12 122 235 233 225 247 139
1 1 9
76 283 136 199 267 295 109 127 177
1 14 3
297 29 155
1 8 15
95 16 93 144 37 287 212 34 233 44 19 127 184 162 218
1 2 5
228 75 30 175 112
1 9 8
215 140 182 145 120 95 33 284
1 15 10
158 292 142 176 166 38 236 199 21 130
1 16 5
211 103 185 175 84
1 15 14
215 69 291 242 3 234 11 126 231 146 76 47 56 74
1 9 6
152 206 139 127 129 48
1 18 14
258 233 210 71 57 27 142 273 134 264 8 1 189 114
1 4 6
297 193 298 183 216 164
1 19 10
77 47 218 270 296 63 111 297 221 211
1 9 7
193 195 58 237 213 56 27
1 13 9
256 68 86 104 31 8 262 284 147
1 18 8
89 3 218 56 214 261 127 140
1 2 10
171 165 276 177 173 257 219 253 57 270
1 7 3
22 29 85
1 1 3
128 143 156
1 14 6
246 118 132 184 57 34
1 18 5
289 271 121 180 156
1 10 7
182 251 112 137 20 216 223
1 13 10
6 227 218 105 209 167 83 251 64 107
1 4 9
196 117 5 175 174 230 168 185 79
1 15 12
149 299 204 45 209 241 88 217 125 58 171 233
1 9 12
25 54 136 27 298 46 31 3 57 239 13 267
1 10 9
59 260 155 52 82 239 219 271 142
1 4 4
202 44 192 65
1 15 9
250 193 280 170 31 160 260 282 293
1 16 10
47 33 245 237 208 27 195 46 83 10
1 9 10
243 139 195 82 117 296 159 81 264 34
1 3 4
216 241 100 140
1 7 14
250 186 139 154 23 265 46 242 32 275 178 69 87 30
1 16 10
247 29 181 159 42 77 278 248 66 6
1 16 11
166 45 140 70 240 69 175 259 135 122 63
1 11 9
123 258 8 257 144 145 16 134 156
1 12 2
191 251
1 1 13
170 38 127 280 73 61 175 95 225 206 88 204 34
1 20 8
217 125 104 247 32 72 299 183
1 16 15
199 273 192 132 139 195 79 96 229 242 227 128 179 269 42
1 2 4
258 77 165 233
1 6 5
199 74 10 44 206
1 9 12
66 50 157 222 67 203 72 190 136 140 19 151
1 12 6
124 202 280 244 266 167
1 10 14
32 128 235 268 140 196 88 222 274 115 207 138 191 161
1 14 11
257 22 103 62 160 287 59 241 255 6 86
1 1 7
85 20 282 115 270 141 289
1 18 15
287 218 198 240 185 224 191 16 196 247 246 260 107 213 68
1 3 11
81 115 255 217 12 281 20 254 173 48 169
1 19 5
249 268 244 76 285
1 2 15
136 281 22 241 113 227 186 104 20 264 77 96 296 107 176
1 6 10
100 212 166 107 253 148 259 136 109 67
1 8 12
41 195 194 121 66 225 68 232 43 96 173 282
1 16 2
35 103
1 13 11
107 290 7 79 159 224 145 53 181 120 294
1 20 4
156 17 9 199
1 7 14
76 24 174 134 204 247 246 48 159 143 201 92 158 200
1 8 7
227 23 262 233 270 195 266
1 4 7
33 50 263 89 23 19 138
1 10 5
222 135 11 80 102
1 4 12
86 89 170 53 8 88 142 60 203 126 202 157
1 17 7
216 48 276 31 255 136 229
1 15 11
148 37 100 288 80 71 118 211 291 233 69
1 12 13
160 140 119 258 183 199 33 287 21 267 191 117 213
1 4 3
150 272 273
1 2 7
278 268 207 237 164 298 100
1 19 2
147 243
1 4 4
37 223 293 266
1 13 11
96 232 35 228 144 247 242 253 177 149 229
1 4 13
166 168 57 256 160 129 254 178 73 238 14 184 146
1 20 2
236 183
1 18 3
18 293 76
1 13 4
108 137 29 200
1 4 8
241 216 284 22 215 48 267 202
1 7 9
190 255 276 37 150 245 71 146 72
1 8 10
17 283 251 110 30 156 229 7 43 136
1 20 12
212 234 93 122 168 104 296 95 270 235 225 183
1 17 14
123 37 118 294 286 115 101 3 177 196 144 299 167 81
1 11 13
130 205 47 241 233 153 61 28 134 35 226 285 13
1 18 3
109 48 272
1 4 2
206 210
1 7 5
167 174 51 262 143
1 8 6
65 165 87 233 137 167
1 3 4
115 17 82 61
1 1 2
260 115
1 8 15
269 288 128 295 254 182 99 9 150 30 240 70 45 218 272
1 3 2
237 67
1 20 9
32 180 221 233 69 150 223 144 230
1 10 10
69 135 293 48 111 26 198 109 95 235
1 2 3
100 108 262
1 3 11
108 112 259 171 209 172 80 245 102 1 236
1 4 14
244 182 53 11 137 5 26 56 187 243 175 64 18 194
1 2 13
0 215 291 195 164 106 139 2 104 249 165 129 49
1 5 9
119 239 130 222 8 37 151 49 87
1 11 3
280 119 186
1 10 14
178 98 108 146 148 218 255 259 113 112 57 120 160 116
1 2 9
151 220 5 52 51 86 227 83 126
1 11 4
256 105 138 153
1 3 14
185 243 4 50 114 145 275 259 146 1 20 74 25 226
1 13 14
194 117 13 120 118 58 62 190 272 253 66 9 260 19
1 9 2
139 125
1 15 5
250 266 155 29 190
1 12 5
93 211 111 191 259
1 11 14
286 43 127 217 242 9 117 190 240 237 142 166 26 159
1 20 3
84 274 26
1 19 6
228 129 136 165 240 212
1 7 6
152 199 40 121 203 132
1 18 12
176 229 170 188 79 162 156 295 110 163 10 180
1 19 15
277 156 31 91 46 161 97 135 56 149 124 294 282 92 271
1 10 8
187 230 96 1 92 75 186 26
1 8 14
274 102 88 251 168 299 166 222 246 270 47 180 116 71
1 6 5
273 100 186 254 66
1 15 10
291 215 217 195 235 75 100 157 184 118
1 1 11
54 147 269 185 170 291 279 62 100 207 82
1 7 3
287 158 116
1 20 15
253 227 38 245 56 7 169 286 102 232 266 271 154 43 181
1 13 11
172 247 107 25 138 286 141 147 149 78 263
1 16 4
107 184 33 166
1 11 3
10 228 169
1 3 4
116 280 124 164
1 15 14
228 259 95 242 289 107 218 101 220 19 76 268 8 167
1 11 4
245 70 164 276
1 6 11
216 192 245 225 290 268 26 241 214 128 101
1 10 15
237 213 204 181 156 176 76 241 264 82 196 198 229 273 272
1 1 11
267 113 197 101 158 18 3 132 288 251 92
1 7 4
228 65 219 240
1 12 11
195 187 93 1 196 98 128 144 8 269 142
1 16 13
76 183 185 115 84 280 162 75 247 26 215 278 252
1 1 13
290 263 118 5 81 292 122 222 203 271 131 119 255
1 8 10
14 35 19 58 203 20 1 130 290 145
1 13 4
104 210 82 164
1 8 13
265 123 46 3 90 158 44 153 246 201 193 168 198
1 3 4
269 220 209 249
1 12 5
269 246 39 257 156
1 17 7
103 132 183 256 139 114 154
1 7 2
34 261
1 6 8
274 175 277 82 173 238 150 127
1 20 5
187 252 288 60 90
1 12 5
269 282 194 148 227
1 11 4
4 186 239 275
1 4 2
37 220
1 15 2
253 236
1 9 7
261 34 223 264 263 159 86
1 6 6
293 227 250 233 89 258
1 3 14
152 52 169 72 170 148 246 201 57 296 59 126 263 227
1 15 8
240 262 127 221 197 95 260 6
1 18 10
33 0 127 131 271 47 296 13 116 253
1 7 14
242 178 196 46 80 279 74 6 166 119 207 60 184 63
1 5 14
288 295 53 202 174 268 167 298 2 87 72 123 258 25
1 17 13
115 105 134 287 53 97 125 111 233 188 281 16 58
1 15 3
240 83 243
1 5 11
182 21 204 297 19 244 102 67 89 75 124
1 14 10
260 104 249 230 25 176 253 14 90 31
1 18 5
179 35 37 192 163
1 16 7
155 29 70 119 254 201 261
1 6 11
66 73 142 33 78 107 243 226 65 5 53
1 17 5
108 247 231 8 32
1 6 4
294 97 40 173
1 3 11
283 225 38 229 97 79 164 179 233 239 173
1 14 4
85 221 224 206
1 19 5
162 193 148 63 244
1 12 8
272 241 54 38 181 78 195 226
1 2 4
280 233 152 134
1 14 6
142 127 38 75 9 138
1 17 3
245 154 238
1 12 3
207 103 213
1 8 2
218 68
1 3 11
117 111 17 252 29 34 26 22 216 84 202
1 12 6
236 114 159 198 218 231
1 5 13
40 111 211 233 68 255 239 24 42 156 195 58 120
1 16 15
2 84 47 133 175 281 196 143 244 49 232 295 210 75 54
1 12 7
281 298 266 151 203 129 116
1 2 15
163 115 221 286 180 178 111 215 71 175 84 102 268 195 55
1 8 10
150 56 54 34 26 53 286 20 131 32
1 12 2
96 115
1 10 5
33 246 205 150 94
1 13 11
134 274 256 78 237 293 205 175 225 81 265
1 8 2
255 34
1 5 13
251 281 101 153 20 34 248 225 122 108 119 57 81
1 4 8
189 192 176 117 208 134 260 53
1 6 8
292 9 133 237 281 215 131 147
1 10 14
136 251 145 104 199 286 217 287 78 46 190 181 206 37
1 4 2
282 155
1 9 5
148 3 254 44 224
1 11 10
206 37 273 183 238 147 150 32 75 86
1 5 10
201 213 247 133 107 224 180 126 51 190
1 3 9
194 245 77 289 179 261 13 189 122
1 15 8
159 58 258 185 241 14 223 233
1 10 11
205 174 78 25 238 191 84 119 254 116 95
1 16 13
192 26 263 78 74 150 9 254 134 32 186 79 10
1 13 15
268 173 119 252 31 77 256 231 15 69 118 2 234 5 42
1 20 12
155 103 221 59 81 79 11 76 224 94 181 170
1 20 10
106 226 41 137 124 40 251 9 144 289
1 11 14
49 155 147 246 111 207 95 129 159 100 97 153 183 294
1 17 4
14 88 258 269
1 19 14
23 29 26 179 258 290 161 151 293 57 77 254 180 79
1 17 7
16 188 171 233 209 144 223
1 15 10
291 36 209 148 197 158 26 242 102 105
1 7 15
130 269 198 49 105 222 124 234 46 79 6 34 111 236 35
1 20 6
270 126 154 280 34 180
1 6 10
293 271 209 12 290 22 92 45 265 269
1 11 5
115 30 107 147 224
1 7 11
0 207 262 31 65 253 113 167 124 261 265
1 9 7
70 126 223 56 47 118 293
1 15 2
141 227
1 5 12
60 227 262 270 6 96 15 257 107 188 230 74
1 19 4
297 31 86 184
1 14 2
115 60
1 10 13
138 41 75 248 17 77 49 265 34 241 190 15 98
1 8 9
43 132 153 258 186 14 266 187 5
1 10 13
110 87 80 159 188 123 94 109 82 246 200 1 155
1 14 9
246 149 37 157 188 216 287 61 186
1 10 4
215 283 1 298
1 3 7
194 88 85 285 140 207 236
1 10 6
221 261 145 80 130 32
1 6 9
219 38 153 194 297 285 249 220 158
1 11 15
260 293 239 217 283 248 29 220 53 151 36 127 8 189 287
1 19 15
270 212 74 207 267 294 221 96 147 287 134 162 235 9 179
1 12 8
30 57 223 215 159 283 27 71
1 1 4
54 296 171 50
1 8 10
168 256 74 202 221 269 137 58 205 234
1 8 5
245 71 37 29 261
1 3 2
256 263
1 5 8
138 160 223 36 13 230 51 292
1 8 12
291 212 246 272 286 142 11 79 283 5 137 199
1 12 6
239 222 171 246 182 213
1 10 12
53 181 243 208 239 154 142 289 119 83 177 121
1 5 9
189 174 200 158 116 292 78 283 141
1 6 9
166 13 43 195 219 200 274 192 12
1 2 9
133 92 188 240 77 163 65 247 86
1 7 14
43 222 66 69 169 85 143 63 83 105 10 65 258 99
1 3 13
292 98 257 280 295 297 156 54 196 299 248 57 124
1 8 7
266 135 222 235 35 33 6
1 7 4
145 294 52 127
1 16 14
209 85 233 84 151 236 294 41 149 34 49 136 97 189
1 9 5
7 59 276 277 18
1 5 8
151 117 255 166 207 77 266 290
1 15 3
11 64 196
1 20 4
8 239 263 208
1 20 2
219 56
1 9 15
278 162 90 65 236 242 107 210 66 85 257 24 259 147 47
1 1 11
19 3 63 263 189 26 89 228 292 10 147
1 6 10
218 1 230 280 256 139 212 137 219 247
1 11 9
228 73 102 76 195 263 274 116 199
1 14 11
295 144 235 215 263 33 121 277 257 244 223
1 1 6
183 185 22 175 0 186
1 13 7
250 142 83 102 57 50 148
1 4 2
70 131
1 19 12
100 191 71 238 49 245 143 247 86 50 170 261
1 17 4
71 195 244 271
1 7 10
77 246 242 28 92 152 236 81 87 102
1 9 3
199 228 237
1 20 5
194 243 272 232 52
1 7 8
106 147 165 186 89 158 181 114
1 14 4
216 284 227 194
1 1 6
269 240 52 200 197 243
1 10 7
296 103 242 278 35 148 275
1 18 13
171 238 289 106 19 147 130 239 39 32 231 138 288
1 16 4
165 178 226 245
1 16 2
215 103
1 11 11
148 165 235 39 245 211 36 167 31 117 108
1 17 10
188 223 130 161 265 98 118 72 129 244
1 17 7
92 81 162 33 181 109 122
1 1 6
293 80 168 242 120 13
1 10 7
214 23 22 282 180 274 64
1 3 11
21 157 14 133 213 232 256 222 247 88 55
1 3 3
265 86 217
1 5 2
210 81
1 3 8
149 168 130 22 181 55 293 186
1 11 15
98 206 177 192 86 212 196 80 84 125 73 0 182 299 34
1 11 6
173 237 161 27 150 204
1 7 10
187 175 263 226 245 68 114 222 242 171
1 12 10
46 101 133 29 184 173 2 76 179 292
1 2 4
166 286 65 151
1 17 8
164 22 227 177 39 0 83 191
1 1 11
171 163 183 10 268 182 181 187 192 175 41
1 12 6
222 61 26 284 108 30
1 11 6
134 111 29 274 272 6
1 19 12
111 228 150 167 196 155 285 182 188 299 86 93
1 2 9
179 86 74 48 24 168 37 85 88
1 18 14
175 261 85 251 179 227 121 293 14 43 46 19 180 71
1 1 5
278 286 195 2 124
1 19 7
150 172 191 63 81 109 20
1 5 8
70 145 136 258 7 9 203 4
1 19 6
81 155 242 227 275 261
1 19 5
35 197 62 112 263
1 7 8
289 189 299 100 172 276 42 193
1 7 5
266 209 32 230 31
1 12 14
105 270 266 283 27 6 293 291 156 172 211 60 217 74
1 13 14
115 162 287 101 20 123 259 222 191 2 223 182 61 99
1 3 11
185 47 248 155 88 196 122 28 33 53 19
1 17 2
146 289
1 9 2
211 81
1 13 11
231 90 189 166 159 242 227 15 54 14 77
1 16 2
199 166
1 5 6
286 172 254 128 194 246
1 13 14
288 3 51 125 196 207 83 158 9 239 185 5 10 197
1 9 12
207 143 170 114 284 83 173 94 196 246 184 71
1 6 2
164 224
1 14 15
186 285 200 61 214 168 188 256 267 123 156 286 89 276 290
1 1 8
110 109 239 67 6 93 183 64
1 6 11
274 92 79 48 42 51 212 259 181 67 209
1 20 8
190 176 295 122 28 126 148 112
1 14 13
188 56 141 29 283 129 204 258 92 17 98 49 158
1 13 9
135 57 279 46 228 21 157 14 95
1 20 7
97 73 118 150 77 162 39
1 3 4
220 64 83 90
1 1 15
4 191 77 246 265 134 199 94 250 245 156 10 184 16 83
1 12 10
166 176 64 75 139 56 298 261 284 144
1 16 7
237 63 128 294 31 116 95
1 10 3
3 99 132
1 8 12
258 94 2 235 98 191 125 56 275 264 278 31
1 9 12
133 152 123 253 83 18 194 191 146 237 174 223
1 1 13
130 94 219 168 53 127 246 16 48 71 139 199 180
1 8 2
173 10
1 15 15
97 67 287 230 282 13 265 257 159 145 44 212 115 206 180
1 13 4
59 67 222 41
1 10 3
166 273 216
1 20 3
48 164 35
1 10 8
73 278 205 217 203 255 127 187
1 9 7
22 90 252 41 57 231 293
1 13 10
102 46 272 128 98 97 214 148 67 267
1 8 15
282 62 141 139 223 295 215 34 129 288 284 73 177 127 157
1 13 12
254 221 1 143 285 193 268 77 35 190 291 38
1 14 8
55 118 291 127 193 268 258 142
1 15 8
255 79 8 268 184 262 278 296
1 12 12
280 91 290 230 171 27 252 123 96 250 17 2
1 15 14
294 213 65 104 280 287 227 225 139 221 112 96 58 8
1 4 3
96 15 148
1 9 14
265 254 117 249 201 273 204 171 162 30 27 77 194 259
1 10 3
164 90 52
1 11 14
268 243 214 254 140 297 154 152 48 281 158 219 211 212
1 5 7
266 36 209 161 131 215 279
1 7 15
38 279 122 250 80 294 128 57 287 8 21 70 171 199 125
1 8 7
267 275 9 48 212 5 251
1 19 5
34 223 107 193 242
1 13 13
155 248 97 44 213 143 167 187 278 17 112 298 271
1 7 8
237 36 24 39 128 182 64 193
1 20 8
53 1 242 140 132 217 92 115
1 16 15
155 68 3 70 80 85 139 115 98 2 243 150 210 220 20
1 9 6
175 153 264 177 166 69
1 18 11
275 295 231 293 21 243 234 1 218 256 146
1 17 6
130 170 187 296 191 204
1 18 15
196 64 162 268 269 56 200 159 75 275 215 205 14 251 231
1 11 13
65 35 46 282 19 252 34 266 199 91 149 210 202
1 14 12
168 208 161 92 171 101 52 210 284 290 214 84
1 11 2
234 24
1 5 6
259 155 82 270 229 41
1 5 9
30 82 96 37 226 87 247 264 12
1 19 13
170 211 299 100 216 114 26 101 157 38 49 260 109
1 13 13
83 12 263 276 84 271 246 175 259 238 45 195 145
1 12 8
52 127 19 280 175 44 225 155
1 6 13
253 133 109 149 18 11 2 261 163 166 223 108 57
1 16 2
48 26
1 5 4
76 260 164 137
1 9 7
264 86 251 253 206 201 216
1 20 12
22 63 106 102 122 91 165 236 94 115 180 123
1 3 13
167 171 15 262 67 61 81 23 268 41 217 56 101
1 12 7
259 37 272 284 295 9 117
1 20 7
5 23 106 130 218 102 173
1 7 7
288 240 135 269 193 211 235
1 3 2
260 57
1 10 8
203 288 161 14 111 76 52 297
1 5 10
141 250 45 299 109 58 258 202 35 144
1 1 9
288 2 186 67 208 278 49 141 75
1 16 4
155 187 54 212
1 13 13
282 122 217 153 172 235 155 69 30 231 184 182 71
1 3 5
170 282 1 148 63
1 7 10
247 37 149 53 174 128 288 246 225 9
1 12 15
122 50 152 106 221 290 154 185 293 59 123 206 128 74 90
1 12 8
234 249 26 144 41 135 120 179
1 12 9
123 159 211 63 70 287 254 169 16
1 9 10
104 239 192 31 18 106 201 41 32 293
1 9 12
6 149 235 11 290 51 297 128 238 138 153 188
1 18 8
211 76 102 243 106 60 296 73
1 18 4
197 165 172 192
1 18 7
31 198 227 118 34 290 88
1 15 4
184 90 46 132
1 18 8
3 240 9 88 75 207 125 251
1 16 12
99 276 75 90 147 43 262 267 189 57 3 217
1 7 10
172 191 63 17 289 291 250 94 132 249
1 2 13
246 177 133 197 67 68 150 79 162 181 23 105 112
1 17 11
204 244 253 20 12 78 223 93 59 36 48
1 4 4
157 214 141 46
1 12 6
51 230 140 219 99 109
1 15 13
17 193 258 241 264 252 238 286 134 230 133 108 9
1 4 3
75 237 116
1 19 12
117 74 79 21 171 54 287 224 17 152 88 247
1 11 2
194 260
1 8 5
14 1 73 93 56
1 9 14
190 148 125 180 140 155 55 197 237 183 109 65 245 179
1 16 15
25 187 206 103 135 56 292 296 264 250 115 91 55 243 74
1 15 6
187 254 114 213 172 249
1 3 3
111 197 119
1 16 15
263 179 56 276 26 184 93 170 150 192 270 295 14 97 227
1 10 15
62 18 275 162 235 115 88 25 223 87 0 123 52 291 201
1 7 3
269 53 168
1 3 5
158 124 226 67 236
1 20 5
27 291 212 135 66
1 2 9
203 42 227 95 105 298 18 97 45
1 6 7
253 176 128 146 224 48 57
1 20 7
135 208 281 298 273 63 50
1 9 7
282 261 72 125 36 38 246
1 3 5
121 286 273 272 107
1 16 7
152 89 131 12 9 157 184
1 19 15
249 234 16 215 221 2 6 159 135 152 130 206 62 296 84
k 20
