300 900 465
11 18 28 37 23 34 11 13 28 22 17 22 25 39 18 40 22 31 14 20 26 40 34 29 29 36 30 40 35 18 38 40 34 25 27 38 40 25 37 33 23 21 24 11 18 38 36 12 21 36 36 23 40 35 37 30 20 30 31 18 27 28 36 27 39 32 39 18 14 14 19 38 19 37 11 23 25 24 17 11 39 19 37 37 26 25 32 27 22 23 35 17 28 24 16 23 23 22 26 15 27 21 31 40 18 18 20 18 20 34 31 20 11 36 17 40 12 34 25 40 27 24 22 38 19 40 11 22 37 37 30 37 23 37 35 39 17 19 33 39 12 33 34 40 16 31 35 30 15 27 39 15 12 14 34 16 35 39 28 12 20 39 33 12 40 16 30 12 35 23 36 14 37 34 13 33 16 19 29 14 38 33 31 40 23 28 38 21 37 16 14 17 30 22 36 39 16 13 14 24 25 22 26 29 22 12 31 34 28 29 39 37 38 23 30 26 23 18 38 26 27 30 15 25 11 12 25 31 37 12 36 12 11 37 27 11 38 31 35 11 24 28 38 13 26 22 11 14 27 29 31 40 28 32 32 34 16 40 20 30 39 39 27 14 12 26 11 31 21 17 13 37 21 23 13 14 26 23 14 40 29 33 16 14 12 35 34 32 21 21 27 33 23 35 18 27 19 20 23 32
1 8 18 27 13 24 1 3 18 12 7 12 15 29 8 30 12 21 4 10 16 30 24 19 19 26 20 30 25 8 28 30 24 15 17 28 30 15 27 23 13 11 14 1 8 28 26 2 11 26 26 13 30 25 27 20 10 20 21 8 17 18 26 17 29 22 29 8 4 4 9 28 9 27 1 13 15 14 7 1 29 9 27 27 16 15 22 17 12 13 25 7 18 14 6 13 13 12 16 5 17 11 21 30 8 8 10 8 10 24 21 10 1 26 7 30 2 24 15 30 17 14 12 28 9 30 1 12 27 27 20 27 13 27 25 29 7 9 23 29 2 23 24 30 6 21 25 20 5 17 29 5 2 4 24 6 25 29 18 2 10 29 23 2 30 6 20 2 25 13 26 4 27 24 3 23 6 9 19 4 28 23 21 30 13 18 28 11 27 6 4 7 20 12 26 29 6 3 4 14 15 12 16 19 12 2 21 24 18 19 29 27 28 13 20 16 13 8 28 16 17 20 5 15 1 2 15 21 27 2 26 2 1 27 17 1 28 21 25 1 14 18 28 3 16 12 1 4 17 19 21 30 18 22 22 24 6 30 10 20 29 29 17 4 2 16 1 21 11 7 3 27 11 13 3 4 16 13 4 30 19 23 6 4 2 25 24 22 11 11 17 23 13 25 8 17 9 10 13 22
1 19 3
84 235 92
1 8 11
225 246 130 280 169 119 220 233 140 23 78
1 20 13
275 6 45 67 292 187 153 241 110 182 155 238 108
1 14 8
122 215 54 71 94 130 295 3
1 18 9
128 262 21 249 203 99 101 167 53
1 6 5
116 18 200 239 216
1 15 4
206 243 282 95
1 17 9
22 99 246 288 158 244 251 9 28
1 11 9
169 235 242 7 147 287 298 46 197
1 14 6
40 91 85 235 30 81
1 16 9
23 43 85 180 200 191 282 160 71
1 11 4
199 39 278 31
1 12 8
98 133 95 234 58 198 220 298
1 14 2
82 119
1 18 15
212 283 123 262 239 226 223 289 3 97 64 146 121 164 209
1 5 7
224 32 7 218 186 57 165
1 14 3
247 151 3
1 6 4
209 229 192 67
1 11 8
159 83 246 210 187 126 176 41
1 6 3
70 291 104
1 14 9
3 1 199 48 147 26 258 61 137
1 17 6
21 291 10 63 64 221
1 12 15
212 121 97 2 118 233 32 203 170 15 18 165 16 209 208
1 19 10
21 139 54 58 159 257 68 170 156 51
1 14 6
175 242 289 101 181 99
1 18 11
161 26 123 99 184 206 64 139 85 253 176
1 14 13
188 208 129 224 163 63 151 105 64 35 108 43 37
1 15 12
291 75 270 177 58 47 221 188 273 79 14 250
1 19 7
87 248 271 138 166 211 122
1 16 8
66 19 279 15 243 5 195 94
1 16 9
214 172 158 44 126 175 194 215 225
1 17 11
256 270 246 71 80 73 0 118 86 135 191
1 6 6
99 24 121 56 261 6
1 7 13
294 46 0 166 154 296 256 206 97 38 89 260 250
1 8 12
72 251 110 245 148 258 133 130 103 283 264 20
1 18 11
35 296 274 162 207 114 219 117 38 54 148
1 16 9
143 292 100 272 229 280 219 261 35
1 13 11
26 73 50 17 13 157 122 35 232 108 54
1 15 4
109 92 6 82
1 9 5
39 296 66 298 68
1 10 6
239 288 142 182 277 144
1 13 12
219 76 44 37 216 8 46 2 126 1 225 161
1 15 9
34 9 231 88 1 155 114 171 74
1 5 5
285 169 1 63 14
1 2 9
67 114 130 2 66 19 115 27 223
1 13 15
90 82 273 97 147 213 118 10 249 274 99 173 152 77 100
1 13 6
178 191 232 257 95 273
1 17 9
193 157 82 87 34 135 16 98 272
1 20 8
219 224 92 87 33 3 193 184
1 11 6
109 66 197 299 75 137
1 7 11
210 173 182 228 278 258 119 90 38 287 14
1 13 4
85 60 158 193
1 2 6
167 32 114 60 283 240
1 1 5
243 203 112 77 108
1 8 15
123 127 165 192 253 167 148 254 39 114 101 21 113 36 86
1 4 13
23 151 267 135 111 63 127 286 197 69 250 74 134
1 12 11
106 212 20 179 147 278 10 193 122 177 43
1 19 5
164 166 55 6 217
1 17 13
229 73 295 202 296 9 291 140 166 170 50 210 126
1 19 11
82 249 67 120 259 50 226 186 41 42 243
1 8 9
50 39 108 162 216 58 111 183 60
1 17 4
126 34 206 258
1 14 13
158 119 2 159 231 85 295 6 258 137 244 176 232
1 18 4
294 10 64 183
1 19 11
265 48 200 67 64 235 250 66 124 82 273
1 8 7
198 257 161 189 42 11 95
1 8 4
21 137 266 75
1 20 13
172 195 50 161 217 211 68 177 242 105 93 83 250
1 9 11
175 157 54 274 21 3 106 293 208 74 147
1 16 10
169 293 146 24 73 199 295 157 277 121
1 11 3
295 178 101
1 11 13
138 91 111 269 178 297 83 94 270 87 17 43 37
1 18 7
237 5 108 3 40 14 247
1 10 8
30 102 244 154 27 39 259 162
1 11 9
171 33 28 273 277 56 9 274 39
1 2 11
174 246 108 261 100 131 236 10 38 90 19
1 11 14
22 161 234 242 91 120 294 113 85 110 218 95 150 117
1 5 4
267 101 162 136
1 1 6
159 151 178 213 81 13
1 3 4
253 63 102 135
1 16 12
28 78 88 42 117 85 152 193 54 291 116 253
1 17 2
202 74
1 12 12
26 259 290 167 57 136 48 257 108 53 3 233
1 10 3
120 100 51
1 8 5
38 114 61 266 108
1 8 13
262 147 266 0 81 206 76 146 141 160 237 136 177
1 10 15
167 164 206 194 142 267 229 82 273 36 158 162 298 153 33
1 1 2
225 217
1 15 12
262 180 70 142 286 132 141 239 117 176 106 202
1 17 6
4 216 257 91 140 145
1 19 4
49 245 89 22
1 10 14
260 103 63 157 224 245 46 1 20 258 230 215 125 34
1 6 3
110 86 190
1 4 6
148 57 92 202 235 49
1 15 15
157 129 215 230 193 225 109 120 229 270 92 94 262 149 15
1 6 14
285 12 84 169 18 129 133 295 67 17 251 221 248 108
1 8 5
7 23 163 126 16
1 11 12
252 204 41 142 197 248 188 224 199 123 267 170
1 6 13
258 224 176 195 272 6 55 287 24 251 74 173 34
1 5 7
197 165 279 119 230 224 174
1 8 6
64 207 170 281 239 43
1 2 13
110 80 225 263 161 73 96 98 19 195 275 138 100
1 8 2
70 104
1 1 4
72 55 22 268
1 20 11
196 130 142 273 56 268 30 272 207 263 120
1 4 7
160 139 79 56 250 5 129
1 2 7
292 106 103 8 70 13 200
1 13 2
25 62
1 17 5
292 247 181 53 96
1 1 11
156 44 10 56 100 42 145 29 59 103 280
1 16 4
144 138 151 286
1 16 7
25 22 201 222 93 252 53
1 7 7
80 142 84 234 272 108 246
1 15 9
33 211 16 13 166 114 78 88 131
1 20 5
94 247 25 186 227
1 18 13
64 63 216 131 95 53 62 297 18 195 237 200 283
1 4 10
172 206 226 293 202 159 273 250 278 201
1 12 14
9 285 298 77 186 103 120 124 227 4 90 7 101 16
1 4 2
44 21
1 15 12
254 124 221 61 31 286 55 110 216 27 84 173
1 15 2
148 274
1 19 3
10 169 167
1 15 6
7 203 45 4 77 271
1 12 8
69 95 59 240 3 4 153 299
1 20 11
284 262 99 246 27 67 189 287 283 110 139
1 16 9
119 59 19 247 277 195 66 220 18
1 9 6
111 225 252 88 243 116
1 6 11
161 255 193 70 179 269 237 265 224 197 157
1 8 12
21 280 224 163 125 271 145 165 155 250 49 105
1 4 11
25 163 195 205 233 37 103 268 258 149 278
1 6 2
154 219
1 19 12
245 248 91 287 235 29 80 290 285 100 207 59
1 4 8
108 151 224 70 199 42 213 214
1 6 11
37 175 110 192 179 208 10 244 228 270 91
1 8 11
16 121 243 108 56 144 295 155 9 123 179
1 11 14
20 121 106 56 131 216 125 237 36 207 264 259 145 9
1 7 7
33 286 161 178 253 230 74
1 11 6
204 67 264 46 95 223
1 6 2
273 32
1 5 6
274 127 263 255 235 100
1 10 8
29 221 210 96 180 92 281 201
1 11 3
36 106 255
1 1 2
152 129
1 13 8
182 296 82 247 176 297 229 111
1 12 7
118 286 258 122 162 90 285
1 18 9
211 291 154 18 216 118 242 202 82
1 13 15
260 241 182 280 285 17 214 38 276 34 268 158 142 20 147
1 16 12
71 100 212 208 39 237 251 98 281 162 186 61
1 19 6
244 217 176 66 245 236
1 2 5
49 128 136 282 290
1 11 7
172 149 266 183 186 77 199
1 11 13
5 148 163 58 90 63 154 12 188 202 286 55 139
1 13 6
181 131 78 21 44 137
1 15 13
64 196 24 32 137 126 127 144 104 23 92 273 266
1 18 6
74 104 68 267 222 202
1 8 7
256 31 293 53 218 294 116
1 4 4
217 129 290 116
1 4 9
199 82 52 267 125 223 126 120 56
1 16 7
62 39 211 20 236 9 157
1 17 11
276 210 22 256 63 277 73 182 168 233 194
1 1 14
291 239 66 294 89 177 240 40 97 293 214 73 11 115
1 20 7
94 52 59 146 142 286 54
1 10 8
199 175 240 84 150 71 157 148
1 1 9
45 110 193 21 288 6 154 90 24
1 11 6
107 176 48 214 78 198
1 2 6
265 296 156 222 95 258
1 8 13
112 74 239 82 270 214 134 226 168 160 94 97 282
1 9 13
81 268 169 103 8 270 59 55 221 209 99 82 4
1 18 9
38 284 207 90 239 203 241 37 42
1 6 12
74 222 23 204 202 237 249 169 260 282 194 28
1 12 11
127 278 283 225 196 238 135 247 77 148 65
1 17 15
152 205 53 5 98 194 223 47 89 73 13 147 66 23 261
1 18 14
199 38 114 280 53 281 229 233 58 147 103 89 177 131
1 13 4
285 207 246 217
1 14 2
92 178
1 3 3
144 162 140
1 2 7
106 121 284 162 200 288 289
1 18 6
101 141 6 36 122 60
1 19 2
270 250
1 1 3
194 77 224
1 18 13
192 196 288 170 235 50 189 160 227 102 171 24 129
1 4 13
241 194 123 258 297 219 20 13 230 174 47 246 289
1 15 2
194 195
1 20 4
186 206 256 28
1 20 9
282 102 77 101 18 205 115 45 268
1 4 15
12 194 123 17 5 50 98 11 164 153 0 213 25 240 281
1 10 15
65 286 152 3 10 17 143 295 162 240 141 187 86 144 134
1 18 15
264 33 187 177 235 40 195 192 165 206 265 286 76 95 251
1 3 10
42 192 79 270 147 112 28 70 144 230
1 16 2
57 119
1 5 8
209 140 283 93 115 234 148 218
1 6 12
116 166 143 48 91 39 38 193 58 265 223 232
1 20 13
278 190 246 216 253 75 0 67 237 51 38 156 119
1 7 11
150 260 237 245 105 200 219 289 29 222 61
1 19 5
202 69 189 281 114
1 3 11
194 249 245 268 167 39 225 184 99 57 238
1 18 13
239 135 203 199 187 61 103 212 154 126 54 248 109
1 14 8
152 91 96 49 225 213 188 269
1 9 3
261 101 61
1 17 7
101 111 267 180 116 77 113
1 5 5
259 32 13 28 267
1 19 9
243 40 235 11 30 156 25 104 191
1 14 2
231 223
1 20 7
64 36 174 183 162 199 203
1 1 14
233 34 292 88 17 141 56 271 283 239 232 87 202 62
1 3 7
110 4 18 155 263 10 66
1 7 10
103 12 208 65 149 34 24 81 174 69
1 6 2
236 269
1 15 8
279 252 263 206 121 112 241 282
1 16 5
160 47 215 97 255
1 9 7
185 258 116 299 39 198 296
1 17 9
262 135 246 3 215 198 35 113 267
1 15 6
235 233 245 4 263 9
1 7 11
132 67 131 61 193 88 42 32 105 130 18
1 2 2
83 58
1 14 10
159 252 15 89 58 177 234 281 134 55
1 8 9
54 0 118 77 188 73 3 32 17
1 6 5
105 173 241 220 285
1 11 13
107 215 3 123 264 223 164 233 192 13 178 236 73
1 12 3
51 223 149
1 4 6
158 207 169 71 0 21
1 1 11
110 265 200 289 79 294 296 228 71 193 50
1 14 2
93 177
1 20 5
159 16 253 105 35
1 5 8
61 247 42 234 181 280 285 48
1 18 12
161 6 297 253 87 24 28 137 188 99 210 295
1 6 11
6 286 154 262 289 241 52 140 297 276 212
1 16 7
17 281 239 141 155 133 124
1 10 2
282 260
1 14 6
52 206 148 153 278 115
1 5 12
176 159 60 150 163 184 219 243 160 46 140 299
1 11 2
142 173
1 6 14
77 173 149 80 87 286 224 246 69 82 120 46 72 268
1 12 7
218 191 108 24 39 11 38
1 7 15
23 238 245 166 274 20 225 106 78 4 267 172 109 0 141
1 1 5
132 178 213 67 159
1 20 8
289 139 263 172 230 63 224 147
1 17 7
36 298 200 24 175 114 67
1 7 4
283 165 36 257
1 7 14
213 231 142 65 38 182 222 118 81 257 150 172 122 26
1 13 4
144 72 151 182
1 13 10
128 73 10 262 295 222 12 76 136 101
1 2 9
203 144 214 73 28 242 121 90 238
1 15 6
232 175 63 174 133 203
1 20 10
10 213 250 208 86 223 53 243 193 169
1 12 5
18 284 4 226 6
1 9 10
180 147 92 140 217 143 1 278 173 91
1 11 13
11 139 244 267 209 243 20 57 263 246 166 268 27
1 10 10
172 31 74 89 64 9 229 114 123 269
1 11 11
207 224 15 95 163 84 205 294 156 151 180
1 13 3
67 190 64
1 14 7
150 106 94 196 240 32 133
1 6 6
179 137 251 67 4 141
1 4 4
218 8 275 164
1 12 6
179 147 159 14 246 145
1 4 13
4 253 209 238 276 202 216 207 205 37 219 113 1
1 1 15
277 133 70 202 103 139 164 98 67 240 279 254 2 177 95
1 4 6
210 19 218 196 216 283
1 5 15
33 72 110 255 226 141 116 65 152 148 8 29 138 73 227
1 10 3
43 46 131
1 15 13
219 182 230 266 257 271 258 114 199 261 27 209 80
1 16 6
220 3 288 80 245 104
1 20 5
228 190 208 296 145
1 13 12
168 228 202 282 58 200 286 152 76 141 222 229
1 8 15
292 116 264 248 268 104 224 182 90 296 297 74 188 171 12
1 19 9
254 53 10 145 218 295 268 248 118
1 18 15
261 148 156 271 246 91 9 215 92 226 19 293 16 133 208
1 1 2
287 112
1 19 11
112 241 3 188 275 265 54 290 236 1 180
1 16 8
126 10 295 85 33 139 242 257
1 13 6
79 296 294 168 81 249
1 12 5
219 101 249 158 14
1 18 14
292 77 123 258 16 142 97 38 221 152 108 216 291 224
1 4 5
55 268 263 57 107
1 8 4
107 211 35 125
1 1 13
280 281 133 226 58 248 282 251 237 150 263 131 35
1 16 4
242 174 263 98
1 1 2
14 241
1 6 13
236 6 36 178 161 168 58 114 287 139 182 221 258
1 12 15
166 71 95 141 273 174 276 53 19 86 135 281 286 134 68
1 18 14
91 19 254 47 50 252 76 7 93 215 151 97 54 197
1 14 6
138 188 275 136 145 7
1 11 2
173 203
1 7 11
117 148 259 91 110 115 255 56 155 256 36
1 4 6
123 176 175 130 246 253
1 10 13
219 90 146 114 276 236 1 131 259 55 159 127 97
1 17 12
210 52 196 186 71 9 83 100 281 136 223 178
1 20 14
81 256 148 72 160 227 1 168 188 184 61 4 45 93
1 1 3
86 238 134
1 8 10
198 119 209 90 183 53 162 250 285 96
1 9 3
33 136 182
1 5 12
140 99 52 107 58 207 229 222 183 65 180 216
1 1 13
183 24 82 157 115 25 14 291 264 273 102 100 112
1 18 11
158 269 233 206 183 42 35 127 48 107 179
1 3 5
99 34 18 216 55
1 2 10
42 103 170 59 120 51 5 19 256 185
1 13 13
0 81 48 88 113 32 107 97 197 13 109 92 273
1 2 9
27 239 269 155 213 98 170 122 36
1 4 6
147 69 47 26 31 50
1 5 3
174 81 186
1 16 15
68 212 263 87 180 244 241 188 208 85 275 36 220 226 51
1 4 12
269 225 80 0 123 276 85 198 170 245 296 152
1 11 11
238 259 229 217 192 6 103 188 265 16 81
1 18 6
12 55 101 276 113 79
1 6 9
253 212 230 22 80 20 82 197 68
1 2 9
290 250 241 179 70 51 209 66 161
1 7 14
145 215 135 101 30 68 258 35 289 76 171 141 189 27
1 11 11
249 75 159 139 10 98 267 8 78 273 269
1 20 8
166 94 55 66 170 141 12 67
1 3 12
47 213 161 167 193 1 212 24 292 295 108 147
1 16 6
264 139 174 161 253 237
1 9 12
210 26 276 239 251 39 1 61 30 218 241 259
1 17 8
111 163 6 105 84 217 294 283
1 13 3
210 118 163
1 7 4
196 11 233 195
1 11 11
176 188 105 196 183 155 4 271 289 106 174
1 10 15
21 110 138 8 295 70 203 25 236 123 231 51 234 32 111
1 19 9
253 26 279 276 289 229 277 79 233
1 13 4
10 241 76 204
1 16 5
237 155 173 106 114
1 15 14
70 145 11 130 79 98 20 234 279 285 30 264 3 168
1 16 5
214 30 192 223 18
1 11 11
34 124 267 282 226 54 263 33 29 246 169
1 15 11
98 55 71 224 181 124 59 121 158 177 179
1 7 13
105 69 182 175 108 29 290 246 149 252 28 59 67
1 19 9
140 255 274 181 134 248 151 283 270
1 19 15
228 86 76 243 159 290 124 289 41 178 236 158 169 16 103
1 19 13
12 255 234 155 1 278 6 198 65 16 52 236 82
1 5 4
182 5 20 203
1 6 6
118 248 273 167 13 286
1 17 6
241 217 94 222 85 60
1 3 6
26 200 58 225 52 40
1 18 15
273 188 219 191 91 278 62 154 96 262 199 212 215 10 237
1 5 8
214 77 116 269 159 109 180 251
1 6 15
45 273 164 184 101 6 125 214 227 122 83 163 136 17 152
1 11 6
196 182 89 189 200 148
1 11 2
159 112
1 13 12
272 133 169 50 49 132 119 161 31 229 39 232
1 9 7
119 206 73 156 43 289 99
1 1 5
47 11 277 169 265
1 16 4
44 186 259 73
1 19 3
249 136 36
1 9 3
108 71 259
1 2 5
299 136 209 72 264
1 14 4
140 50 270 73
1 18 5
202 53 259 8 270
1 12 4
263 160 22 55
1 14 15
48 254 130 85 122 189 154 8 284 211 277 162 244 44 31
1 1 12
250 236 169 93 109 221 161 223 120 219 23 46
1 5 5
129 237 223 116 117
1 11 14
216 45 298 210 286 41 262 222 102 28 192 74 169 249
1 3 14
9 97 169 12 257 226 62 39 110 32 27 290 34 2
1 7 9
202 111 146 280 299 197 70 186 242
1 12 7
38 92 161 72 138 93 189
1 19 6
264 33 293 4 154 22
1 8 14
58 241 189 50 90 215 288 248 26 41 290 274 249 56
1 1 6
29 40 183 128 13 75
1 13 10
95 253 91 24 73 294 221 50 71 180
1 16 6
249 106 119 256 28 258
1 1 14
36 1 297 103 284 88 142 144 151 275 177 89 93 58
1 10 11
227 80 49 95 261 120 141 282 204 4 81
1 10 14
213 217 285 182 202 2 266 13 296 205 98 110 286 122
1 3 13
63 53 173 47 11 72 261 273 118 298 34 179 266
1 16 5
181 253 93 193 188
1 6 3
252 245 90
1 9 5
74 277 226 267 216
1 6 12
79 221 99 33 227 91 269 193 48 87 42 58
1 19 6
235 211 271 262 251 154
1 8 8
239 34 182 131 226 11 248 29
1 16 7
296 207 209 139 93 193 216
1 16 10
122 220 135 206 56 4 69 277 153 297
1 4 9
251 202 47 141 181 264 268 259 241
1 3 4
158 100 59 26
1 5 4
120 261 48 33
1 2 8
137 182 279 80 135 3 114 11
1 7 7
46 263 128 48 16 6 84
1 5 11
148 129 175 35 230 265 36 112 202 54 163
1 8 11
95 14 74 44 185 18 12 1 98 218 280
1 15 5
87 165 134 293 233
1 14 11
219 10 92 263 141 278 104 144 125 90 298
1 6 14
137 8 258 79 77 168 298 225 32 40 106 273 80 289
1 7 13
286 269 34 281 149 285 265 18 117 231 141 277 0
1 10 8
196 153 282 116 268 193 0 142
1 8 9
22 146 149 15 119 297 172 35 58
1 3 10
293 71 268 3 28 14 169 52 291 136
1 9 9
62 165 58 127 182 249 128 153 247
1 3 9
49 185 174 67 276 221 200 18 134
1 6 13
15 21 252 236 222 61 184 216 246 186 11 149 275
1 15 10
84 5 139 103 272 241 128 212 20 266
1 10 3
101 233 44
1 13 13
266 61 226 14 167 207 85 209 190 2 143 290 220
1 2 10
252 144 224 8 226 80 279 123 31 180
1 11 12
248 160 155 186 239 6 172 111 159 144 260 147
1 13 4
178 232 75 267
1 20 2
267 269
1 16 2
123 7
1 15 2
7 105
1 5 15
6 135 170 287 84 20 57 198 166 291 151 249 199 13 138
1 13 3
136 99 137
1 14 3
6 36 89
1 18 15
238 29 112 93 65 140 6 294 287 144 298 201 225 251 103
1 18 9
134 244 245 184 162 34 126 91 166
1 18 2
285 180
1 6 6
246 18 297 3 221 2
1 10 6
68 59 218 123 188 122
1 6 3
89 173 181
1 2 11
202 144 70 48 251 107 123 104 41 61 213
1 17 4
229 59 298 95
1 10 14
178 231 28 200 122 148 68 38 299 270 124 87 225 196
1 9 7
163 83 261 74 63 201 267
1 13 4
98 160 86 66
1 14 15
254 290 105 285 157 277 122 238 253 56 96 202 137 102 283
1 15 5
183 27 66 59 263
1 7 15
110 250 293 62 279 129 270 289 231 150 143 7 213 50 192
1 5 3
256 6 32
1 19 6
140 254 278 219 253 246
1 14 2
299 274
1 9 14
39 218 213 32 201 30 221 121 278 8 260 250 1 136
1 14 10
192 166 49 35 5 202 263 37 251 290
1 15 5
210 114 93 79 103
1 13 6
262 220 227 76 277 155
1 6 7
3 174 54 212 204 142 285
1 19 2
249 238
1 1 11
17 122 254 145 141 74 9 148 213 240 30
1 13 15
146 299 125 115 246 80 264 68 164 11 148 294 84 32 272
1 1 7
29 10 103 101 67 152 81
1 13 10
141 130 121 171 282 78 159 98 166 283
1 16 10
55 236 134 100 8 87 256 183 52 200
1 2 2
60 173
1 9 15
28 182 289 216 110 124 23 187 145 29 11 192 107 149 200
1 9 13
58 247 140 78 251 169 122 54 149 7 225 128 4
1 11 13
75 107 51 245 25 282 104 183 206 133 295 298 73
1 2 8
85 93 282 24 237 58 221 117
1 20 4
127 189 190 209
1 11 8
115 86 107 5 126 128 104 268
1 8 10
208 235 174 124 15 4 55 200 250 170
1 2 4
251 37 120 27
1 1 11
101 142 178 74 282 252 195 93 221 285 265
1 6 3
117 119 90
1 6 11
8 224 94 9 138 252 45 225 65 93 99
1 7 8
285 228 124 215 100 281 241 58
1 13 11
42 280 185 138 35 150 99 196 70 83 63
1 19 2
31 149
1 17 15
40 197 1 88 283 284 134 158 90 59 146 188 82 217 6
1 10 14
156 277 281 134 70 9 119 206 291 260 85 197 38 207
1 7 2
223 65
1 15 7
216 204 142 152 147 131 66
1 20 6
16 165 208 120 0 182
1 6 6
162 255 157 185 19 190
1 18 9
20 87 185 39 21 278 78 283 160
1 4 5
15 91 29 109 48
1 8 9
29 184 227 96 154 109 181 18 269
1 10 2
150 152
1 20 2
198 158
1 5 14
90 121 134 50 8 36 184 277 187 41 283 150 131 224
1 19 13
223 36 92 135 243 194 113 199 262 138 198 247 265
1 5 13
150 277 290 106 266 256 158 253 149 4 134 292 112
1 5 15
286 126 244 205 106 86 6 247 136 166 135 224 5 234 101
1 11 13
158 167 203 221 96 196 226 291 2 201 268 284 141
1 1 5
63 64 169 132 109
1 6 9
70 13 129 33 37 213 139 154 269
1 8 8
11 289 46 221 14 195 152 122
1 8 6
268 139 145 163 201 75
1 10 10
33 10 264 299 78 208 50 246 86 14
1 7 4
33 1 249 259
1 1 4
116 26 31 157
1 18 6
217 281 127 83 59 272
1 8 8
71 207 237 198 61 145 58 216
1 3 12
198 221 276 243 85 53 51 282 139 4 242 119
1 9 13
240 54 15 244 272 284 207 130 171 179 192 234 136
1 3 13
198 254 193 125 86 266 191 54 282 296 274 108 297
1 2 13
107 269 196 157 119 105 235 18 198 215 25 230 256
1 16 4
13 248 293 173
1 20 11
201 218 62 31 258 107 250 286 21 225 103
1 6 14
292 60 70 29 61 183 56 74 264 133 18 250 99 229
1 3 3
19 141 175
1 1 13
88 163 206 131 289 132 174 253 291 210 5 171 118
1 8 7
161 72 167 156 216 271 20
1 20 12
90 75 109 167 222 202 172 277 35 232 26 241
1 12 8
298 134 189 161 270 140 44 21
1 7 7
106 56 67 164 114 33 133
1 18 15
79 31 288 70 159 197 268 132 5 143 293 172 115 23 2
1 14 13
62 241 71 11 161 7 262 194 50 281 140 242 143
1 4 13
58 36 288 117 141 116 83 270 95 49 22 171 224
1 6 11
287 146 58 163 122 280 31 209 57 104 134
1 14 9
57 168 11 142 132 24 65 79 155
1 8 15
49 129 218 228 86 39 85 40 234 273 111 45 12 159 38
1 10 12
297 38 145 29 44 57 231 111 99 232 221 137
1 10 12
76 267 165 81 70 82 249 270 21 268 18 250
1 9 3
215 294 202
1 18 4
10 45 239 283
1 4 10
36 232 54 164 78 186 4 269 89 100
1 12 3
118 179 242
1 10 10
263 16 266 249 3 270 164 185 91 42
1 7 4
171 30 250 38
1 18 3
22 137 36
1 14 15
243 119 37 87 148 22 36 43 211 186 264 52 152 14 294
1 7 5
241 255 58 74 262
1 17 12
46 224 113 129 49 272 36 199 99 139 297 268
1 17 8
282 227 4 261 285 27 139 32
1 20 5
206 172 193 30 215
1 4 9
265 187 231 279 27 2 31 157 11
1 14 14
176 81 196 111 106 273 115 51 205 76 230 45 86 82
1 12 2
184 176
1 13 5
270 24 33 225 292
1 7 9
18 15 189 92 268 162 276 186 61
1 4 6
110 230 204 7 292 44
1 2 8
152 0 239 198 161 69 51 128
1 3 10
88 218 61 238 286 227 274 15 196 31
1 1 8
77 244 275 53 215 42 292 19
1 8 12
150 44 291 126 218 288 15 205 226 177 109 153
1 5 9
206 78 38 226 96 240 267 168 17
1 8 3
225 47 155
1 10 7
204 154 3 90 152 33 278
1 14 11
243 277 124 138 195 116 121 131 113 183 242
1 1 2
28 263
1 5 5
221 235 95 163 293
1 18 6
76 178 158 89 45 102
1 3 9
94 86 225 278 251 104 64 97 81
1 3 3
195 61 237
1 11 5
174 148 284 80 40
1 6 8
94 135 151 269 265 197 205 142
1 20 5
138 257 136 5 15
1 3 3
272 276 146
1 13 6
142 52 90 103 67 1
1 16 15
34 179 183 40 48 279 33 51 174 210 28 244 122 137 113
1 14 9
274 133 123 198 128 170 108 228 1
1 13 8
273 97 10 30 146 297 99 38
1 3 3
297 25 68
1 11 14
79 175 232 87 62 206 37 4 295 70 120 3 143 29
1 15 15
188 82 297 211 262 63 194 139 117 264 17 84 89 288 225
1 16 10
95 225 36 137 19 247 140 79 31 269
1 18 4
149 8 130 127
1 4 2
41 59
1 17 10
256 153 176 116 1 138 18 31 221 145
1 3 10
56 276 18 228 148 268 46 188 122 198
1 16 13
141 19 104 85 263 227 210 185 172 125 92 181 20
1 12 9
159 50 257 283 143 108 215 296 119
1 16 15
3 98 42 206 190 160 126 17 35 134 131 260 261 277 93
1 18 3
67 15 137
1 12 10
207 23 97 228 275 43 58 38 42 115
1 20 12
187 263 107 73 98 147 192 236 87 76 137 55
1 20 13
150 109 182 105 201 258 68 211 55 287 281 160 273
1 13 15
199 74 280 87 231 43 136 290 256 72 198 273 228 8 147
1 11 7
29 158 42 41 151 178 157
1 10 7
50 60 173 185 251 206 39
1 3 2
145 202
1 20 8
276 278 134 37 99 36 254 90
1 12 5
172 139 263 88 106
1 15 7
40 103 169 181 206 82 152
1 1 11
268 173 112 25 161 191 123 299 277 138 211
1 18 4
183 184 257 120
1 13 5
286 217 199 216 234
1 18 2
236 269
1 8 2
187 43
1 14 11
173 79 288 103 127 196 209 136 83 193 31
1 8 4
0 174 115 135
1 7 12
162 179 101 4 83 251 32 23 287 253 245 240
1 11 14
47 29 212 53 198 224 277 135 202 44 19 280 96 104
1 14 9
26 191 225 131 128 117 134 86 230
1 1 15
180 195 163 181 231 37 208 35 44 155 49 272 96 214 258
1 2 7
51 32 24 18 256 26 104
1 11 15
197 93 216 59 47 169 97 194 92 179 204 50 207 53 125
1 9 3
10 67 145
1 18 7
299 169 163 63 291 184 21
1 15 11
68 104 260 152 9 181 122 137 207 63 286
1 12 2
173 105
1 9 8
151 185 296 33 280 62 265 103
1 12 6
235 121 193 39 146 46
1 20 13
88 10 218 229 210 261 86 93 274 235 197 233 246
1 10 11
113 116 259 232 12 124 84 101 197 209 24
1 15 3
122 281 161
1 5 9
189 61 114 242 256 27 1 47 238
1 19 2
40 180
1 13 15
107 220 231 225 252 250 205 211 86 207 278 198 141 19 152
1 17 13
32 12 265 159 221 180 179 193 114 215 239 178 22
1 4 3
260 271 193
1 2 9
237 107 161 146 290 175 160 267 171
1 6 12
294 258 229 68 260 197 96 149 147 94 77 287
1 1 14
208 221 237 103 226 1 144 164 269 228 31 35 236 84
1 1 3
190 159 296
1 20 5
38 75 208 259 56
1 1 3
293 292 210
1 2 2
82 115
1 10 10
246 27 201 106 146 278 141 217 168 210
1 5 13
239 154 120 32 223 101 175 276 262 230 157 244 39
1 10 15
195 62 36 202 55 32 153 27 4 163 218 226 133 122 135
1 18 4
101 59 97 124
1 12 10
247 248 201 142 131 23 185 92 84 209
1 1 8
3 212 188 259 293 210 195 271
1 9 10
89 172 268 180 2 194 145 278 186 290
1 4 13
45 159 36 139 211 182 204 240 235 76 140 189 252
1 17 11
102 140 251 128 152 52 249 248 21 36 166
1 18 12
237 257 292 28 95 186 240 114 116 249 26 72
1 16 15
280 290 9 245 26 213 55 151 90 179 218 163 215 73 85
1 8 8
227 16 76 63 7 52 296 55
1 2 14
127 142 250 85 89 44 123 214 195 29 73 146 211 238
1 16 3
101 234 289
1 12 6
266 244 67 238 224 246
1 14 14
105 43 272 2 201 17 220 288 266 209 16 111 292 213
1 20 3
204 118 58
1 9 3
271 299 167
1 4 14
224 219 170 275 81 71 237 88 85 180 279 248 124 121
1 3 7
19 97 10 242 81 136 64
1 20 14
189 46 274 48 148 127 288 241 296 254 18 112 77 128
1 5 6
2 145 26 288 175 210
1 8 7
149 71 144 167 170 295 296
1 8 9
170 273 6 278 223 176 71 295 260
1 11 10
57 114 175 157 239 244 15 42 217 127
1 11 8
226 156 81 129 176 271 273 174
1 18 3
65 144 235
1 20 14
64 258 147 93 141 150 261 188 18 156 196 186 242 221
1 18 12
135 268 106 233 169 202 42 116 269 142 3 92
1 12 5
24 280 149 48 127
1 20 5
92 73 38 271 89
1 4 6
207 259 40 89 172 111
1 9 6
264 88 71 21 144 31
1 14 8
238 188 167 78 72 121 162 142
1 17 15
280 295 86 119 196 257 36 203 35 63 237 54 293 281 55
1 12 10
169 51 101 8 298 1 213 208 72 34
1 12 13
12 34 2 56 48 193 69 120 127 55 14 82 63
1 14 11
79 156 287 192 286 135 137 251 160 57 140
1 11 12
80 120 161 94 67 26 32 25 209 173 93 296
1 11 11
141 33 50 251 163 84 140 109 224 148 253
1 16 13
263 11 261 14 134 237 86 185 184 219 4 286 232
1 2 8
284 10 229 294 262 199 172 205
1 1 6
115 226 30 9 174 53
1 18 11
236 112 288 97 219 256 202 127 39 143 240
1 10 6
82 180 195 46 250 86
1 14 11
263 34 179 17 154 175 0 224 265 88 25
1 19 11
194 92 135 81 90 285 13 237 73 147 12
1 14 14
132 158 261 95 164 186 192 58 231 25 102 243 89 72
1 7 15
195 192 123 196 56 219 257 244 278 128 171 174 145 166 103
1 14 5
276 215 167 105 216
1 13 14
151 161 258 203 271 74 46 121 193 42 75 89 282 10
1 19 5
229 245 2 104 140
1 17 2
8 189
1 20 6
120 267 220 145 128 4
1 13 7
293 144 244 147 79 77 234
1 18 3
5 41 230
1 6 14
106 285 299 83 85 140 87 147 104 273 16 6 187 252
1 4 8
138 72 277 200 48 203 9 127
1 18 13
73 292 10 188 13 76 4 151 242 222 25 218 165
1 9 2
129 25
1 19 4
52 40 36 39
1 13 4
276 54 198 225
1 3 4
281 259 228 28
1 4 9
253 56 37 266 181 117 294 8 64
1 3 2
211 223
1 5 4
154 44 67 111
1 19 15
169 221 25 206 282 89 242 12 1 2 245 183 158 96 226
1 3 10
191 228 2 183 111 239 86 264 289 41
1 4 10
135 203 141 147 276 296 199 211 198 208
1 2 4
149 139 284 136
1 9 9
92 11 53 294 142 86 156 170 74
1 14 15
7 92 144 41 46 253 250 181 257 256 88 38 281 172 125
1 8 3
76 1 214
1 12 9
133 277 115 159 180 19 289 224 150
1 15 9
31 246 6 212 63 233 38 214 299
1 6 4
48 131 122 10
1 14 8
14 172 23 160 263 265 264 19
1 20 11
294 222 269 291 166 135 43 196 10 47 228
1 6 10
282 176 39 252 42 115 1 177 125 86
1 2 2
215 176
1 1 7
228 58 244 70 78 202 261
1 8 11
200 216 138 67 71 159 266 58 26 170 78
1 8 5
100 86 92 290 265
1 6 9
102 255 11 73 281 192 157 240 104
1 14 13
192 96 278 297 228 80 173 187 26 265 219 136 248
1 18 9
63 268 283 109 259 100 89 173 25
1 17 9
293 11 175 93 77 22 99 62 36
1 10 6
77 215 295 52 299 259
1 9 11
63 229 176 167 18 216 140 143 185 294 54
1 2 8
14 213 40 239 68 140 264 117
1 15 2
126 238
1 4 7
278 23 219 277 18 12 133
1 18 11
106 125 186 84 199 115 267 14 18 19 221
1 13 11
104 152 79 167 19 179 136 296 268 177 134
1 19 8
203 43 3 261 211 157 72 77
1 9 5
248 97 36 200 253
1 18 14
49 263 256 148 236 23 209 98 274 169 195 243 59 37
1 5 5
48 29 53 28 120
1 11 9
234 209 67 48 268 30 163 28 0
1 8 3
198 217 29
1 11 8
92 175 144 157 94 148 86 140
1 7 12
165 55 153 225 258 274 132 154 102 85 263 140
1 10 14
247 146 232 231 4 16 19 292 239 37 166 276 267 101
1 3 9
246 287 28 214 55 154 182 242 219
1 18 12
155 65 167 265 36 29 281 130 282 213 192 189
1 7 2
222 186
1 13 6
154 64 234 237 162 99
1 19 6
65 4 239 172 205 130
1 11 2
266 251
1 6 6
282 90 188 15 285 45
1 3 9
53 215 111 75 2 100 280 192 17
1 3 7
34 174 31 104 63 286 47
1 4 12
40 37 247 266 295 183 299 236 50 97 93 161
1 2 12
93 254 69 35 3 13 280 183 189 22 191 214
1 9 14
258 39 95 217 37 250 205 14 183 295 47 211 71 206
1 5 2
205 247
1 2 14
258 3 253 278 167 178 75 255 160 102 187 1 174 68
1 18 9
293 184 291 254 176 294 127 9 187
1 18 13
66 73 143 235 47 28 11 106 189 55 105 196 263
1 11 2
94 190
1 12 15
165 0 9 113 3 88 7 260 263 95 24 87 232 237 162
1 9 5
85 237 293 183 39
1 6 14
189 298 193 214 28 253 197 274 186 61 56 275 260 267
1 3 12
227 288 145 4 210 43 168 166 135 5 171 38
1 19 10
288 232 98 263 52 143 18 172 66 111
1 14 3
212 236 134
1 7 15
86 6 125 51 115 143 272 278 222 204 96 142 133 260 38
1 20 15
265 249 130 213 52 275 40 101 19 87 291 137 199 36 105
1 13 13
139 198 294 196 221 168 208 203 174 71 125 267 234
1 17 4
257 129 292 270
1 1 12
115 290 63 83 255 126 106 130 260 181 39 292
1 12 5
182 290 117 249 233
1 3 2
73 50
1 15 12
127 135 142 95 107 15 25 281 180 65 247 223
1 7 11
208 86 266 291 50 12 40 178 80 62 254
1 8 5
50 219 28 240 266
1 12 12
148 118 130 42 292 239 1 144 98 190 272 60
1 20 2
235 211
1 18 11
93 192 138 181 9 139 135 193 125 290 263
1 8 5
76 263 78 218 122
1 7 6
177 297 146 209 173 115
1 1 13
30 134 70 179 83 136 21 8 149 295 60 253 195
1 9 5
4 40 262 221 27
1 10 6
39 97 64 20 179 165
1 3 10
4 26 176 169 280 278 66 139 113 146
1 9 6
189 107 49 142 225 37
1 5 10
265 119 250 109 182 178 25 59 92 151
1 7 5
240 132 278 143 298
1 13 13
243 276 158 218 153 24 94 77 266 71 64 190 216
1 13 14
286 249 185 72 4 181 271 91 178 103 290 5 191 165
1 3 4
171 32 8 48
1 9 14
128 158 230 244 267 100 275 291 214 255 186 164 170 88
1 10 9
289 143 280 262 299 48 134 295 106
1 2 5
124 187 86 265 231
1 14 14
9 51 277 172 73 257 30 228 224 63 206 85 269 152
1 17 10
253 0 36 229 109 130 215 273 258 250
1 7 15
97 255 266 295 228 164 258 55 191 76 49 31 233 259 281
1 15 15
266 213 230 29 39 158 278 134 108 190 186 182 221 238 203
1 12 6
174 90 107 119 267 248
1 3 15
215 76 151 158 113 144 120 260 291 101 233 11 133 280 65
1 3 14
24 272 71 196 267 119 26 209 154 177 46 205 3 96
1 1 9
184 16 169 31 152 293 276 273 150
1 10 5
109 250 262 183 58
1 17 14
218 220 48 164 28 263 94 15 230 90 206 213 47 232
1 12 15
87 86 153 253 112 172 214 132 291 164 244 235 101 259 221
1 18 11
239 176 154 103 74 182 56 101 220 225 51
1 4 9
216 285 48 278 107 28 286 220 281
1 3 3
299 96 260
1 18 5
103 201 11 68 88
1 12 4
109 190 287 170
1 10 5
139 198 111 44 184
1 1 11
240 125 121 159 49 281 1 270 207 70 3
1 6 10
15 112 104 160 251 170 285 11 119 65
1 15 3
238 7 281
1 5 8
255 4 276 198 128 123 30 159
1 16 3
283 221 104
1 1 2
288 11
1 2 10
120 94 9 25 260 253 180 85 196 220
1 8 4
224 267 126 100
1 17 5
118 226 61 218 144
1 13 14
26 102 52 97 283 40 20 288 193 125 297 211 74 243
1 9 9
165 32 217 76 106 160 233 143 221
1 16 4
181 250 214 227
1 3 10
134 7 10 71 90 239 210 265 86 109
1 12 10
189 30 73 228 2 125 85 14 134 205
1 4 7
150 22 224 123 226 295 151
1 13 6
196 33 30 160 146 42
1 7 14
156 41 168 106 60 44 39 265 132 228 159 3 127 69
1 11 11
79 220 163 129 20 117 288 203 266 247 54
1 10 3
217 195 89
1 3 4
141 299 129 35
1 12 6
250 22 221 105 209 241
1 9 8
94 144 113 291 50 167 53 197
1 7 7
106 127 210 76 40 89 248
1 19 6
209 221 121 280 269 194
1 16 14
157 83 209 49 0 140 177 98 239 136 258 201 285 129
1 11 10
92 100 43 210 231 229 111 220 188 215
1 14 9
133 89 95 109 58 37 201 214 171
1 11 6
176 55 274 230 284 140
1 3 9
118 45 298 275 137 49 78 299 108
1 7 13
205 57 98 239 117 289 188 48 114 163 29 76 237
1 19 2
156 132
1 17 2
113 203
1 19 13
128 181 17 275 130 35 42 62 164 168 77 247 54
1 5 7
69 292 293 33 103 79 296
1 9 12
46 180 26 75 58 225 277 159 177 244 127 146
1 16 10
190 208 182 133 171 34 175 115 204 147
1 7 13
251 281 237 0 32 118 252 191 99 187 112 205 90
1 2 12
242 50 159 1 247 48 16 163 177 149 274 267
1 5 10
251 213 4 143 209 144 172 247 134 59
1 2 14
127 77 177 276 41 221 10 252 260 199 271 178 13 266
1 9 6
122 103 45 213 77 224
1 12 9
124 122 36 123 153 89 0 174 54
1 19 14
50 112 247 13 31 68 62 234 235 35 138 175 229 23
1 6 8
70 191 279 248 72 255 147 230
1 8 14
192 157 233 0 142 37 172 242 75 176 146 197 249 59
1 13 4
2 27 220 149
1 4 15
294 159 132 108 275 129 126 263 175 179 64 169 180 48 160
1 13 15
294 64 11 177 291 39 289 97 42 261 146 165 216 7 160
1 13 3
109 18 178
1 13 11
39 99 273 64 256 232 137 193 269 152 286
1 17 9
296 16 272 28 242 216 20 38 124
1 8 3
196 231 281
1 16 13
23 3 54 174 86 188 179 234 235 36 76 209 72
1 1 10
37 17 122 123 177 156 170 95 194 228
1 15 10
39 296 58 17 93 149 24 164 130 1
1 1 10
275 75 118 274 36 189 47 26 31 217
1 7 4
218 277 76 88
1 7 5
117 285 38 294 212
1 12 4
108 267 229 231
1 10 14
143 280 256 189 60 175 154 176 235 167 101 242 170 287
1 4 14
11 263 191 61 102 175 226 186 150 218 105 168 26 76
1 3 7
161 276 88 79 36 297 267
1 6 14
159 18 119 39 55 248 172 233 293 132 44 70 232 85
1 19 13
13 84 199 25 82 274 228 208 278 294 111 116 16
1 20 6
18 243 115 163 112 29
1 14 11
254 110 280 32 25 50 76 138 244 170 299
1 10 12
190 227 100 67 157 209 29 275 201 48 213 107
1 20 4
252 211 168 264
1 7 4
157 57 123 59
1 4 3
86 261 125
1 10 4
63 227 104 201
1 19 8
193 4 220 63 166 141 169 23
1 12 5
192 118 273 294 221
1 16 9
297 212 66 81 78 282 44 19 265
1 14 9
86 95 147 66 156 180 234 117 62
1 14 15
145 78 203 167 91 92 210 83 115 170 94 264 126 67 241
1 19 11
52 146 56 6 61 180 293 11 230 288 277
1 6 9
70 107 230 255 26 196 53 64 269
1 2 13
282 132 190 165 151 111 92 123 118 110 193 246 61
1 6 10
74 151 240 292 33 168 162 250 282 271
1 5 7
217 241 134 6 173 215 163
1 15 14
16 157 121 56 44 229 132 158 118 62 236 80 273 133
1 2 13
165 139 160 226 14 151 206 36 110 121 28 276 116
1 13 15
26 123 244 1 257 253 130 225 241 204 52 43 109 136 120
1 19 3
236 117 220
1 2 7
236 53 104 121 264 206 35
1 7 15
101 140 5 230 75 241 86 298 114 288 93 164 184 156 174
1 14 2
99 178
1 4 7
219 220 96 28 177 265 101
1 12 5
4 136 32 216 120
1 12 11
261 169 172 226 205 48 204 289 21 191 95
1 7 14
65 51 149 119 84 269 217 236 299 96 200 190 83 192
1 10 13
85 273 128 267 62 3 156 196 221 111 233 92 84
1 20 12
10 141 96 241 82 110 124 62 86 44 204 295
1 1 14
31 136 211 28 86 9 243 63 272 148 2 12 201 218
1 2 4
257 285 262 228
1 12 14
262 265 166 217 34 51 196 203 257 193 277 195 224 81
1 18 8
187 282 185 219 151 191 157 99
1 20 14
292 9 100 262 70 221 97 16 37 165 94 160 88 170
1 6 13
77 151 238 244 18 181 292 130 290 207 4 218 173
1 14 9
98 149 59 83 217 139 130 244 9
1 17 3
25 97 291
1 16 10
7 234 50 172 38 156 31 268 45 289
1 9 11
246 85 144 65 263 29 94 12 195 38 80
1 19 2
154 53
1 6 9
197 43 194 20 288 49 35 177 108
1 10 7
62 255 209 158 185 42 254
1 17 3
193 78 230
1 11 12
284 16 258 119 260 234 40 274 127 194 126 116
1 1 6
57 13 103 56 45 276
1 16 13
41 139 140 238 61 180 280 104 249 296 115 230 51
1 20 7
67 100 181 62 269 2 231
1 18 11
22 106 242 92 76 123 186 294 33 49 212
1 6 6
11 131 298 271 126 50
1 10 9
32 229 39 256 170 236 34 179 208
1 8 11
234 79 136 63 90 57 11 284 260 209 101
1 5 4
136 176 87 222
1 5 3
80 146 85
1 17 4
174 198 115 80
1 5 11
145 24 96 150 140 51 80 42 104 78 105
1 13 8
25 270 157 295 165 135 188 180
1 20 7
43 167 201 244 1 91 85
1 9 3
142 252 271
1 1 6
22 155 114 46 27 87
1 9 4
42 249 16 166
1 4 15
50 165 30 174 274 66 136 125 189 139 44 38 217 159 106
1 19 8
234 214 104 258 194 296 13 196
1 19 7
76 140 123 279 281 60 285
1 5 15
60 130 78 235 44 109 47 182 90 86 62 215 207 268 97
1 9 8
75 209 143 202 168 10 246 272
1 10 12
178 284 269 235 243 143 170 112 117 85 152 214
1 3 8
96 160 47 285 267 88 298 73
1 16 6
86 27 53 138 4 214
1 12 14
272 162 38 174 106 61 5 214 7 163 277 222 75 125
1 10 13
64 25 223 134 103 15 126 232 263 149 286 239 16
1 5 12
33 172 51 137 183 34 98 127 247 296 3 205
1 3 2
202 190
1 14 14
277 222 213 52 255 230 67 80 25 40 20 290 245 270
1 15 2
180 292
1 8 6
154 20 196 175 105 202
1 17 2
60 205
1 20 4
23 217 139 169
1 1 9
33 91 21 113 50 214 102 107 49
1 18 13
155 129 51 106 25 8 6 205 226 274 75 72 35
1 19 10
151 22 14 278 104 156 97 111 27 159
k 20
