300 900 465
11 38 28 14 16 15 23 28 33 18 21 36 38 24 23 12 16 21 15 34 18 26 36 11 14 32 18 29 20 30 34 11 16 27 39 16 20 32 19 20 23 36 24 29 18 18 31 12 20 20 22 29 38 14 18 23 36 20 36 16 35 24 28 36 31 28 39 40 36 12 22 12 37 12 16 24 37 25 17 16 28 28 40 39 26 15 20 32 27 19 35 17 24 29 25 29 39 34 21 32 16 30 31 31 28 11 21 23 29 25 38 18 37 11 32 16 28 32 23 40 31 19 39 35 13 25 33 27 25 37 13 31 30 15 25 27 35 17 14 27 36 12 11 36 36 16 14 15 37 14 21 13 21 21 23 23 15 27 17 14 27 15 33 28 12 38 13 30 14 19 40 27 34 11 39 20 21 21 24 19 25 21 30 19 29 20 26 13 28 40 25 18 12 24 17 30 22 28 11 20 21 21 40 23 29 18 25 31 28 14 23 26 38 16 17 37 38 34 36 25 27 28 25 24 11 18 11 11 35 25 18 13 33 16 16 36 13 32 14 19 28 13 29 28 36 25 30 19 30 18 28 20 26 35 17 37 16 13 38 20 13 38 13 16 34 17 30 35 23 24 24 18 15 13 34 19 35 20 23 20 12 38 22 30 26 16 38 13 31 36 40 16 13 17 37 35 21 35 39 15
1 28 18 4 6 5 13 18 23 8 11 26 28 14 13 2 6 11 5 24 8 16 26 1 4 22 8 19 10 20 24 1 6 17 29 6 10 22 9 10 13 26 14 19 8 8 21 2 10 10 12 19 28 4 8 13 26 10 26 6 25 14 18 26 21 18 29 30 26 2 12 2 27 2 6 14 27 15 7 6 18 18 30 29 16 5 10 22 17 9 25 7 14 19 15 19 29 24 11 22 6 20 21 21 18 1 11 13 19 15 28 8 27 1 22 6 18 22 13 30 21 9 29 25 3 15 23 17 15 27 3 21 20 5 15 17 25 7 4 17 26 2 1 26 26 6 4 5 27 4 11 3 11 11 13 13 5 17 7 4 17 5 23 18 2 28 3 20 4 9 30 17 24 1 29 10 11 11 14 9 15 11 20 9 19 10 16 3 18 30 15 8 2 14 7 20 12 18 1 10 11 11 30 13 19 8 15 21 18 4 13 16 28 6 7 27 28 24 26 15 17 18 15 14 1 8 1 1 25 15 8 3 23 6 6 26 3 22 4 9 18 3 19 18 26 15 20 9 20 8 18 10 16 25 7 27 6 3 28 10 3 28 3 6 24 7 20 25 13 14 14 8 5 3 24 9 25 10 13 10 2 28 12 20 16 6 28 3 21 26 30 6 3 7 27 25 11 25 29 5
1 19 14
245 220 177 275 114 54 88 99 272 219 189 282 290 127
1 15 9
230 280 171 227 208 292 60 168 271
1 17 9
259 93 55 96 281 176 280 70 221
1 8 14
188 107 5 54 217 254 225 279 281 206 108 17 185 218
1 19 5
267 102 105 113 45
1 20 9
241 260 48 148 74 120 169 70 93
1 18 10
89 190 68 119 268 229 299 298 267 51
1 2 5
217 117 90 215 188
1 5 2
127 250
1 18 7
9 36 270 212 70 262 191
1 15 11
105 211 29 44 124 133 190 167 9 120 95
1 7 10
258 19 116 108 294 246 231 209 23 191
1 19 6
52 282 204 280 272 180
1 1 7
43 221 264 3 207 193 216
1 8 3
215 111 84
1 10 12
74 99 9 258 202 227 185 268 155 169 264 275
1 12 11
3 67 144 225 179 291 55 173 220 275 189
1 14 5
11 167 162 47 282
1 16 8
158 212 3 22 31 229 189 71
1 19 13
236 28 193 276 186 251 102 138 272 257 279 179 250
1 12 13
128 146 144 45 1 70 3 10 99 24 188 129 121
1 5 13
154 62 294 52 145 138 289 158 65 9 166 53 163
1 12 12
99 88 1 191 220 247 184 12 105 230 39 167
1 14 10
295 83 176 129 259 98 211 14 43 191
1 1 7
61 231 224 103 108 147 89
1 3 11
232 172 37 103 100 6 67 128 142 86 121
1 3 4
48 28 267 41
1 5 12
179 124 244 276 183 164 37 196 161 112 51 114
1 12 9
16 130 193 170 132 288 202 104 47
1 18 12
65 162 41 205 88 13 35 196 202 161 279 239
1 18 13
155 212 14 78 187 288 190 245 220 242 128 68 51
1 17 3
144 164 100
1 4 15
132 5 48 201 69 110 277 156 204 170 293 205 196 57 199
1 7 8
166 104 174 282 268 217 68 235
1 8 8
243 124 296 40 287 244 214 18
1 5 8
122 177 251 43 227 95 172 210
1 17 11
24 50 122 236 4 37 102 140 288 142 186
1 13 10
121 205 184 42 28 122 255 134 283 280
1 3 4
216 72 210 95
1 1 8
126 145 232 39 118 204 260 33
1 3 11
26 172 144 113 162 193 248 62 210 230 149
1 18 9
37 136 168 231 296 98 158 197 290
1 12 2
95 298
1 3 14
129 254 193 250 128 183 209 110 252 108 240 127 152 130
1 4 3
280 283 149
1 16 12
46 11 103 19 137 2 150 229 234 52 31 298
1 6 7
186 2 50 171 31 262 62
1 16 3
120 91 136
1 4 3
101 121 178
1 4 4
138 85 57 169
1 3 7
18 73 192 77 219 171 204
1 5 2
157 42
1 16 10
226 158 133 264 85 114 72 298 165 121
1 18 14
11 5 175 280 62 277 108 132 178 87 17 97 153 128
1 1 2
12 234
1 13 6
101 186 249 19 132 150
1 3 4
236 0 231 10
1 4 5
49 153 5 64 111
1 12 3
119 7 228
1 3 8
191 180 211 137 69 77 250 185
1 8 5
298 205 282 126 1
1 10 3
74 93 57
1 11 13
126 283 61 58 49 269 155 116 136 162 284 90 193
1 9 7
179 145 31 199 72 254 8
1 6 6
17 47 248 151 192 174
1 8 13
14 94 130 173 248 90 185 58 171 62 48 170 111
1 5 12
279 156 148 204 171 20 101 213 251 25 232 127
1 9 13
269 257 60 123 163 265 182 202 21 142 222 35 267
1 17 6
97 174 35 37 169 129
1 8 4
50 291 99 284
1 7 6
118 6 46 40 255 219
1 20 5
38 29 45 237 26
1 3 7
185 67 78 24 211 282 72
1 2 2
265 256
1 18 9
52 257 189 120 136 88 140 164 126
1 6 11
146 103 50 90 162 298 273 211 242 41 157
1 4 2
278 118
1 18 7
92 27 179 74 158 296 168
1 14 12
94 198 216 19 3 291 203 283 185 233 4 114
1 11 9
211 59 79 150 264 1 44 38 266
1 1 2
111 250
1 18 15
118 167 195 26 87 147 72 150 231 123 181 44 298 70 91
1 19 2
234 108
1 11 9
231 137 140 158 124 265 102 257 123
1 11 6
17 26 31 7 40 97
1 2 11
26 203 262 247 100 38 181 163 105 12 160
1 9 7
275 45 3 65 97 94 280
1 14 6
142 98 244 281 104 206
1 3 9
271 182 287 48 193 252 268 138 75
1 2 11
252 223 192 158 60 134 126 115 47 175 70
1 12 4
70 8 93 234
1 2 15
119 279 61 278 226 157 219 89 267 85 84 31 158 188 212
1 19 13
28 184 272 6 263 245 260 83 101 39 59 281 163
1 6 4
187 174 181 289
1 4 12
138 30 229 11 284 67 3 93 7 95 110 212
1 12 10
41 97 0 152 153 189 259 117 161 212
1 20 11
180 203 206 52 161 72 36 214 20 120 38
1 2 6
93 270 287 50 234 280
1 2 11
55 282 240 70 196 186 91 125 262 79 137
1 13 7
180 1 77 57 251 69 41
1 15 7
202 13 233 290 244 261 105
1 11 12
256 75 213 12 20 258 102 299 207 30 27 286
1 14 10
287 137 211 233 275 186 152 64 259 57
1 9 13
168 50 5 242 93 167 271 34 129 174 4 213 80
1 4 10
141 181 114 238 136 20 153 285 165 275
1 15 5
71 287 119 166 42
1 8 15
111 228 76 52 191 129 202 55 240 16 31 167 166 125 61
1 13 9
110 139 163 25 215 121 37 225 259
1 17 8
247 13 256 265 71 25 82 138
1 10 12
181 78 57 15 118 109 81 1 224 260 190 200
1 6 9
245 279 261 205 254 143 43 53 288
1 13 14
289 79 118 154 205 48 240 285 5 22 253 238 88 156
1 8 3
166 213 253
1 14 12
278 94 35 0 40 217 36 71 158 129 176 181
1 20 7
53 108 152 141 83 89 160
1 20 8
197 18 192 43 3 198 33 82
1 6 15
184 278 225 17 1 158 239 19 36 45 102 55 136 23 0
1 12 10
259 11 226 44 88 41 161 114 163 271
1 11 9
272 201 74 125 44 136 129 22 51
1 19 7
181 205 202 183 66 52 122
1 11 12
123 3 104 233 240 245 32 134 288 45 112 92
1 11 2
8 111
1 7 5
120 291 4 223 11
1 10 5
70 79 220 2 75
1 1 10
187 153 242 182 40 91 10 251 219 178
1 11 9
97 190 86 244 85 135 13 96 26
1 8 15
270 259 110 196 293 171 46 165 3 227 164 144 16 32 132
1 19 12
15 133 192 65 235 292 3 245 248 155 2 172
1 4 2
102 142
1 18 3
142 29 232
1 16 15
4 189 104 257 95 15 38 176 180 126 150 53 61 72 37
1 7 12
45 128 59 119 184 3 204 221 141 254 7 246
1 20 11
211 290 121 41 213 43 178 247 126 252 25
1 4 14
180 159 207 47 235 183 94 227 31 230 214 285 112 288
1 15 7
154 34 157 61 238 87 289
1 14 4
209 234 274 17
1 6 11
150 146 148 103 267 259 178 225 94 32 17
1 7 10
68 54 169 276 197 154 191 108 123 130
1 6 11
128 70 67 75 87 260 181 130 98 97 213
1 17 6
241 263 290 108 110 124
1 20 2
50 97
1 3 2
199 92
1 20 9
221 41 250 226 77 235 187 108 36
1 1 2
103 7
1 16 2
84 5
1 14 2
26 149
1 7 2
153 203
1 18 5
51 231 20 31 42
1 12 2
98 51
1 19 5
191 49 230 283 276
1 8 12
200 244 176 130 90 190 212 242 71 100 298 115
1 16 9
104 251 206 190 293 120 64 173 112
1 4 6
30 42 200 184 199 214
1 6 8
211 177 71 236 12 118 151 39
1 14 12
101 23 24 133 52 2 103 153 82 143 90 195
1 2 4
283 286 67 129
1 3 9
135 200 154 29 132 283 117 113 280
1 17 4
275 140 146 290
1 8 10
147 245 211 218 299 67 142 157 193 21
1 10 2
222 99
1 10 9
144 297 47 296 65 217 72 98 105
1 3 15
289 183 70 295 233 169 158 19 168 255 28 5 213 284 281
1 5 9
157 221 110 35 245 282 198 38 80
1 15 4
117 154 160 169
1 1 4
78 27 160 286
1 9 7
10 193 27 63 156 286 157
1 14 12
136 293 154 86 5 61 167 45 274 141 208 261
1 9 14
210 239 221 241 288 104 206 149 235 227 59 21 3 175
1 18 7
274 25 121 291 108 150 231
1 9 13
202 203 86 117 70 103 186 36 108 66 60 235 97
1 17 3
155 283 68
1 17 2
222 13
1 13 10
27 35 276 258 228 64 191 58 76 55
1 8 9
143 105 210 207 201 202 173 91 214
1 12 12
104 1 73 25 298 62 44 289 57 263 145 144
1 15 4
147 262 12 263
1 1 14
102 168 48 192 262 278 6 84 126 107 298 70 146 197
1 7 14
188 112 207 176 215 183 193 86 240 21 43 296 80 52
1 20 12
12 97 233 107 150 288 256 91 157 129 266 94
1 8 15
256 200 76 22 78 50 149 295 170 156 141 69 90 163 28
1 20 2
294 76
1 13 3
169 163 42
1 7 11
192 25 230 116 53 114 160 193 27 261 43
1 17 12
158 247 99 90 262 18 63 298 248 253 92 177
1 17 3
197 185 200
1 7 11
94 173 278 269 70 110 211 152 76 117 226
1 10 7
151 15 240 29 87 6 244
1 18 13
79 167 108 107 55 5 155 75 151 40 119 137 123
1 17 7
240 106 277 263 96 183 214
1 11 11
15 170 150 188 168 210 281 121 56 270 62
1 5 9
177 189 59 11 139 10 7 269 164
1 4 3
54 265 228
1 7 3
44 48 79
1 9 6
0 216 188 229 247 47
1 3 2
75 160
1 5 12
9 36 221 254 150 196 82 203 209 0 248 225
1 16 12
113 86 212 25 105 290 255 156 42 298 173 84
1 12 12
35 75 143 222 174 42 156 120 210 216 98 254
1 5 3
279 258 140
1 18 2
93 30
1 2 11
275 242 10 194 50 113 182 24 264 212 47
1 15 5
81 45 88 94 296
1 16 15
77 298 260 93 78 66 90 13 149 0 142 280 127 122 196
1 17 4
102 229 172 174
1 11 13
238 258 116 232 162 139 211 99 103 197 183 268 110
1 1 5
284 236 50 16 180
1 19 7
108 44 257 22 147 21 145
1 20 8
269 273 226 71 80 152 249 267
1 19 7
274 93 296 188 140 221 290
1 2 15
247 292 137 15 295 231 285 126 157 27 246 105 208 213 111
1 15 2
276 109
1 12 12
207 139 183 281 298 217 100 211 103 205 191 110
1 5 8
78 93 198 98 235 209 288 294
1 3 11
230 27 143 286 6 158 244 77 105 28 136
1 8 5
253 294 46 280 154
1 8 6
121 222 93 37 225 298
1 15 9
126 109 125 31 95 118 128 284 232
1 8 9
245 27 275 266 212 79 148 62 176
1 11 7
25 197 128 173 166 195 57
1 15 12
114 77 294 74 116 171 226 214 39 71 70 195
1 11 5
58 234 198 150 172
1 1 3
174 67 48
1 11 9
13 185 15 130 41 165 241 73 135
1 5 11
105 220 170 103 2 177 25 20 18 130 90
1 14 14
110 81 14 29 64 43 179 119 60 190 195 182 99 285
1 18 7
226 123 115 290 33 101 213
1 14 2
8 262
1 14 9
257 253 117 15 115 206 30 94 169
1 12 3
147 8 104
1 13 9
131 124 40 247 146 155 187 242 121
1 18 13
106 47 152 128 171 196 277 93 124 161 57 96 67
1 1 15
64 239 95 215 217 224 96 204 161 77 151 269 20 263 131
1 10 3
28 187 202
1 9 6
271 141 228 181 3 121
1 7 7
101 195 258 67 87 74 42
1 3 12
51 12 133 223 21 11 220 27 221 213 295 93
1 10 3
105 28 197
1 3 8
179 43 214 69 271 183 103 97
1 6 2
281 5
1 2 11
256 70 24 25 35 266 19 289 82 91 148
1 9 2
154 79
1 2 4
19 46 273 205
1 9 2
180 162
1 1 7
63 204 78 21 161 264 156
1 8 5
154 160 195 142 59
1 19 9
138 180 60 203 100 68 50 5 112
1 7 3
31 89 298
1 8 4
216 206 145 64
1 10 3
104 129 13
1 6 12
266 139 189 227 19 253 10 271 120 235 91 197
1 1 8
226 7 85 157 215 192 236 149
1 12 9
115 114 98 38 48 172 168 296 18
1 19 10
187 34 69 23 80 232 272 45 161 225
1 18 14
182 216 163 46 213 293 162 89 206 299 282 194 128 92
1 20 7
187 92 195 284 168 105 22
1 5 8
273 139 53 184 243 255 196 270
1 14 14
99 180 281 249 86 288 214 28 181 250 83 120 208 107
1 15 13
78 218 157 96 266 153 289 277 227 130 171 97 200
1 4 4
292 118 82 64
1 8 10
185 37 256 234 110 296 48 95 210 28
1 11 6
257 170 299 141 255 268
1 10 7
174 59 287 154 277 6 194
1 13 13
147 255 189 231 87 265 96 108 230 84 40 248 292
1 3 11
115 286 181 262 189 241 42 141 84 219 118
1 1 15
99 133 285 73 218 288 58 57 0 227 216 22 292 281 231
1 19 8
35 187 295 110 206 244 197 89
1 16 4
250 203 121 212
1 20 10
295 20 227 16 9 64 68 72 117 186
1 1 10
23 211 258 259 205 0 287 261 34 78
1 12 9
181 141 105 244 134 182 177 272 171
1 4 9
22 115 142 29 279 66 79 169 201
1 15 14
139 128 209 33 267 196 90 135 167 47 217 16 66 172
1 13 8
247 31 172 95 102 216 86 281
1 12 5
3 63 109 125 14
1 9 15
298 245 136 111 15 180 271 107 89 9 220 2 120 170 188
1 7 11
135 18 291 120 177 299 2 41 78 181 1
1 20 9
26 81 108 128 45 76 233 27 77
1 16 3
7 100 69
1 12 15
201 268 40 73 142 71 115 99 277 66 29 46 79 183 186
1 13 14
266 73 292 169 175 254 45 184 68 253 286 2 211 29
1 14 5
152 64 264 51 56
1 5 6
292 197 8 172 218 261
1 16 15
53 126 215 119 153 232 147 265 219 169 17 299 187 9 68
1 18 9
186 161 273 24 64 253 2 238 196
1 5 11
200 266 97 101 100 39 222 176 83 153 65
1 14 13
148 209 99 141 187 6 195 119 18 189 270 211 247
1 17 7
28 149 255 245 29 38 39
1 10 5
144 154 283 274 285
1 2 6
133 215 132 115 136 293
1 7 11
117 21 8 292 219 280 251 286 67 152 22
1 4 8
187 5 232 54 10 203 263 86
1 4 14
280 169 3 122 16 48 165 160 4 41 81 239 230 228
1 6 7
130 103 63 120 150 54 160
1 6 2
151 190
1 13 6
291 264 97 276 124 37
1 5 15
266 178 53 245 13 43 190 246 162 224 42 151 45 35 20
1 2 12
261 51 157 247 279 187 36 160 83 93 265 104
1 2 8
281 197 136 165 251 45 15 100
1 10 3
290 94 162
1 2 2
144 74
1 10 5
212 219 129 260 138
1 9 5
202 38 135 112 103
1 18 9
254 208 0 237 194 299 63 286 297
1 3 5
253 116 141 36 190
1 6 3
187 46 96
1 5 13
280 143 165 150 90 161 202 272 138 220 74 42 283
1 18 13
197 54 19 272 201 231 177 4 53 221 113 236 186
1 7 7
46 41 176 201 268 264 57
1 1 5
29 294 152 175 20
1 10 15
115 58 247 225 193 102 18 214 7 45 107 63 295 16 116
1 7 12
268 159 134 79 144 185 282 293 172 290 90 147
1 6 10
185 148 10 26 44 82 30 287 64 17
1 19 5
247 231 232 251 105
1 1 5
231 180 197 187 7
1 17 3
141 239 195
1 19 10
266 262 275 220 201 234 132 122 249 165
1 9 11
223 232 237 189 208 81 193 74 4 218 53
1 5 15
266 210 178 163 122 13 228 291 95 286 98 143 47 26 154
1 4 2
292 270
1 4 9
292 42 215 28 230 261 193 165 55
1 8 13
144 167 26 92 198 183 127 274 35 282 249 171 272
1 13 9
15 23 207 296 269 117 25 169 2
1 6 11
3 174 123 169 40 188 78 162 238 69 256
1 5 5
259 246 281 201 212
1 20 5
280 97 33 229 107
1 15 8
135 165 185 159 74 255 124 116
1 4 8
145 210 215 88 135 87 155 33
1 20 8
111 121 138 265 190 287 168 274
1 11 10
111 298 44 29 36 3 101 253 297 164
1 3 8
32 298 116 44 219 82 36 119
1 9 4
38 105 195 66
1 15 2
207 213
1 10 3
35 3 7
1 11 4
283 180 137 112
1 6 4
176 279 280 123
1 12 7
143 165 56 60 122 239 202
1 3 15
187 168 188 192 221 106 14 107 195 218 270 90 66 83 97
1 18 9
267 47 112 79 237 61 4 179 245
1 2 7
95 188 207 47 23 173 39
1 14 6
166 156 217 70 197 35
1 5 8
264 10 128 254 24 31 206 163
1 7 9
67 136 212 128 184 41 267 95 268
1 20 7
26 82 159 90 93 10 171
1 15 11
261 107 144 95 175 249 82 165 279 167 237
1 4 10
87 108 241 59 112 195 151 132 29 170
1 5 3
88 126 119
1 6 5
39 145 208 296 297
1 7 11
9 213 257 267 276 110 38 136 96 295 197
1 7 12
265 137 34 220 278 88 141 185 163 211 135 203
1 5 2
37 269
1 20 3
84 137 239
1 15 13
165 3 248 245 27 294 177 37 123 9 236 76 44
1 2 10
136 32 23 141 61 256 98 150 211 238
1 19 3
270 148 224
1 3 6
244 264 98 55 187 130
1 18 9
128 216 213 3 235 37 16 145 158
1 9 10
150 36 116 229 128 99 89 256 294 123
1 1 5
13 37 197 163 28
1 2 5
204 17 66 256 286
1 17 12
137 134 183 143 60 54 21 93 254 140 14 258
1 12 9
190 74 225 143 264 160 50 184 193
1 16 10
152 0 231 249 76 5 37 66 229 202
1 8 12
123 65 131 250 254 56 72 4 168 83 132 102
1 4 5
136 37 89 273 86
1 20 8
62 41 268 133 138 233 266 152
1 1 15
265 234 63 177 261 221 87 92 1 33 23 206 45 146 290
1 15 8
184 283 108 161 135 91 8 121
1 9 2
23 197
1 11 6
73 163 166 195 270 153
1 15 14
58 55 68 264 213 66 284 262 228 92 288 271 141 211
1 4 10
71 201 46 270 125 119 103 31 252 238
1 19 9
213 255 202 10 30 174 120 110 215
1 5 7
130 250 111 87 29 31 197
1 10 13
239 125 231 126 240 222 70 78 162 261 247 297 113
1 11 12
255 284 235 70 202 38 92 142 186 201 9 113
1 10 3
34 43 49
1 10 12
6 181 84 24 113 163 129 77 128 232 57 199
1 2 7
109 28 149 183 168 289 216
1 14 2
83 71
1 2 13
297 150 10 212 282 60 158 50 115 61 274 219 52
1 5 9
0 151 103 114 62 58 88 245 222
1 8 12
125 287 251 132 145 276 42 255 225 237 222 262
1 16 11
81 236 102 222 286 55 155 32 147 153 140
1 10 8
56 268 263 117 123 251 80 6
1 7 2
102 159
1 2 2
173 241
1 10 2
158 197
1 15 12
268 68 224 262 13 73 283 152 180 88 125 184
1 13 7
172 69 206 54 76 230 153
1 12 3
49 272 195
1 14 6
77 211 287 46 263 175
1 10 4
294 201 233 134
1 16 14
72 167 134 276 16 171 19 65 286 109 287 217 12 89
1 10 10
232 189 225 110 11 3 37 103 36 240
1 15 12
190 30 70 18 250 107 96 134 142 207 92 139
1 3 10
82 50 235 65 132 176 200 24 296 244
1 18 14
105 59 135 0 143 164 146 64 98 11 28 138 139 156
1 5 9
263 230 135 219 260 281 46 267 253
1 20 6
178 270 268 291 198 48
1 15 6
275 176 284 150 228 117
1 9 3
75 293 165
1 4 6
37 95 59 202 185 243
1 16 7
1 244 196 82 8 266 71
1 12 5
40 31 188 295 238
1 18 7
8 281 153 210 89 273 276
1 8 14
5 265 176 281 203 10 216 107 158 108 44 297 283 211
1 19 2
160 253
1 2 4
299 269 66 108
1 11 7
96 114 241 252 5 231 95
1 18 8
38 135 289 197 224 39 270 1
1 1 6
62 292 167 87 108 147
1 15 9
287 77 83 248 236 196 211 91 146
1 2 11
293 179 195 252 276 52 295 172 29 102 193
1 6 9
177 174 202 45 181 261 102 67 160
1 12 3
104 22 115
1 17 12
203 57 159 256 157 144 127 214 30 247 95 181
1 18 3
226 285 112
1 11 4
265 173 144 89
1 2 2
11 293
1 20 5
227 116 114 48 201
1 4 4
137 49 36 30
1 14 6
60 143 263 233 221 265
1 8 8
102 167 12 13 225 191 278 216
1 3 11
199 288 194 163 180 69 86 132 68 89 19
1 19 14
268 159 55 220 41 118 107 50 71 204 176 259 163 261
1 7 8
272 17 3 119 124 290 257 65
1 19 11
112 271 76 194 78 206 105 127 72 31 123
1 15 10
69 53 150 93 135 270 269 97 185 196
1 2 3
112 118 85
1 19 5
61 255 129 102 297
1 7 12
2 58 198 94 22 231 283 286 277 130 67 29
1 9 10
92 114 171 239 161 110 246 2 125 143
1 3 13
35 106 286 252 182 254 90 73 272 275 223 120 117
1 14 4
115 195 286 140
1 15 15
198 38 254 2 16 102 28 270 138 170 9 153 251 82 237
1 6 9
74 57 195 259 100 231 0 219 174
1 1 6
121 173 143 268 44 32
1 5 9
292 258 221 68 24 264 205 229 282
1 5 11
278 143 286 14 190 61 139 239 114 145 202
1 17 14
260 60 18 83 4 117 155 255 87 88 142 252 0 29
1 11 4
0 186 167 141
1 1 5
95 177 255 222 33
1 17 6
94 276 36 48 75 295
1 15 6
20 168 269 108 219 220
1 1 4
231 289 54 46
1 20 10
117 230 26 185 89 197 124 171 276 285
1 9 3
115 256 40
1 14 4
125 68 24 191
1 15 7
295 149 124 86 145 282 21
1 2 9
179 60 4 158 265 130 89 201 122
1 19 4
4 139 38 2
1 20 15
51 172 294 296 299 214 183 177 193 125 31 66 257 259 156
1 20 4
224 23 111 244
1 13 2
294 238
1 10 9
97 104 194 182 264 138 64 116 33
1 19 11
270 277 82 75 141 72 267 32 7 191 257
1 13 6
20 7 120 222 65 170
1 9 6
281 71 257 123 186 217
1 13 8
245 148 190 193 38 101 7 267
1 7 11
216 91 182 152 250 50 143 253 15 49 149
1 4 10
257 238 91 273 75 59 46 146 215 88
1 11 6
100 214 298 242 235 99
1 18 3
110 207 79
1 6 7
257 2 159 80 117 75 214
1 15 13
246 128 74 224 3 210 158 1 196 235 286 184 191
1 1 14
139 64 100 52 108 72 230 7 110 93 161 271 20 12
1 7 8
123 11 108 223 71 55 96 167
1 12 4
207 182 139 176
1 15 10
253 274 299 199 266 44 69 50 213 47
1 10 5
125 63 228 109 146
1 14 5
33 35 26 235 150
1 17 13
127 117 188 285 152 264 163 80 30 92 134 114 230
1 5 9
227 83 123 111 268 266 176 240 115
1 12 5
104 149 162 264 143
1 9 12
28 107 126 188 6 266 241 223 65 278 209 135
1 19 9
142 151 175 108 154 268 244 248 131
1 17 7
98 258 220 233 144 0 138
1 19 4
198 176 196 158
1 3 5
197 58 4 65 257
1 5 13
265 206 209 289 195 15 86 199 111 103 228 189 170
1 5 11
89 180 52 95 293 17 272 74 244 235 288
1 7 4
144 277 218 226
1 11 4
211 232 138 94
1 4 12
105 44 138 142 84 45 77 176 120 161 257 119
1 17 4
36 107 31 11
1 2 6
0 110 18 137 27 181
1 9 9
138 28 179 162 87 288 275 68 61
1 16 11
41 279 19 59 46 258 296 297 209 263 74
1 11 13
93 273 90 186 192 183 221 141 277 283 178 233 246
1 16 11
284 258 27 225 158 148 73 237 81 200 227
1 12 10
166 29 264 88 173 31 163 268 219 71
1 11 6
39 122 92 52 24 171
1 1 11
4 273 178 174 225 161 62 199 289 197 160
1 20 12
115 233 263 296 23 199 216 168 243 161 208 186
1 16 10
272 45 130 295 6 110 198 64 140 30
1 4 13
160 19 128 174 143 299 103 109 269 210 290 20 22
1 5 7
213 192 171 9 168 156 1
1 2 4
203 224 47 271
1 14 9
34 106 167 297 240 99 264 142 127
1 10 9
46 166 202 186 52 297 120 68 259
1 2 11
119 128 79 229 90 244 130 24 221 237 250
1 20 13
120 276 127 265 73 8 288 87 152 69 280 146 2
1 13 12
206 106 65 219 186 39 235 20 193 13 16 118
1 4 8
200 237 243 148 278 180 165 45
1 5 2
175 285
1 6 9
123 133 260 72 100 16 135 10 77
1 20 4
265 44 66 232
1 16 9
37 85 277 42 154 194 24 63 84
1 2 11
49 209 12 220 194 75 214 264 97 113 244
1 18 4
105 284 61 225
1 18 5
227 249 134 299 68
1 9 7
186 26 145 56 209 6 63
1 3 7
247 277 266 199 37 206 104
1 7 3
71 16 45
1 7 14
146 260 119 78 178 112 41 128 37 172 189 202 250 177
1 10 12
128 12 215 199 25 129 112 119 209 67 70 210
1 19 8
5 216 256 66 132 47 49 204
1 3 2
119 241
1 13 8
208 148 219 28 56 299 103 83
1 12 6
39 127 172 206 65 66
1 11 2
199 214
1 16 14
292 47 259 17 136 208 67 226 50 167 118 157 278 16
1 10 4
181 227 120 131
1 12 13
225 105 110 282 104 151 77 102 166 16 265 170 107
1 11 3
262 149 236
1 17 12
245 86 297 198 36 10 130 85 238 216 157 69
1 8 8
2 195 161 49 241 165 185 152
1 2 15
261 231 213 200 177 236 27 70 59 178 158 123 76 58 52
1 2 15
219 165 163 293 48 269 147 156 106 211 36 107 113 21 282
1 16 13
7 79 164 278 162 53 96 60 154 89 134 191 239
1 11 3
73 162 15
1 2 9
37 91 205 219 1 243 29 50 160
1 2 5
242 171 67 245 297
1 14 8
61 236 229 48 100 255 51 73
1 4 13
12 82 122 275 267 283 92 45 266 255 25 174 234
1 20 9
89 133 237 229 164 78 121 15 17
1 20 10
195 270 218 228 51 2 181 131 133 26
1 11 5
31 146 79 269 130
1 1 7
236 138 26 259 62 41 254
1 14 15
229 230 103 67 101 213 70 201 51 137 100 77 99 121 116
1 12 4
60 214 205 258
1 20 8
180 238 265 11 199 147 0 61
1 12 14
114 184 212 52 23 112 190 125 33 134 210 86 177 277
1 4 8
43 8 36 178 74 156 298 95
1 20 13
133 242 286 217 267 11 278 45 213 290 108 42 256
1 2 5
253 87 18 115 16
1 3 2
201 13
1 17 9
208 203 226 140 201 15 244 8 246
1 6 9
130 22 259 144 75 237 253 251 188
1 5 11
118 145 245 211 55 123 264 205 77 280 265
1 3 13
16 232 92 75 43 208 217 222 101 45 53 113 63
1 10 8
279 78 10 199 115 22 196 14
1 13 12
94 193 89 229 131 198 208 112 161 8 74 123
1 17 13
6 101 142 281 139 98 225 110 2 97 31 172 32
1 14 7
126 135 41 13 164 90 17
1 8 12
81 254 250 70 234 126 65 201 23 159 105 273
1 13 15
52 93 115 11 271 295 15 197 250 129 50 181 40 268 218
1 9 4
280 106 216 58
1 8 6
175 23 10 217 99 275
1 5 11
145 109 38 212 139 115 223 290 72 270 137
1 4 9
263 87 192 12 141 68 171 57 252
1 8 14
199 159 248 150 222 202 162 10 296 174 224 21 80 236
1 8 12
87 220 84 229 29 96 255 108 299 231 43 62
1 9 13
186 287 258 280 35 1 234 69 194 217 232 259 192
1 2 2
135 149
1 15 9
269 271 214 253 118 181 31 244 190
1 20 14
28 165 189 135 43 296 174 246 114 76 82 10 63 266
1 2 9
294 151 207 27 2 49 249 5 145
1 5 11
81 179 123 170 17 255 169 298 201 283 209
1 9 2
9 256
1 16 4
259 241 57 87
1 19 7
279 138 123 199 12 187 40
1 2 11
271 274 35 291 34 94 66 17 138 129 130
1 17 10
129 119 47 27 72 33 239 144 295 161
1 4 7
12 89 63 277 129 195 133
1 8 14
249 205 127 191 117 220 275 265 173 281 225 259 199 213
1 19 7
125 134 57 109 23 272 152
1 20 3
199 237 155
1 12 6
114 274 115 180 81 195
1 20 2
269 204
1 13 6
68 125 289 39 102 153
1 2 9
167 235 184 49 211 214 63 113 6
1 7 10
6 59 212 232 255 33 242 47 288 83
1 10 6
127 278 119 234 130 297
1 11 8
262 118 176 132 145 6 98 101
1 14 3
132 286 292
1 6 11
133 161 297 39 37 41 12 186 22 84 270
1 7 13
260 218 60 121 66 215 190 172 231 265 129 291 31
1 15 12
288 177 6 112 76 297 275 264 189 40 122 131
1 5 12
120 161 77 12 72 136 58 279 113 21 217 256
1 20 8
100 232 28 262 283 285 154 169
1 13 2
243 213
1 12 3
209 126 11
1 17 8
277 114 180 42 99 193 265 116
1 12 9
70 68 163 283 18 121 150 151 291
1 13 14
61 13 123 168 192 210 88 227 284 117 159 204 235 286
1 16 3
28 297 54
1 11 7
178 227 28 81 1 117 14
1 17 7
147 116 221 132 234 289 153
1 10 7
126 205 230 262 26 69 9
1 18 10
155 81 278 131 208 6 119 83 86 4
1 3 7
58 126 271 159 18 40 62
1 3 3
273 237 41
1 4 11
233 167 72 168 123 266 35 199 147 24 135
1 20 14
291 29 233 152 120 251 268 155 94 289 79 229 117 13
1 10 14
283 25 187 263 53 265 248 258 209 103 93 33 217 87
1 16 2
265 183
1 18 3
217 240 4
1 12 15
179 261 163 5 180 131 3 12 170 288 292 201 213 72 298
1 9 9
65 4 64 261 109 175 46 117 115
1 9 14
203 150 288 102 23 188 292 283 79 77 196 184 33 18
1 17 4
94 138 240 204
1 11 13
261 146 63 175 188 127 87 297 18 22 180 34 190
1 3 8
165 218 209 39 134 237 239 163
1 13 9
278 38 252 9 268 181 18 155 148
1 18 2
6 79
1 9 14
245 290 188 211 289 144 100 220 68 38 283 163 227 76
1 16 3
114 227 7
1 2 6
153 278 205 65 166 256
1 13 12
152 212 20 219 82 54 182 235 118 255 217 203
1 9 10
270 9 38 117 3 263 66 78 208 40
1 5 8
77 59 187 295 165 90 152 280
1 4 4
77 194 295 49
1 6 8
130 125 288 31 53 170 279 126
1 4 13
230 118 191 96 244 140 199 183 132 27 122 248 251
1 16 13
75 195 162 226 5 94 26 181 170 254 139 168 255
1 12 7
23 232 75 156 180 276 155
1 15 4
24 158 291 165
1 13 13
285 289 33 245 156 8 225 20 256 193 4 18 14
1 6 7
209 113 136 274 269 255 179
1 13 13
250 195 139 21 199 260 58 97 105 77 24 262 299
1 19 2
38 134
1 16 10
144 12 96 137 117 132 10 0 229 225
1 13 8
274 173 218 222 191 281 277 12
1 7 8
69 38 233 67 128 45 28 36
1 18 7
227 201 5 277 282 210 260
1 12 7
148 3 149 279 159 112 37
1 2 12
297 220 250 14 61 256 41 243 98 92 181 40
1 4 12
289 207 220 273 22 20 209 263 245 62 294 156
1 6 8
255 260 21 216 111 57 114 234
1 16 15
65 57 118 245 270 282 69 224 159 169 92 134 234 290 124
1 12 2
74 178
1 1 15
134 178 16 216 237 58 82 233 238 174 184 127 240 207 256
1 16 5
8 173 88 117 260
1 19 14
277 8 25 166 231 73 138 178 109 100 94 192 160 266
1 13 5
298 157 154 23 230
1 2 8
232 99 77 172 179 228 41 136
1 17 4
26 293 164 199
1 16 3
298 295 42
1 18 2
292 129
1 4 13
269 66 159 136 151 225 73 177 1 270 189 234 158
1 17 2
152 111
1 5 10
232 255 193 11 155 110 21 4 158 31
1 12 7
139 141 116 19 172 165 166
1 6 4
49 37 114 26
1 18 14
101 4 292 179 47 251 217 113 104 55 107 167 70 154
1 14 14
224 289 60 281 193 148 160 121 127 120 113 184 285 280
1 6 8
21 180 205 297 54 24 129 202
1 6 3
248 298 12
1 9 7
133 6 77 272 10 198 29
1 16 5
270 246 276 254 176
1 11 14
190 122 15 229 148 30 292 266 209 280 84 24 254 272
1 1 6
186 240 268 37 296 227
1 15 8
129 266 11 10 58 284 132 230
1 17 11
34 131 166 147 238 119 298 236 145 152 160
1 19 7
238 128 27 199 95 179 255
1 4 4
89 286 294 6
1 11 3
80 72 211
1 10 10
85 106 82 292 126 22 275 128 72 94
1 10 12
86 50 139 132 46 66 135 231 109 156 7 208
1 12 15
264 114 59 279 259 184 226 38 273 262 152 126 24 217 51
1 2 2
259 299
1 14 7
141 276 219 11 221 62 66
1 1 9
10 0 234 172 140 190 32 276 17
1 18 9
134 197 137 215 27 109 244 57 121
1 14 6
294 13 145 166 240 297
1 15 11
104 256 180 212 230 255 267 250 233 7 148
1 1 12
89 200 11 241 173 201 155 99 164 104 44 281
1 17 15
286 224 108 289 66 292 129 30 117 287 174 12 57 290 188
1 4 9
122 273 142 107 115 85 61 105 221
1 19 3
218 1 252
1 1 11
60 247 113 271 166 47 127 224 150 114 298
1 7 14
76 116 95 32 5 70 258 4 205 138 219 153 296 229
1 8 9
261 141 21 117 27 216 217 99 130
1 11 14
34 110 171 94 189 279 103 258 234 148 198 233 228 218
1 8 2
119 20
1 5 8
196 271 111 95 192 5 272 79
1 7 13
79 164 22 94 112 180 110 99 184 274 83 57 284
1 18 9
250 296 257 142 28 30 35 62 187
1 7 8
272 108 249 114 63 84 8 195
1 2 6
230 256 270 148 275 234
1 4 3
44 151 256
1 8 6
153 72 42 250 87 199
1 1 12
194 226 278 157 239 87 292 35 164 59 253 23
1 12 9
77 65 75 52 67 207 289 51 31
1 19 6
86 182 147 97 278 45
1 2 2
135 23
1 11 14
249 35 211 110 251 94 151 52 293 154 224 38 37 56
1 4 13
160 6 38 172 194 168 149 272 158 49 94 152 156
1 12 9
21 137 189 141 218 111 154 84 16
1 9 4
275 212 16 81
1 20 2
115 224
1 13 12
41 242 145 10 46 173 103 115 16 285 288 237
1 11 7
268 227 221 120 167 78 90
1 5 13
136 42 168 49 117 237 185 16 81 209 234 252 184
1 4 8
180 50 242 176 150 32 155 103
1 17 8
201 10 202 92 108 132 258 152
1 2 13
1 237 91 77 12 194 164 136 165 55 184 15 200
1 13 11
218 186 287 30 276 83 6 283 245 2 184
1 7 5
84 120 261 226 128
1 19 15
263 127 14 113 189 159 211 222 242 16 44 210 73 235 77
1 14 10
122 6 275 63 101 205 227 126 284 172
1 4 10
134 250 266 44 65 253 244 41 172 71
1 4 4
203 57 72 180
1 3 15
202 80 112 47 6 57 23 208 130 32 286 70 139 172 290
1 12 6
176 284 186 148 67 266
1 4 15
146 269 181 151 177 266 217 185 176 80 57 33 244 68 154
1 6 12
263 9 134 154 100 273 178 197 276 6 164 26
1 13 12
243 287 8 211 258 216 117 295 29 235 178 218
1 2 5
145 49 117 118 250
1 1 9
21 202 243 146 25 153 186 114 50
1 2 14
128 87 149 60 110 81 43 21 292 39 69 70 33 16
1 15 11
261 22 65 32 221 242 231 184 215 13 287
1 20 4
97 226 292 81
1 7 10
31 50 186 189 51 190 119 194 276 267
1 4 14
151 200 46 41 87 197 114 224 280 185 132 235 248 265
1 3 7
50 218 73 8 235 273 31
1 18 15
216 7 259 43 141 264 256 179 181 199 78 147 228 290 58
1 18 2
111 18
1 9 7
150 264 60 232 84 211 129
1 5 8
86 59 26 142 14 23 282 208
1 11 15
200 165 234 75 93 146 142 259 282 107 48 241 6 94 11
1 9 7
174 133 1 100 229 143 275
1 19 4
81 238 137 246
1 20 8
239 156 299 206 197 255 209 229
1 17 3
4 68 48
1 20 11
41 168 211 251 241 253 174 87 103 16 165
1 12 6
250 231 245 150 290 198
1 15 10
229 262 195 63 148 183 242 176 5 275
1 1 3
110 126 160
1 12 11
276 36 278 122 43 101 242 241 243 193 211
1 11 7
256 234 211 151 278 204 106
1 1 7
32 223 106 76 199 231 144
1 18 4
127 31 105 214
1 19 15
211 168 89 46 281 188 66 161 35 111 32 51 229 34 122
1 16 6
157 158 142 180 109 204
1 20 4
48 224 43 89
1 1 13
181 169 157 57 76 55 130 65 290 232 204 295 241
1 19 3
176 257 24
1 6 14
95 150 195 137 45 21 211 85 292 145 238 244 298 83
1 9 13
285 215 125 91 235 226 88 209 103 17 3 8 98
1 10 9
23 113 53 33 22 247 159 257 280
1 4 14
243 293 13 246 264 263 181 151 193 259 188 65 49 284
1 12 6
154 206 211 105 63 135
1 15 7
171 192 185 55 254 222 73
1 12 2
130 81
1 13 9
114 201 148 243 283 47 180 212 120
1 4 13
74 251 211 76 45 84 183 129 290 135 97 137 164
1 17 4
114 189 58 139
1 12 3
207 86 10
1 5 5
275 298 171 242 31
1 1 3
57 143 298
1 14 6
262 152 251 119 148 142
1 4 2
142 104
1 20 3
80 52 17
1 8 6
134 115 178 4 15 290
1 16 5
255 164 131 9 109
1 5 12
82 177 214 24 144 230 259 18 260 3 209 26
1 14 3
272 237 82
1 18 12
1 185 95 237 124 43 197 129 130 178 81 170
1 5 11
5 194 166 188 228 94 189 297 142 47 79
1 2 6
6 34 178 196 177 58
1 18 5
55 64 233 112 69
1 3 6
78 214 221 25 66 208
1 5 6
104 37 207 11 239 180
1 2 8
157 112 106 15 253 109 164 80
1 2 3
152 137 140
1 16 9
75 35 61 292 232 136 32 98 256
1 13 6
0 173 75 183 272 102
1 3 15
81 53 2 228 105 94 110 41 264 176 153 27 210 212 70
1 11 6
159 233 123 220 252 58
1 17 2
49 253
1 12 9
12 100 202 133 31 142 132 264 74
1 7 12
88 284 94 25 148 129 285 143 242 101 1 28
1 8 9
37 294 28 274 59 282 187 236 31
1 1 14
107 142 157 185 70 167 199 52 194 197 190 267 195 35
1 8 12
174 40 152 80 14 89 282 271 188 292 206 153
1 9 9
19 288 14 104 17 197 116 45 143
1 20 5
106 154 86 163 296
1 1 4
201 213 72 204
1 8 13
146 28 9 242 261 216 251 294 201 142 197 249 194
1 18 3
150 90 295
1 16 7
234 165 241 131 248 140 75
1 13 8
127 101 289 19 275 108 243 99
1 18 4
41 32 69 67
1 2 7
237 192 272 161 33 27 177
1 4 8
297 79 221 139 157 82 263 281
1 19 10
160 172 77 223 184 152 293 95 153 82
1 14 3
72 187 22
1 5 6
241 237 10 259 107 180
1 14 5
127 63 190 102 58
1 19 4
102 152 220 143
1 18 6
256 165 129 108 117 90
1 20 9
177 285 174 10 291 34 84 78 113
1 10 7
40 284 115 193 190 230 217
1 18 9
198 203 179 298 183 288 254 36 62
1 19 15
72 133 84 142 158 269 168 40 9 175 1 21 249 207 15
1 4 7
185 63 80 20 22 219 110
1 5 11
221 76 284 88 183 158 198 69 220 82 12
1 20 3
253 162 267
1 9 10
117 287 50 128 227 198 75 126 91 73
1 18 7
38 278 42 205 269 156 232
1 9 10
223 43 129 70 89 85 6 57 127 185
1 14 9
120 95 180 268 10 255 2 113 288
1 13 8
3 109 102 149 155 196 94 146
1 3 10
155 243 71 108 86 60 39 127 259 164
1 12 14
229 187 160 156 56 41 169 44 170 233 128 117 247 42
1 3 14
257 92 291 181 61 175 247 252 295 15 263 36 217 31
1 2 8
10 290 257 186 285 68 96 249
1 6 3
275 56 95
1 11 6
68 190 286 26 82 122
1 10 4
249 112 135 44
1 18 13
263 126 66 40 75 289 120 219 177 292 183 147 24
1 17 10
291 112 123 156 66 297 219 292 80 25
1 11 14
272 253 93 89 21 86 23 281 216 159 128 284 130 53
1 1 12
241 229 295 189 234 77 58 105 238 68 80 267
1 20 7
28 42 149 21 34 216 275
1 2 3
196 46 291
1 14 10
32 46 243 286 273 122 141 270 162 75
1 16 11
119 123 250 211 48 76 179 229 47 137 33
1 9 6
180 143 280 287 212 234
1 12 6
22 71 12 85 198 270
1 20 14
277 232 127 286 107 136 82 273 40 157 172 276 99 25
1 20 11
45 186 18 194 176 128 85 209 265 175 134
1 5 9
279 298 252 21 203 198 144 161 232
1 14 13
36 164 155 292 28 143 265 83 216 286 58 221 6
1 11 4
39 163 130 8
1 14 6
104 49 83 122 72 118
1 11 9
56 136 67 79 13 208 30 2 76
1 7 9
196 17 75 182 108 167 295 245 29
1 12 9
122 27 171 205 37 184 126 67 224
1 5 9
209 29 64 198 113 167 112 178 118
1 8 6
18 252 282 96 84 192
1 10 4
255 214 286 182
1 6 6
289 137 206 200 281 259
1 6 6
31 156 226 130 106 193
1 18 3
266 114 116
1 1 8
82 247 68 201 0 26 261 164
1 3 14
205 60 143 125 247 67 98 219 37 109 286 152 176 256
1 13 7
268 201 29 162 95 72 175
1 10 8
287 92 14 137 59 150 123 149
1 3 14
174 197 58 118 97 166 264 266 181 85 139 151 178 203
1 6 8
62 171 230 241 202 13 65 82
1 1 5
221 156 56 246 207
1 9 3
133 99 273
1 18 6
157 99 204 93 109 52
1 7 4
160 214 151 225
1 10 14
177 46 11 169 2 29 137 205 200 275 168 249 21 135
1 2 13
274 14 9 155 61 82 234 226 51 107 137 16 23
1 19 10
107 202 206 116 255 97 109 166 67 0
1 13 15
216 142 143 101 70 16 239 114 130 233 202 50 161 87 193
1 17 4
283 192 111 5
1 4 13
198 268 12 222 209 179 136 217 50 31 67 223 139
1 10 5
145 188 274 3 87
1 15 8
197 187 224 121 24 53 290 88
1 16 13
92 212 13 294 31 235 280 137 30 123 174 75 228
1 4 10
8 108 114 200 180 201 238 174 191 261
1 2 4
140 287 113 88
1 12 6
272 51 72 92 260 74
1 14 5
61 194 153 91 18
1 18 4
167 204 157 273
1 18 4
58 176 166 69
1 3 4
278 97 37 287
1 1 10
126 203 253 99 202 62 38 251 260 50
1 20 12
102 216 130 156 167 36 253 155 49 26 223 176
1 19 14
109 272 18 17 70 230 122 3 23 10 93 161 170 81
1 14 9
142 160 169 41 246 104 38 11 220
1 6 2
284 229
1 17 3
275 77 229
1 9 3
255 106 118
1 9 12
155 285 29 13 286 45 100 60 90 44 268 170
1 15 12
266 235 209 96 283 89 231 148 206 128 264 27
1 9 7
78 218 178 18 43 108 55
1 14 6
42 31 72 265 161 198
1 3 5
164 213 35 103 228
1 10 5
4 139 2 39 86
1 9 11
249 27 124 129 218 132 31 48 56 230 52
1 19 15
120 244 37 234 75 172 68 268 134 135 78 3 208 210 162
1 10 12
132 128 59 242 216 243 281 259 140 236 66 229
1 11 15
230 114 101 65 234 83 225 184 70 188 295 110 61 267 4
1 6 10
124 75 150 114 99 87 24 112 242 249
1 15 2
101 28
1 3 5
122 38 104 4 214
1 13 10
160 173 288 282 83 144 259 166 65 26
1 5 11
253 176 133 11 150 266 227 291 259 132 198
1 4 15
270 9 27 169 24 265 263 130 35 286 267 134 147 261 49
1 4 8
112 118 264 197 189 172 26 122
1 20 8
166 103 81 278 137 145 63 138
1 13 10
234 104 117 119 261 42 253 25 169 12
1 15 8
55 289 276 255 152 297 236 221
k 20
