300 900 465
11 38 36 11 13 36 31 25 11 14 30 15 25 37 36 16 31 34 27 35 34 26 23 32 34 31 32 35 38 35 16 17 12 17 13 26 35 37 29 29 25 36 12 11 34 18 27 31 13 35 31 18 33 36 38 19 22 14 34 36 11 18 16 36 12 36 33 15 32 28 22 25 29 30 18 22 14 27 21 22 26 13 15 30 35 37 19 27 20 28 38 32 24 21 14 27 38 37 33 15 36 34 25 19 13 23 18 39 17 28 21 28 34 21 39 27 33 40 40 26 25 24 35 33 14 33 16 24 27 39 28 24 34 29 28 11 16 17 15 12 36 23 33 11 35 32 40 36 39 38 36 29 38 25 14 27 34 24 36 13 26 28 12 38 11 17 17 17 21 31 25 37 40 35 16 29 14 24 35 34 27 40 27 19 39 15 23 23 23 23 11 12 37 25 15 28 19 39 26 27 20 14 31 15 18 15 40 35 18 23 36 21 23 12 13 15 14 28 18 17 22 17 39 32 20 25 19 26 18 17 35 24 19 30 25 26 26 11 30 14 29 11 19 30 22 23 37 38 13 15 33 14 22 40 12 13 13 29 25 23 29 29 40 32 26 38 22 40 36 23 19 24 32 30 21 24 36 32 14 12 15 21 23 32 32 17 15 18 31 24 16 15 31 21 24 40 23 24 17 27
1 28 26 1 3 26 21 15 1 4 20 5 15 27 26 6 21 24 17 25 24 16 13 22 24 21 22 25 28 25 6 7 2 7 3 16 25 27 19 19 15 26 2 1 24 8 17 21 3 25 21 8 23 26 28 9 12 4 24 26 1 8 6 26 2 26 23 5 22 18 12 15 19 20 8 12 4 17 11 12 16 3 5 20 25 27 9 17 10 18 28 22 14 11 4 17 28 27 23 5 26 24 15 9 3 13 8 29 7 18 11 18 24 11 29 17 23 30 30 16 15 14 25 23 4 23 6 14 17 29 18 14 24 19 18 1 6 7 5 2 26 13 23 1 25 22 30 26 29 28 26 19 28 15 4 17 24 14 26 3 16 18 2 28 1 7 7 7 11 21 15 27 30 25 6 19 4 14 25 24 17 30 17 9 29 5 13 13 13 13 1 2 27 15 5 18 9 29 16 17 10 4 21 5 8 5 30 25 8 13 26 11 13 2 3 5 4 18 8 7 12 7 29 22 10 15 9 16 8 7 25 14 9 20 15 16 16 1 20 4 19 1 9 20 12 13 27 28 3 5 23 4 12 30 2 3 3 19 15 13 19 19 30 22 16 28 12 30 26 13 9 14 22 20 11 14 26 22 4 2 5 11 13 22 22 7 5 8 21 14 6 5 21 11 14 30 13 14 7 17
1 6 9
148 6 212 262 4 127 222 9 56
1 2 9
166 286 10 160 2 256 130 287 84
1 9 9
169 165 87 171 179 256 220 105 102
1 19 7
130 287 125 184 164 266 217
1 8 6
299 183 194 144 201 176
1 20 15
217 237 134 241 31 230 205 210 200 229 260 211 242 87 259
1 3 3
196 204 288
1 12 13
293 265 133 273 44 151 54 216 207 38 80 157 277
1 13 10
218 194 126 50 48 93 142 94 132 82
1 10 15
91 286 110 145 277 241 2 57 183 15 68 32 223 59 128
1 7 14
2 292 119 49 185 165 115 287 270 249 123 63 188 295
1 5 8
104 257 112 194 130 238 274 21
1 1 11
27 68 29 18 132 70 6 258 31 114 10
1 17 4
157 49 198 241
1 3 15
40 205 89 152 9 19 8 196 74 157 22 78 2 260 176
1 15 4
265 229 215 225
1 2 10
16 234 237 11 92 117 176 44 4 246
1 19 4
47 12 245 171
1 2 7
27 41 244 210 126 38 23
1 3 13
287 193 264 99 100 293 79 55 66 150 183 206 159
1 17 13
117 124 20 173 98 77 175 69 209 11 3 274 166
1 13 3
16 272 24
1 6 3
29 195 111
1 12 8
141 48 125 4 68 296 220 218
1 11 11
10 251 84 252 295 280 88 75 223 172 102
1 20 4
127 195 95 112
1 1 12
298 131 244 106 235 226 125 76 279 270 176 212
1 18 12
258 52 208 58 162 275 289 99 191 134 59 226
1 4 5
225 201 179 59 220
1 1 5
281 117 16 212 44
1 11 9
155 112 179 163 227 131 29 169 197
1 11 13
249 140 75 173 247 242 223 13 265 29 62 294 195
1 12 8
261 167 12 295 149 243 177 68
1 8 4
145 102 71 277
1 15 14
267 297 129 50 35 86 70 266 191 189 64 229 136 48
1 2 2
87 247
1 2 6
191 87 275 54 35 139
1 9 14
196 292 275 284 251 1 14 26 25 240 104 162 56 39
1 1 7
120 119 293 273 272 183 268
1 16 6
77 50 87 215 176 4
1 9 15
42 269 175 195 43 119 200 238 54 69 210 221 197 222 110
1 4 9
78 4 43 95 174 51 196 283 92
1 4 15
231 240 107 161 13 165 256 25 63 94 260 135 73 219 88
1 4 10
240 58 288 87 162 18 70 249 160 279
1 6 10
222 223 290 36 149 130 280 159 88 262
1 1 12
87 54 27 76 225 127 26 50 261 189 66 217
1 20 4
298 34 228 119
1 14 14
85 244 165 195 116 163 279 277 220 67 197 178 35 263
1 7 2
83 286
1 20 9
128 140 117 100 282 259 151 76 250
1 17 5
81 134 299 229 277
1 16 5
273 240 205 266 45
1 1 3
0 37 289
1 11 2
279 230
1 6 10
14 153 291 226 228 110 247 250 38 154
1 19 9
213 176 9 66 239 129 234 148 179
1 12 6
148 21 15 140 51 155
1 20 8
267 259 55 234 115 252 83 166
1 8 9
220 249 36 34 224 70 186 208 111
1 14 7
94 161 218 108 60 212 116
1 9 15
187 213 150 202 182 12 192 287 101 169 223 292 70 281 124
1 11 15
286 216 168 77 181 172 76 244 143 55 232 19 8 273 224
1 8 8
4 36 138 135 41 186 0 94
1 17 6
266 79 235 283 159 75
1 20 15
193 256 218 244 151 67 222 84 210 29 28 14 284 65 162
1 10 10
56 88 53 140 162 14 245 0 261 143
1 13 8
48 128 68 223 41 72 38 254
1 20 14
209 194 195 281 249 285 84 248 128 148 151 178 295 138
1 6 3
17 243 141
1 5 9
209 154 255 136 35 167 256 238 103
1 7 14
211 178 128 218 46 182 197 153 83 146 111 12 23 293
1 16 5
182 245 107 298 88
1 4 7
124 200 146 163 0 59 258
1 19 11
137 19 257 33 143 11 80 247 114 60 4
1 15 6
166 218 220 202 19 183
1 19 7
196 245 15 264 141 136 125
1 1 2
213 4
1 19 7
11 253 102 212 126 91 162
1 14 11
94 21 123 233 15 81 3 168 92 74 252
1 11 3
161 42 272
1 2 8
159 188 63 158 106 162 215 169
1 18 8
99 265 23 175 112 168 231 296
1 17 13
141 108 55 263 58 171 109 246 182 149 37 175 243
1 10 5
5 88 258 132 93
1 5 3
198 155 187
1 4 14
138 165 251 91 53 116 79 162 73 103 86 200 65 118
1 14 9
21 163 271 175 267 24 84 0 166
1 1 8
153 193 65 53 124 183 181 152
1 11 9
74 235 291 15 108 106 77 298 198
1 11 2
68 218
1 16 13
248 271 264 21 287 7 126 10 77 27 299 217 172
1 10 13
10 179 113 75 175 295 270 191 124 80 88 23 97
1 14 11
125 235 69 197 0 14 165 196 260 50 138
1 16 14
155 1 166 254 40 138 118 181 16 289 223 290 264 161
1 15 12
202 42 280 204 174 156 270 41 76 261 289 105
1 10 7
217 287 171 244 174 151 139
1 15 8
207 21 185 225 0 224 252 60
1 18 8
257 79 116 177 175 85 277 169
1 2 10
296 8 151 75 57 28 173 143 204 126
1 14 6
66 254 29 88 289 106
1 16 2
200 119
1 12 11
191 50 43 260 160 169 182 236 268 104 296
1 9 6
134 16 125 160 204 1
1 9 6
231 42 13 273 170 161
1 20 6
1 50 120 38 57 43
1 4 2
34 263
1 11 14
127 15 170 175 76 156 198 256 215 282 115 172 80 157
1 15 7
6 48 119 46 182 86 267
1 2 3
5 208 286
1 5 4
286 79 220 223
1 3 9
117 94 192 59 237 144 15 228 222
1 12 8
174 29 257 273 176 71 112 17
1 17 14
153 192 120 144 53 276 258 212 135 157 185 298 31 241
1 18 8
98 180 14 41 250 116 135 62
1 16 3
208 243 124
1 1 2
13 61
1 5 15
219 80 56 245 58 222 148 130 295 82 218 195 118 232 292
1 20 5
112 96 29 53 50
1 4 13
15 251 144 197 126 143 1 120 290 166 93 227 248
1 7 8
22 158 74 10 2 154 214 201
1 9 13
254 257 262 109 204 135 104 128 147 52 119 288 216
1 9 11
86 231 85 143 268 273 220 163 61 204 98
1 6 4
256 202 291 204
1 16 10
35 189 182 288 281 176 140 104 261 165
1 12 2
38 120
1 12 8
32 238 126 192 170 256 203 39
1 9 4
264 7 219 63
1 12 13
60 120 61 35 141 9 167 224 74 116 132 91 130
1 10 13
165 39 59 230 229 69 110 14 112 3 95 256 167
1 15 9
172 173 17 105 126 3 237 36 119
1 13 14
238 278 19 16 126 249 247 56 72 179 122 114 198 63
1 5 2
140 269
1 10 7
256 79 142 122 131 171 12
1 8 8
168 147 196 158 284 49 194 85
1 20 10
26 279 73 72 189 265 90 248 80 107
1 17 4
131 175 253 258
1 18 11
244 146 264 97 141 112 60 115 288 7 19
1 12 12
201 2 129 128 180 282 227 287 76 165 70 179
1 19 12
75 199 56 236 51 250 294 237 233 288 128 218
1 10 4
5 143 167 90
1 13 10
68 57 112 129 123 60 136 120 226 156
1 17 13
230 211 208 281 257 171 42 110 227 265 101 268 214
1 17 13
176 88 27 290 254 226 211 136 116 194 269 280 43
1 4 3
79 118 59
1 20 6
42 228 274 113 270 81
1 6 4
127 140 251 69
1 5 6
122 268 64 46 104 233
1 11 8
34 290 62 266 231 209 63 192
1 14 2
36 142
1 11 12
214 169 249 88 107 266 129 184 282 53 295 154
1 10 3
96 47 234
1 4 11
193 23 90 275 116 107 249 81 84 168 181
1 20 7
85 70 137 199 193 183 5
1 18 12
47 190 169 239 285 145 131 36 205 25 121 130
1 17 15
146 64 110 172 208 88 113 114 224 30 153 171 201 135 54
1 14 10
127 120 181 36 15 149 74 50 61 225
1 15 4
167 149 162 121
1 18 2
283 111
1 2 9
17 92 163 250 281 159 100 196 273
1 20 8
276 198 48 101 60 150 223 43
1 20 14
67 261 129 36 238 197 220 4 190 224 141 172 40 9
1 19 12
291 258 85 287 93 292 57 146 282 197 65 15
1 18 5
231 240 24 20 86
1 10 12
162 248 151 291 31 163 126 73 171 244 158 180
1 19 15
32 94 5 133 218 61 120 4 190 185 34 265 209 55 262
1 3 5
24 174 119 171 99
1 9 15
56 273 238 233 1 195 256 117 130 6 153 166 134 221 111
1 17 7
4 226 207 109 16 282 276
1 3 9
293 177 124 197 229 104 5 121 243
1 19 12
69 239 120 136 276 174 178 277 255 75 234 271
1 1 9
176 187 128 199 58 74 198 271 129
1 14 7
53 87 144 213 106 26 250
1 12 13
184 108 1 212 137 186 281 224 71 132 180 244 140
1 1 15
275 212 122 116 151 47 179 211 167 219 207 209 133 274 152
1 7 5
95 49 45 103 53
1 20 8
82 79 160 252 261 128 276 123
1 15 4
87 285 122 16
1 7 4
270 276 295 263
1 11 5
161 267 142 153 287
1 7 8
69 281 132 140 259 213 9 224
1 20 13
6 82 290 149 211 143 123 230 294 235 196 62 32
1 9 9
98 179 297 105 230 62 186 257 96
1 18 5
90 191 0 231 6
1 8 7
245 274 289 63 244 145 97
1 6 2
48 257
1 7 15
192 35 16 236 61 128 82 285 182 1 3 220 289 264 273
1 19 7
258 180 149 25 91 248 220
1 16 5
125 266 183 270 246
1 14 3
17 247 220
1 17 8
104 132 178 65 187 36 38 284
1 13 5
189 50 235 23 118
1 3 6
207 219 94 97 147 149
1 3 8
27 81 181 248 241 16 255 282
1 19 3
280 102 140
1 13 13
174 104 255 275 20 213 202 231 214 259 85 78 285
1 6 11
112 299 280 228 181 294 41 118 114 286 123
1 5 4
198 69 80 68
1 15 12
163 164 207 187 14 225 295 213 66 58 234 274
1 11 8
59 225 40 148 21 150 276 57
1 3 13
296 235 231 249 289 42 11 257 158 203 168 177 131
1 12 6
151 210 13 269 46 85
1 12 11
35 273 113 11 43 240 226 142 36 279 71
1 19 7
120 159 25 58 13 95 150
1 10 12
44 60 68 260 1 129 155 243 161 237 53 210
1 10 7
97 199 232 182 188 71 237
1 3 12
190 6 57 60 196 2 85 242 266 21 72 199
1 19 14
120 43 168 98 272 23 170 114 246 241 99 117 26 286
1 17 6
17 137 36 218 178 167
1 3 3
112 284 221
1 18 11
172 181 126 11 56 251 47 186 279 20 93
1 6 2
256 184
1 2 13
131 219 191 141 203 20 36 185 65 126 139 107 251
1 12 11
116 19 100 106 213 110 271 14 205 215 29
1 13 12
294 270 176 56 96 66 212 202 154 7 250 173
1 18 2
32 60
1 4 9
268 114 160 106 218 49 274 4 50
1 15 2
60 209
1 12 6
183 41 79 54 282 135
1 14 11
102 43 187 63 98 216 251 16 123 185 213
1 12 8
186 16 0 46 79 221 68 253
1 9 3
137 281 61
1 1 9
89 41 13 51 225 284 44 18 298
1 13 2
39 251
1 2 2
185 253
1 12 6
157 39 279 20 138 130
1 11 14
63 290 170 32 111 44 212 235 210 53 113 194 94 11
1 7 7
203 108 99 83 141 236 215
1 10 4
48 96 293 292
1 2 15
250 119 78 124 47 256 205 142 295 70 15 216 93 156 212
1 17 12
60 40 141 117 256 292 121 79 148 277 24 224
1 4 7
184 47 70 33 192 6 71
1 17 6
244 238 41 106 80 298
1 13 3
152 39 107
1 9 11
62 170 149 254 106 252 46 246 104 241 151
1 1 11
100 218 188 22 244 236 77 219 30 258 70
1 15 6
264 246 54 113 155 60
1 19 8
71 35 169 112 4 245 263 61
1 11 2
77 7
1 8 9
38 101 286 20 224 59 246 125 141
1 13 9
245 218 105 288 175 247 10 136 64
1 17 8
26 196 119 204 154 30 84 48
1 12 8
276 123 142 156 24 110 231 232
1 5 13
178 295 181 135 172 14 249 144 264 48 277 253 68
1 2 3
59 162 188
1 6 4
225 155 77 154
1 20 2
74 231
1 11 3
200 86 292
1 16 7
156 232 292 13 21 74 153
1 12 14
40 126 269 238 55 4 95 201 234 15 291 271 255 254
1 10 8
285 296 144 243 255 27 138 56
1 5 3
54 145 110
1 20 14
106 92 18 86 73 64 290 162 247 88 31 23 145 144
1 13 6
228 143 75 39 98 125
1 13 15
149 246 218 179 200 290 293 262 229 279 240 169 39 268 104
1 3 5
267 158 46 61 122
1 2 5
238 102 156 30 224
1 19 12
129 105 166 8 72 138 5 200 170 75 79 190
1 8 2
132 265
1 13 15
15 107 70 99 58 130 37 292 246 43 47 141 173 276 72
1 7 2
137 86
1 9 2
71 215
1 8 12
276 32 111 282 25 86 242 184 27 110 272 68
1 1 13
171 169 147 162 227 262 280 180 225 5 54 44 90
1 12 9
145 14 88 232 56 2 26 238 50
1 4 10
153 97 172 294 27 139 0 163 59 281
1 3 15
36 148 147 37 271 246 137 108 144 162 206 154 274 101 201
1 6 3
190 119 133
1 15 15
299 260 75 149 71 199 35 244 250 189 252 129 197 37 268
1 5 9
248 59 137 296 165 261 14 125 104
1 14 5
159 218 67 56 184
1 16 11
160 235 159 131 285 66 97 264 286 82 216
1 11 7
273 92 197 32 233 209 3
1 6 6
58 294 85 286 150 221
1 3 3
59 34 228
1 7 6
92 2 249 11 162 42
1 17 9
146 3 201 197 262 46 154 221 120
1 2 11
120 195 2 253 42 271 247 273 180 288 30
1 1 5
15 60 268 77 270
1 8 6
192 61 122 75 190 279
1 3 5
248 144 204 245 75
1 1 4
39 41 27 93
1 3 9
171 196 148 140 82 210 8 237 293
1 5 2
30 77
1 9 13
208 19 153 176 81 224 162 251 25 12 244 32 254
1 2 8
12 36 141 161 189 233 104 5
1 7 4
168 116 130 77
1 4 13
10 25 96 31 160 118 62 252 73 84 283 17 177
1 18 3
156 222 117
1 4 12
91 68 121 150 157 140 259 129 92 231 275 257
1 9 15
94 4 268 84 64 75 115 69 271 278 289 100 124 59 163
1 18 13
215 89 12 26 248 59 11 244 126 5 120 268 202
1 9 14
168 116 272 83 94 27 172 71 26 129 231 3 284 279
1 3 4
73 96 294 110
1 5 13
69 229 292 125 46 296 85 17 135 201 163 66 68
1 15 15
290 178 225 79 265 261 34 272 299 94 98 22 207 106 55
1 12 7
180 182 99 144 168 270 0
1 10 7
74 47 179 11 15 26 203
1 18 15
206 254 211 50 294 169 11 177 86 146 108 58 82 217 280
1 11 14
262 148 229 46 18 238 284 223 170 114 159 269 15 72
1 6 14
28 163 244 221 73 190 145 245 18 272 175 67 136 104
1 14 5
283 203 90 230 252
1 2 5
66 36 234 133 288
1 2 4
258 124 155 93
1 1 14
151 268 161 79 48 100 60 296 163 130 127 44 275 198
1 11 15
144 86 7 258 29 63 298 149 153 232 250 247 281 243 278
1 9 5
118 246 110 10 106
1 6 4
32 291 171 35
1 18 6
156 160 276 199 98 147
1 9 14
292 218 278 23 32 143 297 224 49 241 64 13 2 104
1 11 5
181 38 217 281 73
1 19 3
203 235 83
1 12 9
151 278 30 262 168 59 27 204 78
1 8 11
175 25 154 163 82 7 246 264 88 21 261
1 14 8
74 216 130 4 292 288 261 194
1 9 3
161 216 146
1 6 4
262 266 79 114
1 19 5
278 287 204 33 86
1 18 14
77 146 41 294 87 135 39 51 157 257 130 285 58 59
1 16 13
102 80 290 119 273 135 269 180 169 95 255 33 208
1 19 6
166 298 110 265 289 208
1 6 13
158 22 280 235 269 196 191 211 84 155 157 284 86
1 18 5
253 143 84 203 183
1 4 4
164 156 86 290
1 16 13
38 216 15 223 296 198 253 206 104 138 172 252 122
1 20 4
285 167 251 102
1 20 3
260 141 181
1 14 10
202 79 110 78 99 159 195 230 263 217
1 10 11
170 132 115 42 28 258 135 228 37 196 25
1 12 13
153 34 80 238 72 232 15 94 229 150 271 123 89
1 17 6
111 272 37 63 297 269
1 19 6
43 111 163 1 249 200
1 1 13
5 233 167 102 35 53 108 57 129 43 165 80 18
1 7 2
140 193
1 18 10
266 229 90 276 92 82 190 123 42 125
1 10 9
251 66 214 210 29 152 49 100 224
1 19 5
63 184 176 19 49
1 11 3
271 164 187
1 10 13
80 179 82 3 238 111 134 91 108 133 250 100 148
1 11 9
229 56 97 194 40 197 109 233 193
1 8 12
201 136 155 175 153 203 207 139 289 173 176 122
1 6 14
51 61 111 104 18 206 58 289 235 164 128 275 8 20
1 3 8
112 155 18 61 118 248 165 234
1 9 4
184 64 40 101
1 19 5
233 138 10 297 264
1 4 7
140 150 74 216 204 47 173
1 12 14
195 155 184 35 294 152 279 110 240 275 241 150 177 260
1 11 15
170 110 151 32 2 234 61 237 9 207 78 83 217 135 138
1 18 11
147 13 139 276 6 185 295 22 158 194 208
1 4 7
296 214 135 17 1 149 195
1 6 15
69 13 207 139 100 158 275 80 184 261 81 12 290 74 256
1 16 6
236 22 228 78 270 158
1 9 10
70 51 12 291 78 198 126 165 137 116
1 11 12
38 272 249 260 264 274 113 139 7 212 285 16
1 1 9
94 263 106 90 298 228 201 60 195
1 20 15
203 215 85 180 131 26 17 152 91 227 110 96 113 286 288
1 1 2
234 209
1 5 9
100 134 59 139 236 12 72 62 217
1 12 5
299 102 135 165 58
1 20 10
149 23 114 102 237 91 139 266 65 170
1 20 10
31 273 15 1 130 105 17 68 266 23
1 10 5
288 68 164 56 254
1 17 11
66 277 164 161 36 228 20 106 234 290 209
1 7 5
225 175 200 217 64
1 3 9
16 171 102 210 277 40 115 279 161
1 12 11
0 266 27 213 105 212 71 195 236 38 280
1 6 12
269 293 34 183 55 20 4 88 83 241 104 253
1 9 4
198 79 88 219
1 15 2
243 236
1 16 6
183 119 122 48 28 89
1 2 2
185 66
1 17 2
155 237
1 7 12
2 24 129 50 67 14 283 84 279 163 254 280
1 8 13
95 73 196 225 21 135 6 134 110 131 262 45 89
1 14 7
57 215 107 255 231 216 7
1 14 6
239 107 168 18 112 180
1 17 5
193 212 299 223 121
1 4 5
195 206 217 13 293
1 14 7
0 299 172 218 106 290 279
1 5 15
0 46 15 166 239 241 150 65 50 131 237 170 258 135 220
1 2 2
128 167
1 16 9
175 177 111 148 171 254 294 75 26
1 13 12
252 13 39 30 244 56 31 203 33 299 153 293
1 12 13
257 295 111 235 201 203 5 27 266 202 213 293 158
1 8 8
4 210 292 151 45 108 110 213
1 20 15
41 63 10 248 36 146 274 125 117 8 247 245 242 268 240
1 9 7
119 89 265 263 126 76 120
1 2 14
23 163 77 41 146 283 89 49 25 229 44 35 206 245
1 15 3
180 36 44
1 11 12
116 275 193 207 239 54 124 143 244 38 91 132
1 9 12
177 102 115 17 149 142 88 61 275 37 130 273
1 19 14
5 165 112 38 46 213 21 166 9 278 12 29 175 138
1 11 7
47 200 251 220 175 161 133
1 6 8
277 47 87 203 127 132 90 214
1 1 8
35 257 281 231 183 44 3 115
1 19 12
98 78 122 214 293 182 275 72 282 261 147 28
1 20 3
178 25 141
1 12 4
32 261 182 102
1 11 2
126 194
1 11 4
121 295 8 156
1 4 11
67 49 109 187 210 272 254 263 296 252 164
1 8 11
293 268 185 184 46 109 14 136 153 13 169
1 5 5
271 63 182 99 96
1 18 15
187 188 48 77 209 116 210 164 249 54 132 203 266 119 290
1 15 7
246 118 21 79 295 248 95
1 20 5
65 83 32 148 67
1 1 15
193 169 269 42 247 26 207 175 242 233 103 90 121 22 100
1 2 13
62 278 125 276 290 129 166 46 233 123 178 149 114
1 2 14
161 90 273 175 171 113 236 75 96 3 284 159 73 95
1 19 8
194 186 71 106 262 133 104 59
1 15 14
4 41 262 7 285 26 291 219 215 0 132 118 35 185
1 13 5
56 169 254 226 153
1 7 6
227 291 127 269 97 253
1 4 14
191 100 80 293 266 178 285 115 105 286 212 264 280 78
1 11 11
69 278 201 216 233 260 145 23 199 148 228
1 15 14
203 119 182 156 16 134 184 40 239 124 109 28 42 112
1 4 11
216 80 121 198 276 192 58 21 26 53 83
1 4 2
97 254
1 20 14
116 111 108 81 226 134 187 74 274 32 103 250 264 247
1 19 14
179 26 229 154 102 216 294 197 152 211 219 233 13 165
1 9 13
243 195 10 258 220 92 22 96 170 85 71 176 118
1 19 13
100 280 40 246 173 108 5 294 216 237 34 170 111
1 10 15
93 106 208 74 181 237 102 18 138 11 222 226 286 103 186
1 12 14
89 126 151 59 111 83 289 138 19 72 23 266 11 298
1 16 3
266 274 200
1 18 10
172 229 168 33 18 186 260 135 8 22
1 4 6
128 109 166 84 154 270
1 17 8
72 8 185 53 212 293 109 30
1 6 3
218 104 122
1 8 12
55 191 284 33 206 30 54 192 171 142 287 19
1 11 11
53 105 149 247 69 216 48 151 45 8 298
1 1 11
251 38 39 114 110 203 252 26 163 92 22
1 6 14
139 80 84 72 13 45 256 224 275 108 289 249 147 290
1 12 8
180 21 139 39 24 279 44 281
1 14 10
233 290 239 90 283 101 140 287 128 175
1 6 7
201 148 94 221 253 285 290
1 4 15
186 14 144 142 267 151 143 86 100 102 107 137 190 224 45
1 11 14
91 54 64 282 100 101 38 83 84 62 216 20 137 267
1 2 13
229 203 268 95 37 127 282 147 192 18 53 45 260
1 6 5
122 38 250 112 199
1 8 8
181 7 283 39 58 132 216 234
1 10 11
86 63 61 42 108 199 277 107 41 291 159
1 10 7
82 32 267 295 62 139 280
1 14 13
58 272 280 199 121 165 195 235 142 60 136 146 85
1 11 13
96 33 288 104 71 130 163 145 55 231 101 39 10
1 7 6
266 253 268 214 86 114
1 14 12
58 11 159 76 289 209 20 214 7 47 121 211
1 17 14
174 63 286 279 248 292 111 215 182 234 290 147 201 183
1 3 2
164 272
1 8 11
278 183 205 23 119 224 297 19 69 106 76
1 12 5
213 287 94 202 36
1 17 5
16 43 0 89 131
1 9 2
201 72
1 11 12
247 123 199 128 289 51 186 127 255 196 101 251
1 19 14
234 144 253 205 217 176 244 81 44 187 299 84 136 229
1 11 14
274 141 95 41 198 167 53 137 245 114 1 133 291 241
1 1 15
86 155 177 38 152 35 136 36 147 87 161 142 162 189 159
1 11 15
184 168 182 88 97 141 211 195 192 210 238 174 39 283 3
1 13 6
244 19 297 9 143 117
1 15 14
67 197 228 287 79 98 279 265 109 85 188 131 182 190
1 4 11
14 13 118 163 280 85 7 139 229 236 299
1 12 15
93 291 255 63 252 296 230 260 280 134 290 83 25 102 276
1 20 12
34 263 180 45 3 84 172 132 252 212 133 57
1 3 8
260 154 165 222 181 178 159 10
1 20 13
190 139 66 65 180 223 11 121 227 245 234 31 32
1 13 6
142 239 202 117 231 27
1 20 14
35 238 256 224 296 180 71 236 47 260 79 282 17 246
1 7 2
67 118
1 13 5
270 81 68 258 269
1 6 15
295 0 92 266 130 277 264 217 9 109 23 48 211 4 40
1 10 13
203 70 184 269 145 112 4 293 35 92 175 178 124
1 18 5
89 12 237 95 220
1 15 12
269 281 279 8 106 157 107 248 288 56 194 125
1 15 13
182 180 218 213 174 26 101 27 114 38 206 62 15
1 11 11
67 52 87 193 79 279 75 109 120 295 134
1 4 7
47 11 185 288 65 211 9
1 19 11
5 179 133 250 135 208 46 153 119 202 170
1 6 5
79 104 257 115 66
1 17 7
7 156 148 275 78 1 108
1 4 6
12 266 63 104 10 84
1 16 15
248 200 105 43 250 58 147 287 180 169 292 190 208 289 112
1 18 10
16 217 246 49 28 222 165 138 185 153
1 17 15
195 161 105 220 249 248 212 92 125 26 4 194 87 148 136
1 4 9
208 17 226 132 283 60 149 236 23
1 11 2
51 163
1 12 7
168 261 40 98 174 277 167
1 20 11
171 266 240 86 2 105 174 277 263 84 115
1 4 10
87 10 126 202 19 12 183 132 297 127
1 3 5
225 205 17 194 264
1 19 10
27 70 225 227 118 161 170 293 266 282
1 8 8
209 70 16 238 47 290 69 33
1 19 11
4 260 217 152 188 212 44 153 249 23 251
1 20 10
253 173 286 260 60 130 202 80 151 161
1 12 14
124 139 119 54 68 123 171 266 210 271 39 198 190 3
1 3 15
228 68 52 29 143 125 15 199 71 81 83 276 112 153 128
1 17 11
244 151 195 5 237 263 293 110 299 292 248
1 10 15
181 37 204 240 159 237 103 14 97 190 72 120 108 282 245
1 19 4
47 150 253 254
1 18 13
171 292 21 285 240 290 35 53 273 136 11 246 99
1 15 14
50 2 262 26 142 234 100 209 90 111 110 282 213 119
1 17 13
10 39 18 284 281 145 243 295 19 246 53 148 141
1 19 11
104 249 41 38 266 187 175 82 156 133 226
1 2 2
130 77
1 8 8
3 187 208 130 259 278 185 76
1 2 3
231 159 50
1 8 13
186 19 35 272 140 205 24 167 6 54 22 52 20
1 3 11
34 82 10 169 155 171 282 294 234 266 134
1 7 2
268 35
1 7 14
193 108 121 104 282 11 238 111 25 3 43 252 174 37
1 14 7
183 73 153 82 278 239 288
1 18 15
274 100 218 283 258 294 46 227 198 165 84 35 94 167 159
1 14 3
121 269 152
1 15 14
218 104 192 242 152 258 207 150 98 143 79 265 59 96
1 17 8
228 89 160 256 263 75 16 79
1 13 4
25 274 292 83
1 6 2
136 240
1 12 11
11 121 271 36 133 220 135 278 118 3 269
1 7 15
145 53 123 218 215 217 245 72 259 282 264 95 17 207 213
1 15 6
295 292 283 40 0 275
1 10 9
281 191 244 111 299 216 221 207 233
1 15 14
231 149 70 63 272 121 154 225 113 176 57 59 159 147
1 18 12
94 261 221 5 19 26 90 123 265 1 288 178
1 6 2
229 296
1 7 13
157 174 280 68 142 136 47 52 269 246 279 271 168
1 11 8
36 118 220 296 170 132 60 211
1 11 8
262 59 131 164 196 121 100 119
1 6 2
20 73
1 16 3
81 288 151
1 6 6
66 91 226 298 21 248
1 12 10
73 112 220 82 94 226 127 195 234 193
1 20 7
17 231 260 157 129 160 40
1 16 12
209 203 19 274 81 67 253 298 129 5 58 294
1 13 4
147 168 132 210
1 9 2
298 36
1 6 3
253 211 228
1 1 13
88 240 45 122 241 259 9 82 0 131 287 296 202
1 3 15
48 97 64 93 212 76 284 259 257 151 114 195 168 237 157
1 10 15
69 252 22 144 284 294 122 108 220 128 142 171 86 177 204
1 20 4
214 232 110 122
1 16 4
153 222 23 200
1 20 6
125 85 57 192 31 222
1 13 11
166 240 137 83 275 252 221 111 25 194 114
1 19 12
10 64 295 61 24 141 159 95 187 165 127 204
1 2 15
65 228 60 49 217 215 11 212 293 214 147 14 55 205 97
1 15 5
142 146 125 97 278
1 16 14
150 283 65 288 239 74 34 103 15 11 259 28 111 33
1 3 7
38 150 274 237 248 272 172
1 9 9
184 118 194 52 178 13 23 29 190
1 13 6
31 0 278 231 97 102
1 10 12
141 186 122 32 200 132 225 123 206 217 169 296
1 11 6
230 265 94 214 33 69
1 6 6
295 201 124 77 241 208
1 3 5
166 15 121 240 53
1 20 14
0 150 119 5 215 168 283 251 43 89 189 67 141 120
1 10 8
250 6 285 188 256 197 207 271
1 11 13
191 64 269 96 298 207 221 200 266 61 263 217 145
1 14 8
123 221 183 275 90 293 203 14
1 1 10
258 42 265 270 243 237 102 82 129 298
1 12 12
8 64 78 201 110 181 73 56 31 132 187 105
1 6 6
183 224 110 49 150 129
1 5 12
185 155 100 272 188 93 261 108 171 126 284 183
1 6 5
41 239 260 71 297
1 12 6
294 40 168 138 165 96
1 10 15
127 11 3 220 140 229 298 86 105 269 97 250 227 121 163
1 10 4
235 249 296 196
1 17 10
267 102 284 286 242 71 205 192 285 170
1 13 8
225 91 172 274 39 146 54 113
1 3 3
215 180 266
1 16 3
92 1 280
1 20 5
198 193 94 266 8
1 11 7
44 272 257 252 220 200 10
1 2 10
75 161 261 83 51 118 73 43 266 185
1 5 14
42 90 169 157 164 250 206 207 84 80 112 243 220 114
1 14 14
65 248 202 151 147 111 255 278 66 191 223 16 158 120
1 5 5
172 288 66 181 2
1 14 12
95 76 119 209 234 89 133 193 278 264 281 179
1 2 11
144 134 66 231 215 149 111 161 253 228 201
1 3 8
12 258 194 186 124 189 205 77
1 11 5
258 20 280 129 82
1 3 3
188 136 133
1 3 13
183 54 170 227 121 202 167 273 158 34 130 209 118
1 17 4
251 150 252 162
1 18 4
226 227 28 45
1 11 6
272 57 222 97 166 252
1 18 15
5 163 63 267 189 139 215 70 22 76 4 29 59 294 28
1 6 7
15 157 154 188 48 235 40
1 9 7
158 104 59 279 169 250 208
1 2 2
207 47
1 6 7
123 150 11 181 204 227 226
1 10 6
295 247 7 85 151 218
1 2 13
152 43 77 6 203 201 281 138 57 205 175 218 104
1 6 11
233 211 209 199 228 131 63 0 227 277 299
1 17 14
220 250 24 266 209 170 109 105 212 258 53 278 83 161
1 19 4
198 219 214 39
1 3 2
287 292
1 16 10
64 214 102 119 7 134 239 233 291 74
1 17 9
29 96 120 235 14 132 142 218 23
1 8 12
127 74 97 101 197 232 123 178 283 17 34 13
1 17 4
42 226 190 243
1 2 12
32 28 291 197 150 179 18 124 214 57 72 180
1 10 8
66 14 57 292 299 157 238 254
1 6 14
111 126 135 32 138 299 163 130 265 124 261 19 37 256
1 20 4
146 62 278 190
1 19 11
177 250 158 169 28 59 21 296 287 174 50
1 10 11
59 17 266 20 107 237 144 123 67 48 117
1 13 10
240 222 280 264 113 267 276 57 52 72
1 20 7
4 297 118 266 294 209 228
1 18 8
38 249 164 196 117 132 112 58
1 12 4
263 143 271 136
1 6 11
83 183 2 248 165 27 240 127 279 6 202
1 18 13
281 255 231 163 219 148 299 27 251 0 267 29 135
1 7 13
10 113 158 184 108 290 123 72 91 9 268 139 89
1 11 7
132 236 144 203 261 134 182
1 9 3
19 272 124
1 5 10
194 115 244 74 128 181 19 189 142 292
1 5 7
249 181 226 23 111 167 10
1 12 10
17 81 70 72 220 67 13 199 262 48
1 15 13
290 204 89 275 196 126 152 111 266 234 115 156 270
1 7 6
66 33 16 228 137 92
1 3 13
234 203 166 174 293 4 42 123 205 60 95 26 97
1 1 6
264 281 81 290 42 57
1 13 7
115 7 33 220 82 266 62
1 9 2
117 148
1 5 15
43 215 86 35 72 116 261 135 100 132 268 273 10 44 192
1 3 5
222 22 56 232 53
1 5 15
160 189 39 153 61 203 7 285 173 252 271 132 21 214 122
1 8 15
84 7 203 125 247 89 201 211 97 152 159 60 31 148 37
1 4 9
163 20 236 260 125 37 34 286 85
1 10 10
5 80 248 150 170 157 34 67 254 296
1 11 12
22 103 94 269 218 282 174 83 186 176 128 150
1 17 12
132 206 118 77 148 23 2 117 116 299 165 287
1 20 7
256 87 280 114 205 45 109
1 12 7
34 38 74 56 73 5 37
1 3 2
32 191
1 12 14
159 172 191 131 180 47 39 126 210 229 56 266 283 44
1 2 12
51 31 89 248 86 202 198 177 234 224 156 173
1 16 12
275 89 184 153 39 278 68 74 167 4 110 200
1 9 13
44 30 29 125 124 229 19 78 15 193 188 45 151
1 2 15
201 146 217 152 112 88 280 143 244 125 122 294 290 263 246
1 7 9
66 12 26 195 296 86 105 6 221
1 12 10
67 134 163 126 76 273 104 170 108 116
1 6 3
58 91 123
1 16 2
37 3
1 18 6
169 204 280 22 159 103
1 20 4
174 290 189 68
1 19 14
116 19 258 92 129 149 237 267 254 99 27 76 241 293
1 14 12
22 287 43 14 252 166 180 190 193 92 273 171
1 20 7
187 76 42 58 82 51 99
1 5 9
277 114 299 267 221 161 58 169 162
1 3 11
146 190 118 179 152 40 8 57 187 133 25
1 1 3
129 99 206
1 11 9
187 229 25 31 226 65 80 35 261
1 16 3
101 262 149
1 11 14
127 243 229 145 198 251 96 101 10 295 37 235 94 292
1 6 11
245 100 282 22 247 277 271 211 58 125 217
1 9 3
78 195 65
1 7 10
190 126 202 116 259 96 169 193 110 214
1 4 10
143 249 140 99 22 196 260 72 15 245
1 10 6
189 256 17 18 295 258
1 10 2
37 105
1 7 8
156 241 289 228 27 169 44 154
1 18 11
130 228 218 250 194 52 138 12 205 18 60
1 20 7
137 285 249 70 35 151 255
1 18 13
290 179 177 284 138 42 12 286 41 183 69 85 53
1 19 10
242 187 35 68 215 230 150 219 251 83
1 8 4
245 35 36 242
1 4 4
28 228 191 256
1 13 12
106 6 216 131 68 88 100 234 120 101 63 102
1 11 10
242 226 298 180 275 121 278 193 67 207
1 18 15
20 213 254 81 51 288 272 52 43 136 66 173 178 219 72
1 5 14
110 101 242 14 195 55 32 114 255 258 184 244 198 155
1 17 5
48 35 134 93 133
1 1 13
198 35 124 68 121 250 81 176 9 236 254 256 283
1 6 2
26 288
1 10 4
95 33 52 157
1 4 2
116 259
1 1 13
161 102 230 170 136 196 130 42 9 158 105 182 214
1 20 13
99 117 125 276 53 121 266 261 140 231 142 2 202
1 20 9
185 160 186 130 62 209 92 269 2
1 11 2
18 13
1 7 7
113 99 176 185 223 220 193
1 15 15
190 261 44 206 8 187 48 148 250 281 29 146 13 92 27
1 17 11
293 26 23 96 121 31 249 212 16 298 43
1 13 11
211 52 46 224 232 299 178 185 284 85 249
1 17 8
127 246 239 45 248 92 76 82
1 3 15
64 290 124 19 35 123 235 257 8 215 258 191 96 188 179
1 7 13
118 222 114 65 246 31 54 271 80 277 195 264 258
1 16 13
121 265 138 119 96 1 196 154 243 283 246 53 198
1 16 9
71 109 105 131 33 63 149 70 287
1 16 5
275 45 258 191 170
1 8 10
112 56 198 277 110 91 218 173 250 237
1 1 6
206 48 82 168 209 254
1 11 4
63 61 19 112
1 11 7
122 167 169 212 272 220 255
1 11 6
226 127 184 173 179 60
1 6 11
250 144 2 17 157 139 50 209 151 182 292
1 7 10
166 51 244 85 204 59 257 45 254 234
1 4 13
165 252 38 17 226 10 55 143 187 79 209 227 205
1 15 10
153 140 295 53 138 14 143 90 132 35
1 20 3
188 201 54
1 17 5
147 96 37 28 55
1 11 11
279 184 75 222 34 257 90 152 91 254 286
1 5 3
211 27 222
1 6 9
269 274 156 182 161 117 148 15 44
1 15 15
164 246 8 272 195 21 146 151 53 19 134 52 113 234 244
1 6 3
206 52 75
1 5 5
285 143 178 8 98
1 4 12
148 151 68 111 169 222 134 88 232 56 223 128
1 4 8
241 252 71 247 242 143 174 201
1 11 4
255 229 119 134
1 8 11
165 97 39 167 279 65 51 98 27 91 224
1 5 15
21 190 119 194 91 71 88 65 98 92 41 35 55 186 130
1 5 13
168 5 98 17 29 136 178 66 108 117 109 82 110
1 6 3
75 109 169
1 17 14
170 222 26 148 240 270 254 243 295 173 134 123 128 276
1 19 14
288 55 268 158 20 290 77 275 279 266 174 204 42 291
1 17 9
235 94 108 23 96 292 156 277 298
1 6 6
169 89 150 245 7 56
1 5 13
210 261 198 42 1 291 151 241 168 142 132 112 173
1 1 7
53 170 95 65 105 210 54
1 13 13
115 100 165 136 253 104 188 274 175 128 23 156 34
1 11 8
126 25 215 250 293 294 169 73
1 13 15
250 129 293 37 93 262 19 292 130 98 242 204 114 214 36
1 10 13
33 118 202 78 216 192 31 175 8 145 70 14 181
1 6 10
296 158 83 204 120 260 108 53 5 244
1 14 13
82 65 79 295 52 90 224 132 242 259 23 39 31
1 11 5
259 79 147 135 50
1 13 2
64 106
1 18 3
50 147 117
1 16 13
93 190 293 53 123 254 95 157 232 127 178 149 205
1 16 11
43 62 187 124 128 182 256 25 274 176 142
1 16 9
133 242 125 279 184 109 60 116 199
1 16 7
229 78 235 221 222 112 264
1 8 6
69 35 255 94 132 271
1 11 5
187 37 57 236 83
1 19 2
150 163
1 13 13
294 188 65 268 106 166 55 231 71 41 46 132 123
1 12 15
173 82 284 238 58 277 255 185 49 106 266 260 40 93 50
1 12 7
147 290 155 103 266 13 1
1 5 9
293 198 145 126 157 19 55 21 163
1 11 5
9 237 51 120 132
1 9 15
133 29 3 64 186 107 152 268 100 264 179 262 56 294 108
1 8 3
10 229 114
1 20 7
167 95 5 265 216 20 6
1 11 14
222 284 277 290 264 66 246 242 197 186 205 292 231 87
1 20 2
232 288
1 14 13
217 132 39 52 42 207 131 1 210 182 176 93 283
1 1 10
105 136 284 66 200 72 90 298 294 79
1 18 3
138 112 255
1 7 6
212 82 241 167 80 110
1 10 6
275 38 32 100 95 105
1 12 11
127 295 271 221 206 40 245 273 50 293 183
1 6 14
115 160 289 267 168 221 182 279 14 144 215 5 42 191
1 4 11
18 90 273 289 190 28 72 103 195 238 139
1 20 8
83 199 108 248 28 53 187 52
1 8 2
46 35
1 5 14
134 281 17 207 70 140 41 4 1 298 72 132 160 239
1 16 6
110 57 212 195 251 267
1 5 13
12 5 269 218 51 153 263 291 213 72 142 46 159
1 8 10
43 104 1 269 155 238 188 58 18 207
1 1 2
281 73
1 3 8
165 194 78 201 121 186 225 138
1 6 14
203 229 31 145 194 254 126 139 88 152 212 204 162 34
1 10 15
242 103 53 153 54 76 69 24 3 171 259 44 295 265 125
1 20 11
94 120 40 98 75 198 265 252 73 284 144
1 15 10
213 58 9 72 126 194 248 196 116 136
1 6 12
285 287 19 170 160 0 25 228 115 141 52 13
1 7 8
165 239 26 187 60 234 257 240
1 17 11
208 187 8 61 203 155 91 215 254 29 214
1 1 7
97 187 16 71 51 134 112
1 16 15
27 25 16 31 54 174 295 264 149 20 70 254 194 150 285
1 4 11
5 160 72 161 298 170 63 262 3 257 297
1 19 8
221 95 66 45 217 28 193 293
1 11 4
101 157 167 48
1 15 12
294 201 66 229 21 45 182 269 137 167 172 89
1 15 3
179 196 112
1 8 6
189 195 220 82 166 193
1 14 11
208 60 90 273 147 173 162 5 51 119 167
1 7 8
68 261 124 69 145 243 282 5
1 12 12
18 182 197 92 290 267 283 121 23 285 69 227
1 6 6
254 111 294 188 258 89
1 14 13
184 96 81 247 258 185 287 108 142 23 201 293 266
1 16 14
246 24 54 168 41 29 133 179 191 222 280 256 127 6
1 15 12
296 267 75 196 275 251 287 188 177 13 57 286
1 8 8
85 12 50 120 41 109 203 71
1 6 7
107 226 243 264 72 219 170
1 16 2
51 61
1 17 12
177 105 128 248 127 35 218 187 185 266 135 168
1 4 15
177 29 157 283 255 238 14 110 71 164 184 145 85 168 280
1 20 8
119 278 122 10 146 198 218 1
1 15 2
243 95
1 12 13
265 30 50 28 54 96 138 22 37 189 192 104 31
1 10 15
139 12 197 146 253 45 228 170 289 297 283 113 250 274 242
1 10 12
297 255 202 127 36 10 80 222 280 217 110 113
1 9 4
158 185 243 125
1 12 10
278 175 272 288 201 14 114 42 281 181
1 8 9
121 206 65 196 76 69 277 271 49
1 1 11
167 177 188 138 226 198 79 242 246 17 200
1 12 13
173 275 154 187 263 235 170 201 166 136 281 195 218
1 7 8
85 141 139 8 149 272 34 12
1 20 13
179 85 276 90 66 14 19 100 224 163 207 142 53
1 9 10
199 72 270 165 251 228 225 169 287 140
1 12 12
120 62 129 86 76 14 183 44 72 78 172 69
1 7 4
294 20 24 144
1 4 4
290 84 45 3
1 8 2
53 31
1 12 12
56 98 31 121 131 204 40 222 109 8 87 28
1 5 3
82 108 251
1 7 2
87 177
1 17 5
112 257 51 210 120
1 6 7
35 20 217 283 63 207 61
1 6 5
247 226 239 1 290
1 11 11
285 3 104 21 179 288 5 183 266 229 78
1 5 11
12 252 10 123 261 17 175 129 245 65 258
1 20 4
193 267 241 98
1 6 8
259 0 72 143 271 204 123 244
1 14 13
206 287 276 292 40 44 149 204 67 91 5 213 122
1 18 3
185 51 156
1 4 11
168 9 77 194 121 96 149 191 13 180 17
1 11 6
91 50 267 223 44 39
1 5 13
150 133 28 63 158 245 47 276 190 260 156 36 180
1 20 12
63 70 264 227 225 163 40 254 189 235 24 287
1 8 3
121 274 230
1 17 6
22 55 8 87 257 39
1 10 2
244 181
1 7 14
199 152 210 125 206 170 257 36 11 7 80 44 173 169
1 10 11
200 238 122 90 203 297 156 174 162 81 155
1 7 7
16 44 178 71 199 217 2
1 5 10
106 286 167 104 278 145 70 195 60 9
1 13 3
175 288 118
1 3 13
259 222 197 102 255 12 137 170 234 239 268 82 281
1 14 10
120 229 176 174 202 188 284 43 150 92
1 17 14
44 186 101 4 275 179 69 5 99 12 22 249 148 32
1 5 9
242 210 200 34 130 110 272 27 107
1 7 8
235 71 251 243 25 131 46 168
1 6 7
211 47 10 204 153 20 112
1 1 11
66 143 222 248 276 282 281 109 0 250 31
1 20 12
299 86 73 61 12 175 225 49 153 246 52 208
1 1 12
188 116 170 156 205 84 269 222 196 81 85 27
1 12 4
202 38 235 36
1 8 7
227 180 53 247 266 94 286
1 18 14
19 157 147 92 81 51 210 208 105 87 15 108 140 141
1 11 7
14 236 229 2 36 207 82
1 6 6
140 201 121 260 205 269
1 6 3
25 6 8
1 12 3
213 295 195
1 14 9
232 170 1 90 97 0 210 11 106
1 5 5
173 251 248 208 270
1 8 3
230 190 96
1 6 9
72 115 283 207 53 83 120 60 117
1 7 12
213 95 248 129 89 276 266 283 113 285 144 258
1 16 14
151 74 65 67 162 23 18 208 68 172 88 248 163 38
1 2 11
260 255 61 170 58 293 167 60 26 194 282
1 12 15
242 225 164 113 17 108 136 101 293 147 184 201 245 163 88
1 9 2
126 265
1 5 8
256 264 269 297 200 50 287 148
1 1 9
193 145 4 50 288 64 204 175 118
1 11 14
70 289 53 228 165 191 282 176 20 153 233 51 87 59
1 7 9
222 65 166 63 39 207 156 154 248
1 10 11
3 160 194 203 191 48 283 6 91 206 5
1 9 15
3 48 156 154 194 90 177 13 149 212 291 114 57 91 98
1 10 11
216 123 271 247 147 205 245 166 86 142 139
1 16 13
88 192 48 186 117 91 122 20 170 2 276 100 12
1 8 15
177 66 138 170 31 103 6 17 281 35 163 237 292 296 1
1 20 12
252 27 76 70 241 122 231 75 34 95 276 116
1 15 15
203 86 265 11 176 249 155 248 53 162 18 48 101 58 114
1 15 4
209 180 173 168
1 3 2
191 30
1 20 8
181 273 69 298 202 126 129 261
1 14 13
14 256 51 42 210 110 71 99 291 34 26 238 150
1 15 15
31 212 54 192 92 89 15 154 0 163 182 239 101 164 245
1 18 8
207 18 250 171 11 193 180 4
1 2 11
89 282 199 12 287 249 22 159 154 51 183
1 5 6
32 293 27 12 110 124
1 4 7
82 32 106 277 21 70 75
1 19 12
35 279 283 152 284 74 249 276 127 137 55 27
1 12 2
160 203
1 16 2
68 44
1 3 14
48 181 87 203 73 244 127 100 234 81 94 212 157 180
1 3 15
189 68 253 32 295 86 186 0 214 72 183 112 56 176 129
1 19 4
78 50 14 174
1 7 5
3 142 274 100 259
1 14 9
156 108 18 178 74 21 93 86 12
1 3 2
126 170
1 14 11
217 81 114 245 133 278 251 165 283 51 235
1 17 12
271 123 170 75 115 233 204 116 22 238 199 110
1 19 4
149 284 287 33
1 9 10
22 279 148 36 280 192 51 164 187 144
1 3 15
247 117 174 72 155 128 123 251 223 233 131 197 122 65 41
1 20 7
156 230 158 58 204 226 113
1 12 12
138 220 180 175 179 156 263 202 24 198 248 85
1 11 15
23 134 244 76 136 194 217 236 121 130 267 221 225 168 17
1 20 11
11 131 245 188 260 280 246 1 94 200 26
1 16 10
266 261 244 50 108 131 188 8 209 144
1 5 3
296 147 19
1 3 13
163 143 57 73 193 97 213 59 206 275 238 257 46
1 14 3
75 86 38
1 6 10
67 244 276 205 86 178 92 38 9 299
1 14 5
96 121 99 87 144
1 3 2
24 270
1 2 9
246 187 216 230 296 222 74 54 225
k 20
