300 900 465
11 36 24 35 27 13 18 24 40 15 34 12 33 35 16 34 37 26 31 33 36 17 15 37 27 21 36 27 11 13 40 29 38 33 19 21 17 24 38 19 36 22 30 30 28 40 39 19 29 19 38 23 21 21 34 15 20 19 28 40 39 28 16 39 24 27 25 20 20 20 37 28 11 20 35 40 38 11 33 26 36 17 30 20 37 22 24 12 20 12 31 17 27 23 34 20 15 34 23 18 16 19 28 34 20 32 22 38 30 14 33 22 28 32 27 24 34 22 35 25 30 39 32 37 19 33 14 11 39 14 13 18 14 26 30 11 31 30 39 35 27 34 26 23 20 12 28 21 14 34 25 36 11 19 17 12 37 18 28 17 35 35 40 29 14 19 11 35 40 40 23 23 14 35 40 19 19 18 27 31 32 39 25 23 33 25 21 18 30 33 23 22 19 15 33 18 34 20 37 40 39 20 13 27 37 16 20 37 12 28 40 16 34 23 15 39 19 31 18 30 38 39 28 32 17 20 28 22 12 34 39 36 23 20 26 35 35 16 37 15 20 22 35 29 12 36 38 15 27 12 33 13 23 24 15 15 38 27 14 25 30 39 12 16 36 23 33 22 21 21 34 12 30 19 38 30 33 23 11 20 14 11 25 18 15 35 38 38 12 40 26 19 12 22 16 35 29 34 30 38
1 26 14 25 17 3 8 14 30 5 24 2 23 25 6 24 27 16 21 23 26 7 5 27 17 11 26 17 1 3 30 19 28 23 9 11 7 14 28 9 26 12 20 20 18 30 29 9 19 9 28 13 11 11 24 5 10 9 18 30 29 18 6 29 14 17 15 10 10 10 27 18 1 10 25 30 28 1 23 16 26 7 20 10 27 12 14 2 10 2 21 7 17 13 24 10 5 24 13 8 6 9 18 24 10 22 12 28 20 4 23 12 18 22 17 14 24 12 25 15 20 29 22 27 9 23 4 1 29 4 3 8 4 16 20 1 21 20 29 25 17 24 16 13 10 2 18 11 4 24 15 26 1 9 7 2 27 8 18 7 25 25 30 19 4 9 1 25 30 30 13 13 4 25 30 9 9 8 17 21 22 29 15 13 23 15 11 8 20 23 13 12 9 5 23 8 24 10 27 30 29 10 3 17 27 6 10 27 2 18 30 6 24 13 5 29 9 21 8 20 28 29 18 22 7 10 18 12 2 24 29 26 13 10 16 25 25 6 27 5 10 12 25 19 2 26 28 5 17 2 23 3 13 14 5 5 28 17 4 15 20 29 2 6 26 13 23 12 11 11 24 2 20 9 28 20 23 13 1 10 4 1 15 8 5 25 28 28 2 30 16 9 2 12 6 25 19 24 20 28
1 19 3
280 128 197
1 14 5
253 16 103 290 124
1 5 13
56 218 217 54 188 7 83 224 71 51 153 8 257
1 7 10
253 134 216 259 250 232 26 280 289 283
1 11 7
27 12 9 181 86 215 262
1 5 14
45 84 5 230 41 291 27 250 244 272 42 48 18 75
1 12 6
113 287 265 175 242 34
1 5 15
144 217 195 60 81 146 3 167 159 204 55 69 50 119 101
1 14 5
103 27 136 75 24
1 13 4
124 3 177 195
1 12 5
296 92 91 173 178
1 7 10
32 295 136 298 2 227 171 276 203 142
1 12 6
81 150 206 84 151 277
1 19 3
139 278 227
1 5 14
96 204 7 164 147 114 205 244 230 180 54 71 238 13
1 10 7
155 259 195 207 215 212 190
1 10 7
244 89 112 50 160 236 124
1 4 15
258 209 208 266 4 288 193 133 89 281 78 23 184 77 29
1 5 14
112 22 120 158 250 67 1 113 0 207 121 248 25 104
1 9 5
112 218 192 271 99
1 17 4
19 104 288 38
1 5 13
227 241 206 64 26 277 217 114 257 85 102 225 246
1 12 6
297 276 235 292 95 215
1 9 7
41 180 190 222 203 24 139
1 8 8
278 41 204 282 260 147 216 7
1 18 4
274 126 236 106
1 7 8
292 35 129 14 132 79 234 19
1 10 7
10 77 282 3 66 46 163
1 5 12
92 166 130 68 64 240 262 140 181 81 187 31
1 27 2
184 268
1 12 6
105 199 198 12 291 201
1 14 5
16 143 240 54 39
1 19 3
224 1 53
1 7 10
219 222 22 296 145 128 182 163 70 16
1 13 6
75 215 252 153 74 127
1 23 2
136 55
1 5 15
49 171 165 280 65 138 35 117 139 127 176 220 287 24 22
1 5 15
149 26 131 178 267 262 168 290 214 3 228 16 22 238 111
1 5 12
262 284 101 62 72 155 110 188 142 141 145 120
1 7 11
239 295 84 165 15 138 38 282 99 50 235
1 26 2
216 12
1 6 12
217 247 216 26 33 224 282 84 63 139 17 0
1 9 8
249 66 287 248 172 274 197 210
1 7 11
15 46 50 70 293 120 245 161 262 20 268
1 16 4
192 58 177 220
1 9 8
230 73 255 58 151 284 41 16
1 10 7
144 16 106 133 93 84 229
1 18 3
273 265 266
1 24 3
237 3 299
1 11 5
114 260 251 228 41
1 5 13
226 42 102 25 297 55 274 229 120 189 213 179 255
1 10 7
80 180 173 229 64 161 4
1 5 13
63 0 78 177 139 81 83 47 273 244 286 28 151
1 11 7
115 227 81 199 230 76 96
1 19 4
242 238 19 230
1 7 9
147 139 243 18 130 283 149 24 87
1 14 5
58 10 16 216 188
1 6 12
3 163 57 98 229 60 243 232 134 186 295 289
1 22 3
284 137 299
1 5 13
251 111 154 286 97 271 272 158 170 242 219 76 7
1 5 15
219 16 39 263 118 79 216 110 136 27 133 14 94 235 287
1 37 2
13 181
1 6 10
285 112 14 237 257 88 225 282 4 148
1 6 11
97 125 275 33 271 220 51 217 218 288 12
1 12 5
252 243 51 154 78
1 7 11
122 216 100 174 110 155 183 69 264 107 225
1 6 11
136 28 40 49 142 295 13 93 107 213 76
1 17 4
133 180 230 175
1 17 2
293 228
1 14 4
53 107 28 52
1 13 6
196 138 139 45 19 282
1 10 7
154 214 264 34 295 150 256
1 7 10
264 177 221 10 154 35 168 152 172 230
1 9 8
30 48 122 238 184 10 81 185
1 19 3
118 170 9
1 7 10
97 82 243 133 132 195 26 51 181 113
1 7 10
198 157 139 174 232 294 205 73 35 51
1 6 12
27 272 174 91 93 190 88 35 198 277 169 96
1 8 9
86 260 79 60 19 100 98 40 169
1 6 12
142 214 92 284 49 123 87 45 151 1 156 196
1 19 4
257 45 181 297
1 6 12
111 110 273 154 13 251 18 6 201 217 107 33
1 4 15
88 197 280 170 194 213 141 209 75 190 47 292 271 98 127
1 4 14
259 16 57 85 170 154 28 263 11 6 131 72 42 99
1 10 7
91 181 25 153 154 270 206
1 15 3
42 0 154
1 24 2
103 247
1 6 13
277 93 48 200 82 264 249 73 0 60 16 269 7
1 16 3
188 206 148
1 4 15
132 188 72 23 214 179 252 260 81 290 0 209 105 36 77
1 7 10
9 33 220 287 51 55 121 88 156 281
1 5 13
71 123 144 256 206 230 167 259 49 293 48 24 14
1 9 8
120 26 19 253 226 56 23 138
1 24 2
54 9
1 14 5
253 79 13 246 18
1 5 14
197 297 90 69 119 1 64 37 181 255 222 110 61 284
1 6 13
50 230 150 275 51 285 88 8 53 128 20 288 98
1 5 13
15 269 36 259 72 166 193 39 135 286 281 68 283
1 6 10
260 234 187 280 263 257 134 108 287 281
1 11 6
27 245 179 228 3 175
1 20 3
201 10 142
1 5 15
131 17 120 16 153 225 23 118 258 203 144 289 114 251 192
1 5 15
125 72 284 167 29 46 113 157 114 219 56 221 228 53 7
1 7 10
168 27 257 182 92 53 65 80 99 287
1 24 2
19 62
1 10 6
298 189 232 288 71 11
1 18 4
198 231 12 155
1 5 13
247 242 27 170 249 203 288 206 214 89 185 33 218
1 9 7
147 215 233 106 247 48 234
1 15 4
47 140 235 232
1 5 14
187 292 253 39 238 273 15 112 120 126 85 45 36 8
1 11 6
100 33 3 61 87 89
1 5 15
131 16 109 163 140 278 90 141 263 262 219 76 32 92 43
1 10 7
285 120 47 128 278 23 237
1 9 8
216 30 213 271 26 14 171 246
1 6 11
98 290 110 177 89 214 11 224 94 76 32
1 23 3
289 275 73
1 13 4
61 91 27 140
1 11 6
238 97 93 268 158 213
1 8 9
169 199 42 242 82 58 149 47 153
1 6 13
91 129 128 230 209 296 93 59 0 280 275 158 25
1 6 12
69 172 121 123 299 283 132 43 183 293 267 4
1 15 5
294 153 60 46 149
1 8 9
37 147 218 159 64 100 288 141 299
1 5 14
153 242 211 248 239 195 137 123 35 173 233 276 269 243
1 5 14
278 83 165 40 57 100 201 156 72 138 74 8 145 268
1 7 9
103 126 267 79 112 214 127 51 16
1 6 12
186 19 34 187 232 3 256 88 33 278 195 166
1 5 15
170 97 45 110 100 125 257 224 52 287 146 169 267 39 139
1 8 9
55 202 12 130 221 226 218 242 166
1 9 6
88 1 106 269 267 292
1 8 8
263 92 272 253 19 287 214 291
1 6 11
158 10 194 131 202 79 159 285 12 226 145
1 6 12
263 212 179 269 209 113 267 18 159 202 181 72
1 5 12
186 254 89 263 146 134 1 175 157 144 283 142
1 6 12
224 216 42 252 21 91 3 79 194 246 299 132
1 8 9
261 70 175 293 258 135 127 142 221
1 10 7
24 191 288 281 287 238 47
1 5 14
232 296 1 100 40 226 223 265 261 239 284 79 31 96
1 7 11
128 293 269 283 187 221 289 195 236 30 213
1 12 6
110 149 45 288 275 68
1 10 5
144 11 47 61 232
1 7 11
160 13 144 20 288 238 270 37 290 261 8
1 7 10
98 51 237 102 250 151 168 147 295 60
1 4 15
274 104 164 214 90 24 173 159 41 80 20 231 120 267 176
1 22 3
42 32 77
1 5 14
134 86 272 260 60 87 63 216 30 201 24 284 80 96
1 7 10
58 184 235 298 142 31 128 78 221 130
1 9 5
271 7 101 111 268
1 7 10
61 162 208 262 171 126 104 81 19 117
1 5 15
108 36 38 161 182 153 248 295 62 196 292 122 123 67 1
1 6 11
237 84 36 227 267 50 54 262 286 98 271
1 5 14
59 225 55 11 154 47 100 84 87 13 32 17 248 210
1 13 4
236 202 218 240
1 12 6
183 156 259 8 62 240
1 20 3
292 275 137
1 8 8
270 205 117 203 164 39 159 242
1 16 4
97 260 298 42
1 7 10
22 270 36 126 201 284 215 63 258 191
1 7 11
60 26 1 73 98 295 32 263 75 291 168
1 10 7
272 26 271 37 47 228 212
1 11 7
46 275 75 77 73 251 0
1 8 9
10 53 197 187 207 87 93 139 194
1 7 10
96 255 28 8 48 64 224 113 85 44
1 12 6
196 223 58 233 215 141
1 6 10
17 186 228 79 98 299 147 239 64 131
1 6 12
18 23 108 46 124 175 101 244 277 229 179 81
1 4 15
88 33 106 282 17 72 230 167 196 159 94 269 77 122 140
1 23 3
125 203 32
1 8 8
66 234 94 291 131 3 145 18
1 6 13
135 168 161 239 103 131 38 107 62 54 102 228 59
1 7 10
218 35 153 160 288 270 134 242 246 120
1 6 12
75 68 291 76 126 259 110 296 233 116 80 211
1 7 11
171 191 261 253 57 111 252 28 141 240 220
1 6 12
138 223 112 299 97 40 263 72 152 95 207 59
1 11 5
218 248 42 213 226
1 10 7
174 141 4 201 197 193 257
1 5 14
284 43 205 19 270 207 111 112 275 125 75 120 258 192
1 5 13
34 231 39 292 45 293 165 108 267 296 21 31 283
1 8 8
158 272 24 240 71 184 78 23
1 5 13
164 293 13 193 247 285 208 168 211 249 166 110 202
1 8 9
52 87 279 210 63 268 78 18 211
1 8 8
135 178 243 295 69 201 109 167
1 6 12
38 3 43 106 219 164 92 156 225 20 8 292
1 8 9
76 241 178 167 154 86 298 8 234
1 14 4
174 9 195 262
1 35 2
136 169
1 17 3
268 114 119
1 10 7
92 50 107 20 113 14 61
1 13 6
189 190 121 261 63 22
1 7 11
293 11 261 289 162 83 122 59 212 105 180
1 9 8
59 98 81 243 173 160 296 19
1 12 5
51 27 212 98 218
1 13 6
125 32 224 199 19 248
1 12 6
181 206 78 180 49 21
1 7 11
60 97 274 34 225 291 242 12 57 169 91
1 13 6
148 289 156 229 16 230
1 9 8
26 264 215 297 124 260 256 182
1 7 11
219 193 40 297 76 190 60 188 21 94 149
1 4 14
163 96 99 23 119 82 205 152 171 188 7 290 18 288
1 7 8
92 227 95 188 101 226 243 298
1 8 9
205 149 2 30 57 251 269 160 209
1 6 11
55 225 289 259 186 98 105 240 71 34 167
1 19 4
50 94 230 161
1 9 8
114 238 242 160 271 106 17 99
1 8 9
274 26 68 159 171 221 278 5 220
1 5 13
104 276 0 66 137 239 92 174 40 19 5 267 91
1 20 3
281 241 32
1 6 12
25 243 223 92 253 38 41 83 267 42 112 97
1 8 9
172 279 128 108 157 297 68 169 271
1 23 2
13 244
1 5 14
253 207 24 174 292 63 138 29 200 98 265 219 167 255
1 9 8
47 177 266 199 42 186 133 292
1 10 7
238 130 214 299 27 79 3
1 8 9
176 261 16 249 271 31 200 4 154
1 7 11
118 134 257 197 102 128 24 213 132 210 172
1 5 15
41 76 267 278 121 294 57 233 177 191 217 38 256 30 173
1 26 2
220 129
1 8 7
255 197 57 282 251 94 208
1 16 4
102 49 245 111
1 10 3
91 202 22
1 14 5
158 28 274 173 180
1 4 14
203 239 227 211 22 92 163 278 266 283 180 77 161 78
1 14 5
267 26 83 130 285
1 11 6
239 219 17 40 176 161
1 4 15
172 123 192 65 202 97 201 29 54 61 209 227 179 11 109
1 10 7
228 210 165 224 267 22 217
1 14 5
213 174 217 244 157
1 8 9
167 93 60 274 170 29 258 187 99
1 8 9
72 244 138 69 183 0 235 29 262
1 14 4
129 277 131 12
1 9 8
13 89 33 24 124 135 151 121
1 9 7
97 250 93 36 294 196 57
1 5 14
2 240 134 168 136 44 60 115 291 150 265 64 214 294
1 10 8
128 220 169 132 162 205 228 187
1 14 5
104 7 20 183 173
1 5 15
64 83 98 252 297 49 163 17 27 58 274 187 29 123 224
1 13 6
169 264 190 27 38 205
1 7 11
193 161 294 168 29 84 123 122 18 94 23
1 14 5
69 224 13 57 70
1 5 11
165 49 25 281 140 114 19 147 132 21 109
1 17 3
120 85 176
1 6 7
294 206 154 165 267 271 177
1 10 6
129 137 35 260 227 66
1 15 5
119 50 268 109 60
1 6 11
141 134 41 130 142 266 28 10 42 86 208
1 18 2
255 227
1 22 3
131 196 184
1 9 7
297 146 44 122 29 295 227
1 10 6
53 274 153 106 171 92
1 5 15
215 115 35 298 80 123 259 94 120 179 225 246 286 10 258
1 7 11
117 295 252 112 292 176 18 53 45 251 230
1 6 11
113 24 45 104 260 250 110 95 34 275 12
1 11 6
92 81 180 101 38 127
1 5 15
28 42 246 96 136 206 16 59 197 124 2 103 9 281 212
1 21 2
265 68
1 12 6
120 264 246 23 202 196
1 21 2
260 155
1 27 2
71 92
1 6 10
234 262 266 218 205 145 242 114 232 257
1 13 2
130 109
1 5 14
201 73 81 10 233 159 291 224 138 98 88 129 2 267
1 8 9
218 131 123 64 31 153 20 96 298
1 5 15
212 217 164 53 206 180 65 136 122 73 113 74 101 253 210
1 15 4
4 131 270 106
1 9 8
228 274 23 288 126 32 282 223
1 5 14
12 67 90 280 118 275 298 84 204 62 187 120 56 155
1 11 6
218 79 7 196 102 13
1 15 4
99 104 203 10
1 10 7
169 141 146 160 20 74 232
1 5 13
63 225 232 211 32 48 70 143 173 258 245 35 267
1 10 5
42 145 5 67 268
1 11 6
25 281 39 137 64 220
1 13 2
132 130
1 5 13
193 195 13 236 24 226 92 37 84 222 130 39 276
1 7 11
195 7 198 280 231 163 168 35 268 71 270
1 37 2
128 139
1 35 2
160 235
1 5 14
130 281 255 140 168 238 266 184 110 170 19 259 254 227
1 5 13
275 242 5 292 55 218 183 150 92 177 267 102 210
1 12 6
54 1 199 88 11 99
1 5 15
168 38 146 164 153 57 237 201 55 178 170 154 125 53 290
1 6 11
60 225 101 193 232 212 285 67 21 47 42
1 15 4
222 37 81 180
1 6 11
56 189 287 223 150 278 187 64 151 31 26
1 9 6
53 29 206 41 90 290
1 17 4
95 44 30 205
1 7 10
83 24 166 173 46 221 285 123 94 11
1 10 7
5 67 259 288 102 210 40
1 6 10
201 29 0 208 248 133 184 33 183 190
1 15 4
39 22 95 210
1 11 6
97 68 153 16 176 226
1 4 14
19 89 68 231 217 294 137 142 281 153 189 224 267 37
1 4 15
251 170 178 191 130 125 105 80 232 44 135 90 281 12 16
1 16 4
60 2 224 259
1 9 7
165 135 211 17 63 258 146
1 11 7
88 66 299 289 31 217 6
1 15 4
250 25 58 147
1 16 4
279 246 71 65
1 6 13
93 59 190 28 102 15 181 254 148 25 27 58 77
1 18 4
23 246 248 111
1 5 14
122 144 288 75 214 40 136 79 89 165 99 92 139 95
1 6 11
201 21 293 290 34 174 92 141 239 191 113
1 10 7
120 76 250 285 253 61 243
1 5 14
30 5 12 267 34 196 79 163 157 234 184 206 23 178
1 8 9
23 176 295 10 184 70 51 169 98
1 6 11
238 63 145 202 271 73 120 217 216 51 88
1 7 10
279 296 29 156 141 262 267 68 24 87
1 7 8
232 11 7 115 239 282 270 48
1 7 10
83 180 46 139 284 42 124 209 225 103
1 5 14
143 238 206 255 177 102 299 83 26 188 85 91 243 155
1 4 15
65 182 51 246 44 96 283 266 27 157 83 114 193 124 294
1 5 14
95 80 248 179 57 33 296 122 63 141 164 156 170 7
1 9 8
197 292 86 221 32 137 94 14
1 7 8
224 137 56 244 271 125 87 187
1 5 15
225 56 87 105 216 156 148 236 164 65 118 202 73 261 143
1 15 5
120 251 26 75 246
1 22 2
209 263
1 5 15
143 234 259 197 129 142 93 11 99 75 176 72 56 89 8
1 7 11
284 186 261 171 178 251 75 285 53 182 128
1 11 6
209 92 287 171 291 56
1 19 2
209 77
1 9 8
36 173 38 186 201 247 148 227
1 5 15
44 133 88 208 124 46 13 164 294 60 279 125 52 15 267
1 5 12
280 110 89 271 127 116 171 186 135 149 39 33
1 9 8
158 91 231 180 0 198 143 18
1 14 5
259 144 166 138 94
1 28 2
218 215
1 10 7
85 266 36 264 180 80 57
1 12 6
147 236 168 2 26 139
1 8 8
191 97 126 68 149 64 178 262
1 5 14
84 8 212 14 272 45 136 29 156 153 101 208 98 118
1 16 2
131 22
1 12 6
184 107 125 292 54 127
1 9 8
117 16 178 206 37 66 121 62
1 21 3
259 127 200
1 6 11
57 198 181 183 216 272 295 264 47 157 9
1 11 5
225 10 148 55 182
1 5 15
206 71 257 87 165 46 30 196 91 52 100 6 81 258 245
1 7 7
226 152 55 267 127 253 178
1 7 10
284 209 83 89 32 29 165 212 249 268
1 5 15
204 152 60 25 5 156 165 103 79 298 130 210 153 296 58
1 10 7
46 98 112 113 102 70 293
1 24 3
187 245 76
1 8 7
36 135 166 77 111 73 149
1 5 13
53 109 29 139 275 219 24 183 55 80 232 279 59
1 10 6
5 150 287 218 37 142
1 7 10
165 18 14 284 196 139 82 167 245 241
1 11 7
142 46 1 274 55 161 13
1 6 11
280 131 103 183 168 35 77 43 134 233 254
1 5 14
38 50 247 299 238 19 189 206 1 256 77 144 213 152
1 11 5
170 111 236 77 164
1 13 5
71 16 55 143 0
1 13 5
92 112 212 116 192
1 8 7
280 44 88 172 15 232 166
1 9 8
253 242 138 42 126 86 284 160
1 5 12
67 135 158 217 265 209 122 178 283 236 240 26
1 6 12
146 61 162 18 225 222 75 297 269 213 115 30
1 10 7
238 274 259 248 290 276 77
1 6 13
263 246 200 219 91 170 143 283 100 254 213 221 98
1 19 4
63 104 57 76
1 9 8
246 259 250 117 76 70 265 56
1 6 11
235 182 24 200 69 268 74 214 5 141 195
1 6 12
165 88 121 172 164 76 196 127 248 155 184 171
1 6 10
78 111 251 197 35 298 120 160 127 22
1 12 6
201 139 244 261 272 291
1 6 12
84 131 219 33 173 80 111 169 159 17 154 291
1 10 7
109 262 177 275 59 282 212
1 6 12
49 172 27 70 123 270 174 157 287 15 90 91
1 28 2
73 238
1 27 2
116 197
1 8 9
185 166 99 90 42 248 257 215 264
1 18 4
75 18 247 184
1 19 3
255 192 261
1 5 15
181 226 178 15 276 258 131 41 261 260 104 252 88 1 97
1 13 6
215 46 226 79 295 50
1 11 6
171 53 84 192 296 112
1 5 15
206 104 93 150 200 29 69 6 164 269 210 124 207 275 236
1 12 6
149 164 281 155 192 121
1 25 2
278 121
1 6 12
297 111 193 53 179 19 202 76 205 210 195 203
1 10 4
27 258 251 5
1 15 5
17 246 60 85 200
1 11 7
8 174 63 268 88 97 188
1 36 2
189 162
1 6 11
211 247 257 35 115 54 248 3 129 260 40
1 9 8
158 5 293 160 256 206 25 84
1 6 9
187 51 280 205 55 240 211 20 81
1 10 5
36 159 67 122 106
1 12 3
263 267 100
1 27 2
105 117
1 9 8
107 204 27 191 58 172 183 117
1 7 10
42 248 180 198 123 207 87 140 277 73
1 17 4
212 58 74 41
1 10 7
249 213 13 190 19 169 161
1 7 9
147 142 182 15 159 292 86 296 284
1 6 13
107 156 204 174 106 86 1 6 197 173 52 120 291
1 19 4
150 156 75 60
1 7 11
244 53 199 108 74 104 41 69 17 246 143
1 18 3
179 131 66
1 9 8
65 260 173 250 63 195 254 170
1 6 12
27 20 68 75 278 124 55 7 86 192 271 256
1 32 2
178 256
1 6 12
286 255 113 188 165 53 48 246 144 248 8 70
1 6 12
177 286 204 26 93 69 86 294 152 165 62 29
1 5 14
92 123 52 299 258 294 175 298 220 44 182 162 288 112
1 6 12
9 142 36 209 218 200 243 229 235 192 87 127
1 5 15
92 155 73 180 274 8 11 242 176 29 162 226 170 237 13
1 6 12
189 230 299 281 159 45 239 241 92 61 109 103
1 7 10
99 70 86 34 176 235 252 67 8 250
1 13 5
149 285 219 192 89
1 8 9
295 271 22 207 196 142 174 58 53
1 6 12
134 16 140 261 201 267 258 263 180 70 50 292
1 6 11
123 26 16 137 181 264 229 219 39 288 251
1 16 4
15 171 291 78
1 20 3
248 193 94
1 17 2
96 201
1 5 15
177 267 227 76 284 40 82 118 192 52 197 231 251 174 225
1 10 7
197 83 199 205 64 2 136
1 6 12
20 99 100 144 86 77 89 37 112 75 69 54
1 27 2
200 254
1 5 15
63 210 201 180 198 70 106 82 207 93 248 83 39 46 96
1 29 2
119 54
1 7 10
48 1 197 59 87 196 287 203 206 115
1 26 3
30 150 63
1 5 13
52 85 198 122 235 262 137 180 73 277 66 192 246
1 8 10
98 253 212 121 153 60 75 147 210 0
1 15 5
177 48 57 221 289
1 5 11
129 296 102 106 24 234 99 81 54 277 288
1 36 2
199 12
1 5 15
1 78 130 233 232 259 289 72 114 237 272 189 212 41 166
1 10 7
177 297 222 133 248 46 229
1 6 11
216 203 39 54 198 31 47 16 241 21 102
1 6 13
33 236 103 215 290 198 261 181 234 148 93 54 88
1 7 10
118 259 64 13 213 258 200 30 142 278
1 8 9
183 38 132 51 25 119 141 148 26
1 5 14
241 236 252 69 118 35 94 75 239 224 80 213 283 195
1 10 7
141 87 71 68 193 120 128
1 17 4
81 268 256 110
1 6 13
247 291 95 274 136 208 205 45 91 282 3 199 217
1 5 14
62 143 238 54 212 253 189 294 131 56 289 98 255 174
1 5 14
259 97 191 150 45 54 14 285 168 231 78 10 7 19
1 9 8
232 90 77 182 7 54 38 230
1 8 9
249 120 62 98 199 16 83 152 160
1 11 7
150 29 168 260 137 282 230
1 11 5
57 31 14 24 34
1 6 9
129 68 102 206 108 99 109 188 41
1 9 8
200 53 48 192 207 140 221 61
1 18 3
61 124 71
1 9 8
296 60 48 268 261 171 31 272
1 11 6
143 44 33 182 231 211
1 15 5
223 173 207 209 286
1 15 4
241 294 258 174
1 15 4
111 61 297 35
1 6 11
209 127 221 193 55 80 149 135 109 189 26
1 6 11
290 79 285 65 32 151 134 81 204 36 135
1 6 7
262 218 227 93 232 98 228
1 6 9
109 296 279 290 147 77 257 157 56
1 20 2
29 112
1 5 14
236 207 95 227 10 266 96 65 8 106 189 185 28 33
1 6 12
40 192 193 104 245 36 236 177 170 131 5 259
1 6 12
175 117 265 58 12 123 35 152 76 283 116 227
1 5 14
181 235 2 167 259 72 229 140 79 60 15 49 24 171
1 12 6
66 141 246 283 4 107
1 4 15
198 71 176 179 5 293 61 242 252 290 297 22 131 228 65
1 15 5
199 38 208 133 232
1 6 12
58 163 62 79 47 74 200 110 102 138 141 98
1 7 10
141 261 266 118 76 79 246 258 54 115
1 5 15
115 231 289 181 110 177 143 74 141 154 75 62 56 118 191
1 20 3
5 210 67
1 6 11
137 30 129 298 141 122 116 239 165 48 82
1 6 12
130 250 108 54 16 24 270 215 70 141 278 90
1 7 11
203 21 50 225 9 213 162 141 130 59 150
1 5 14
178 111 19 6 20 92 180 18 217 68 215 113 81 188
1 6 13
278 225 6 163 45 245 133 8 186 157 227 49 111
1 5 13
177 11 268 291 133 248 46 275 188 17 125 225 6
1 5 11
260 272 57 130 118 290 283 41 166 165 292
1 11 6
271 67 137 226 212 19
1 17 3
149 258 91
1 7 11
65 237 107 138 98 35 48 268 209 64 199
1 5 14
97 168 137 118 248 287 24 25 224 247 231 78 267 191
1 6 11
203 68 125 100 41 279 20 127 172 136 182
1 6 12
17 13 165 187 15 140 147 87 133 172 293 181
1 5 14
141 116 6 244 126 202 39 220 293 229 171 88 254 60
1 12 5
297 91 197 153 44
1 10 7
29 175 109 67 23 33 252
1 4 15
288 292 111 11 65 266 40 86 2 295 206 78 231 6 271
1 14 5
163 149 153 231 116
1 6 12
165 107 161 108 297 216 12 162 96 238 51 88
1 8 9
208 199 278 15 268 116 277 196 205
1 7 10
98 172 63 171 143 152 41 90 217 40
1 10 7
93 152 213 274 271 198 298
1 5 15
251 23 298 217 256 176 81 86 67 262 124 151 84 56 260
1 17 3
81 82 277
1 14 3
228 11 134
1 9 8
154 295 215 167 23 131 179 193
1 14 5
221 104 259 297 211
1 17 4
43 8 36 91
1 12 6
1 76 160 286 108 276
1 15 4
81 26 202 66
1 5 13
256 118 80 25 97 32 101 94 260 280 1 219 192
1 9 8
52 41 73 289 150 235 99 94
1 18 4
74 63 112 124
1 8 7
182 13 190 52 211 205 24
1 5 11
101 233 172 187 146 226 113 175 247 165 143
1 9 7
288 146 22 267 249 187 16
1 8 9
256 202 204 194 196 69 16 296 231
1 7 10
291 276 85 158 159 140 211 274 292 205
1 9 8
121 188 234 126 198 73 202 116
1 7 11
166 172 176 298 268 184 63 299 41 21 194
1 13 6
206 200 128 146 127 54
1 6 12
243 233 253 126 270 35 191 281 256 193 85 25
1 15 5
78 162 193 98 235
1 13 5
32 114 64 131 144
1 10 7
115 69 138 119 74 95 131
1 10 4
278 58 244 254
1 5 15
83 222 0 257 139 118 128 212 129 70 116 131 35 186 171
1 9 8
235 110 116 29 127 168 257 255
1 12 5
33 258 111 61 278
1 7 11
188 83 169 296 256 104 13 208 173 251 0
1 6 12
44 42 266 215 169 134 64 298 94 26 93 277
1 9 8
124 205 224 18 40 221 160 228
1 6 13
94 120 224 53 148 68 296 281 60 176 90 63 220
1 5 13
271 160 229 201 256 166 181 41 227 38 275 6 237
1 6 11
171 151 193 247 84 57 114 173 220 268 179
1 14 5
38 242 149 298 54
1 7 11
69 36 187 182 286 295 293 215 193 195 170
1 8 9
262 20 24 225 125 16 50 110 42
1 5 14
179 295 235 257 233 187 297 27 129 169 168 258 214 158
1 10 6
61 192 297 102 190 11
1 5 14
37 130 89 204 157 298 215 214 264 118 196 69 245 185
1 23 3
22 16 194
1 5 14
173 94 67 103 93 9 75 68 258 104 14 252 38 97
1 23 2
224 163
1 13 5
223 81 237 231 179
1 8 8
110 40 12 58 236 158 118 69
1 12 6
4 98 299 110 94 264
1 7 10
248 70 184 77 207 60 210 46 269 201
1 5 15
262 134 247 201 145 159 59 73 171 205 6 212 292 75 167
1 5 13
89 47 154 185 32 229 98 64 97 253 136 152 65
1 5 15
174 148 72 22 294 292 16 135 260 49 181 131 87 61 216
1 8 8
81 47 233 5 274 72 7 27
1 18 4
284 70 299 285
1 11 7
220 72 138 97 122 14 266
1 13 5
251 5 209 280 256
1 20 3
199 159 144
1 16 2
293 127
1 4 15
175 132 0 148 248 200 104 157 94 228 213 236 28 229 161
1 10 7
1 121 24 48 250 282 229
1 18 3
158 4 202
1 6 12
125 268 180 127 36 212 257 30 201 269 165 76
1 7 8
131 104 249 52 270 4 132 282
1 5 11
202 154 226 31 269 275 172 293 103 283 119
1 9 8
109 147 0 297 35 210 52 270
1 16 4
57 15 252 78
1 13 5
270 222 110 265 250
1 11 7
135 24 75 58 63 115 267
1 5 13
179 99 213 256 253 7 290 142 286 247 230 148 51
1 4 13
127 191 277 209 44 108 4 165 2 280 290 101 72
1 31 2
4 1
1 18 4
289 11 4 194
1 18 3
93 105 241
1 5 11
237 171 87 292 61 248 156 143 206 85 144
1 6 13
112 223 19 273 105 169 236 136 76 89 287 226 155
1 7 11
126 172 165 66 138 285 216 258 130 32 284
1 5 15
103 128 63 176 111 133 134 276 143 253 251 76 10 229 265
1 15 4
51 88 128 154
1 14 5
154 189 65 238 219
1 8 9
283 116 221 6 228 45 230 285 298
1 5 14
231 251 256 41 243 248 112 197 257 80 277 3 162 220
1 18 4
236 57 52 59
1 5 13
257 242 158 194 219 268 133 181 201 112 43 172 72
1 21 2
272 87
1 18 4
3 212 162 272
1 5 14
250 125 37 103 41 9 91 63 230 191 33 1 158 110
1 6 12
59 281 193 99 215 110 185 119 109 5 261 91
1 5 15
233 202 290 48 34 83 278 114 185 264 94 75 299 27 120
1 9 8
24 287 284 274 142 152 132 289
1 15 5
175 221 11 199 227
1 5 14
132 37 290 56 159 16 57 137 181 172 276 91 92 175
1 7 10
201 36 200 225 114 113 22 188 88 52
1 26 2
92 290
1 18 4
3 53 193 299
1 20 2
39 41
1 17 3
294 163 64
1 15 4
267 27 160 253
1 5 13
118 271 24 139 175 95 228 136 176 88 78 137 22
1 18 3
276 53 87
1 9 8
171 77 115 27 174 128 64 56
1 8 9
69 26 30 253 167 213 125 40 102
1 8 9
165 202 20 231 8 153 176 47 150
1 6 12
4 21 24 3 156 53 15 188 160 172 128 221
1 6 11
284 29 20 59 253 93 182 222 158 81 278
1 7 9
98 260 15 116 27 39 100 152 104
1 5 14
253 78 25 215 296 51 59 282 275 157 220 9 37 99
1 6 12
242 153 85 55 254 274 12 190 196 194 97 272
1 7 11
56 24 197 289 151 251 279 179 170 123 104
1 5 14
188 237 227 25 158 13 24 111 125 201 16 220 284 54
1 12 6
223 105 198 63 217 157
1 7 10
90 67 80 93 228 280 146 103 107 106
1 18 4
78 159 181 80
1 6 12
86 149 252 123 193 198 263 74 254 166 150 1
1 5 13
41 87 184 178 31 98 43 243 122 25 13 249 272
1 7 10
199 121 31 237 33 109 221 52 128 25
1 13 5
73 86 61 8 55
1 6 13
174 231 178 55 96 146 81 164 239 142 215 254 151
1 18 4
84 299 288 298
1 8 9
12 2 121 214 21 218 99 158 241
1 18 3
216 263 16
1 6 10
126 212 79 225 57 2 243 209 5 71
1 27 2
65 44
1 10 7
106 286 0 130 84 77 177
1 6 12
292 278 39 77 216 159 298 132 8 67 128 279
1 9 7
101 10 44 175 212 135 179
1 9 8
133 218 299 188 286 97 240 293
1 6 13
111 78 9 59 299 132 42 176 125 237 275 216 150
1 5 15
164 12 201 101 58 191 228 76 114 27 105 35 266 87 246
1 5 14
20 101 19 209 67 55 177 147 170 89 135 207 212 156
1 8 9
221 63 2 155 84 227 194 24 110
1 32 2
136 276
1 8 9
26 189 228 241 37 20 184 270 45
1 4 15
113 240 135 27 189 12 155 10 35 9 145 64 235 96 172
1 5 15
50 153 256 95 57 232 191 237 257 178 32 71 67 112 239
1 10 7
140 144 11 294 169 209 188
1 10 6
93 243 218 240 196 49
1 24 2
31 192
1 5 13
238 130 112 220 227 138 202 264 116 297 164 113 195
1 7 11
133 17 37 91 269 209 193 181 79 50 278
1 18 3
74 145 35
1 21 3
116 137 82
1 5 13
72 295 98 97 112 14 229 202 132 258 243 76 201
1 8 9
70 177 42 229 74 163 30 185 188
1 6 12
224 298 152 299 180 276 85 113 201 140 59 124
1 8 9
292 258 143 74 233 278 211 141 238
1 9 8
167 298 117 50 211 3 141 0
1 6 12
265 169 261 78 173 295 161 222 231 182 252 227
1 5 13
174 275 179 9 222 36 163 123 102 33 155 58 112
1 16 4
227 272 163 103
1 4 15
137 165 111 83 33 97 74 209 124 237 112 214 118 262 196
1 18 4
229 153 240 286
1 12 4
280 74 202 55
1 6 11
152 136 27 139 205 127 106 257 245 109 96
1 7 11
250 24 270 199 75 18 260 165 221 158 129
1 10 7
177 165 297 225 73 229 230
1 5 15
244 4 230 126 150 227 29 77 80 177 172 269 211 251 241
1 7 8
265 57 4 146 95 125 216 298
1 13 5
175 28 168 31 5
1 6 12
64 115 248 195 194 295 242 134 192 45 174 9
1 7 11
209 72 285 76 287 289 256 83 87 43 276
1 7 10
211 174 14 71 26 84 137 205 185 206
1 35 2
30 90
1 5 14
84 167 8 181 277 76 273 266 278 271 209 227 94 139
1 5 13
229 252 116 169 142 55 85 275 265 52 163 20 105
1 10 7
235 246 252 282 212 201 135
1 5 15
81 67 240 98 277 59 220 241 70 257 278 197 68 184 58
1 12 6
289 243 109 195 219 194
1 4 15
117 189 267 56 47 177 0 90 112 178 127 78 213 119 15
1 14 5
231 286 192 102 240
1 6 13
132 63 37 32 90 215 200 254 186 10 129 74 162
1 6 12
1 24 288 203 235 132 192 40 80 95 238 259
1 6 11
91 141 86 216 106 97 53 161 237 51 63
1 8 9
262 226 227 220 141 224 119 98 148
1 5 14
11 138 25 262 222 71 0 167 4 248 194 27 255 177
1 23 3
117 235 10
1 5 14
255 112 253 189 165 119 58 222 179 145 75 14 60 289
1 6 11
192 250 106 57 100 212 299 232 44 4 197
1 5 12
117 245 175 176 212 236 148 227 58 298 166 161
1 18 3
181 91 172
1 18 4
20 180 50 99
1 11 7
256 211 26 271 246 200 279
1 8 9
31 289 162 28 20 248 296 64 109
1 6 12
197 152 54 44 7 110 219 5 181 74 59 119
1 4 15
232 58 93 46 296 280 18 211 13 250 104 115 83 87 166
1 13 6
93 8 256 260 72 239
1 8 8
125 12 110 122 37 260 53 298
1 7 10
98 53 284 248 168 161 74 18 233 190
1 5 10
259 268 99 227 18 208 226 148 95 293
1 19 4
229 128 231 107
1 9 7
272 288 100 99 123 223 292
1 7 11
148 59 229 33 227 179 121 233 114 51 9
1 33 2
234 8
1 6 11
247 9 289 269 159 148 225 147 7 47 90
1 13 5
50 130 62 48 190
1 8 8
23 89 17 144 266 97 279 179
1 5 12
288 244 108 35 272 141 234 120 154 106 95 201
1 12 6
220 76 11 166 284 9
1 7 10
188 83 136 206 277 268 26 243 117 139
1 5 14
267 131 153 256 23 291 68 45 211 146 156 198 232 56
1 5 14
197 147 162 161 178 218 172 222 60 80 70 239 121 168
1 17 4
252 276 160 282
1 11 7
291 242 274 210 119 12 62
1 7 10
122 291 145 236 221 222 276 176 138 159
1 7 11
109 215 169 153 226 56 163 89 48 133 6
1 13 6
169 93 114 253 162 289
1 16 4
74 88 17 243
1 5 14
205 131 142 66 182 75 42 124 90 258 186 148 223 43
1 11 4
65 159 77 233
1 11 6
206 155 86 245 297 161
1 6 11
208 72 125 231 272 237 271 10 198 248 101
1 10 7
160 236 57 197 87 190 138
1 23 3
8 239 298
1 5 13
88 101 131 140 4 291 290 201 142 81 233 52 221
1 22 3
194 103 273
1 5 15
246 99 38 235 218 110 116 25 86 57 100 147 271 111 214
1 5 14
102 217 295 35 273 59 228 66 83 126 36 270 117 30
1 9 8
274 25 6 68 128 205 47 180
1 7 10
12 299 142 178 124 15 17 98 293 163
1 5 12
198 253 152 65 56 33 291 27 179 244 0 51
1 11 3
91 244 21
1 5 14
35 26 88 298 179 276 29 95 75 121 203 154 286 104
1 4 15
65 139 176 224 183 147 254 115 94 177 145 69 255 164 125
1 4 14
62 22 223 205 266 37 194 145 142 96 100 271 157 192
1 11 3
208 77 98
1 18 2
263 67
1 13 4
214 175 49 139
1 11 7
289 23 249 172 93 244 102
1 7 11
79 78 101 91 123 191 220 40 289 231 257
1 34 2
84 122
1 7 10
29 188 261 295 122 275 238 138 15 161
1 7 10
177 139 204 116 44 212 278 11 53 266
1 7 10
160 81 182 104 276 86 282 105 79 169
1 24 2
58 268
1 7 11
91 291 229 213 31 240 60 19 217 232 50
1 6 12
198 246 179 24 159 149 190 205 95 29 273 87
1 18 4
107 291 3 9
1 7 8
279 167 267 155 104 277 186 66
1 6 13
150 18 240 25 36 248 255 86 181 148 188 169 189
1 6 10
14 284 137 203 95 263 13 258 10 4
1 9 8
167 30 237 2 193 261 288 279
1 9 8
190 125 211 72 210 39 218 248
1 5 14
143 81 208 99 222 250 281 264 238 290 65 267 24 154
1 7 11
241 33 158 256 211 75 99 232 276 278 60
1 4 15
297 98 290 184 147 126 161 196 82 293 256 271 115 277 208
1 12 5
233 147 286 227 175
1 5 14
78 153 169 231 118 147 64 201 91 167 159 220 215 294
1 7 11
276 221 86 124 133 156 179 184 150 256 262
1 5 13
284 26 36 294 265 74 91 203 13 252 103 46 293
1 14 3
268 284 170
1 29 2
176 199
1 16 4
33 259 83 136
1 10 7
212 4 231 65 51 9 8
1 6 11
144 257 188 78 34 41 161 113 263 112 274
1 14 5
284 57 16 94 88
1 7 11
228 168 154 88 58 229 105 242 32 271 71
1 6 12
0 157 44 145 283 177 294 215 223 250 21 27
1 4 12
7 111 277 94 6 251 202 53 195 201 271 88
1 4 15
260 24 148 110 245 25 216 51 22 56 65 224 58 29 284
1 30 2
102 194
1 8 7
133 4 148 243 114 213 195
1 13 3
77 273 227
1 9 8
259 140 22 289 126 291 114 160
1 13 5
91 235 137 21 9
1 5 14
299 184 115 232 188 212 70 2 288 296 95 49 100 86
1 12 4
147 163 214 129
1 19 3
18 203 56
1 6 12
61 202 295 241 5 234 290 82 162 249 118 182
1 6 12
264 272 132 90 116 276 9 238 23 288 295 237
1 14 4
175 132 126 286
1 5 15
131 223 13 269 111 214 87 20 73 233 92 42 163 121 99
1 7 11
59 268 282 57 265 87 227 16 200 39 61
1 5 13
197 2 78 173 258 160 248 82 60 95 53 232 136
1 15 5
60 247 214 123 194
1 5 14
280 237 253 117 267 164 182 299 103 10 107 159 20 125
1 7 11
196 64 30 221 256 145 27 78 187 275 45
1 15 4
281 93 84 291
1 6 11
184 190 104 153 79 52 143 163 274 272 17
1 14 5
41 116 101 107 106
1 16 4
43 18 262 270
1 9 7
234 258 292 194 68 219 73
1 9 8
25 73 220 203 74 241 226 59
1 9 8
139 12 169 88 241 152 79 247
1 7 10
61 5 160 70 194 277 133 157 212 6
1 8 8
170 180 134 122 238 280 283 83
1 11 6
265 3 203 110 74 40
1 11 6
222 118 67 245 171 0
1 11 6
199 278 35 143 197 243
1 5 15
179 160 213 263 284 156 290 38 229 169 140 105 6 66 164
1 7 9
264 252 71 222 137 194 295 49 163
1 32 2
245 31
1 7 8
21 47 31 268 113 187 258 129
1 36 2
266 162
1 9 8
10 288 150 183 50 93 17 29
1 12 3
81 56 187
1 4 13
291 250 249 191 135 201 133 124 148 239 224 243 109
1 8 9
5 46 96 279 24 85 249 7 194
1 28 2
274 6
1 5 14
7 214 62 61 6 289 286 215 97 232 19 91 199 21
1 5 12
2 37 109 14 147 78 15 55 218 122 103 115
1 6 9
85 292 252 188 213 206 14 177 17
1 9 8
216 167 66 195 32 221 122 225
1 8 8
100 141 87 48 202 295 190 58
1 5 13
7 216 136 166 259 160 191 274 226 146 52 95 271
1 7 9
141 111 281 83 73 66 126 17 235
1 14 5
144 109 247 287 20
1 12 6
288 126 256 200 154 79
1 6 12
109 81 186 187 195 251 221 215 2 189 193 152
1 8 9
205 97 108 194 153 95 285 163 45
1 13 5
137 194 77 118 152
1 25 2
237 139
1 5 13
161 25 219 104 73 24 205 142 87 166 289 147 11
1 5 14
87 35 149 123 166 278 144 8 279 3 4 71 126 99
1 11 6
25 142 294 168 271 101
1 6 12
235 92 123 46 280 162 109 122 61 1 31 20
1 11 7
229 126 59 32 179 201 154
1 5 13
253 120 138 35 80 294 14 298 247 17 79 150 108
1 11 7
260 65 244 289 169 51 47
1 14 5
141 257 153 67 199
1 5 14
88 31 165 208 85 220 293 281 101 242 248 296 109 5
1 11 6
81 58 268 160 141 86
1 5 14
272 39 34 19 194 248 45 66 167 148 229 172 215 90
1 28 2
234 219
1 5 13
248 194 257 26 65 132 118 228 266 81 263 267 181
1 9 6
268 55 81 139 99 145
1 32 2
295 260
1 5 12
190 27 269 65 55 285 139 225 254 62 146 3
1 7 10
241 2 54 143 4 9 63 197 237 141
1 5 13
16 154 65 125 171 192 194 94 77 101 106 240 189
1 12 3
164 0 93
1 15 5
225 296 69 198 174
1 6 12
81 108 245 76 121 53 239 127 104 52 203 74
1 14 5
19 87 207 25 78
1 8 9
116 182 129 227 63 119 77 84 105
1 13 4
29 197 74 165
1 11 6
288 159 108 179 229 23
1 5 15
177 33 166 18 148 20 94 158 113 286 43 59 220 297 164
1 6 11
281 205 282 26 283 39 77 47 23 114 151
1 10 7
204 91 280 288 54 115 9
1 24 3
270 29 168
1 13 4
192 193 160 69
1 5 15
221 17 8 215 20 82 160 210 87 202 263 111 66 198 218
1 7 10
97 172 89 58 64 45 268 248 250 297
1 33 2
286 31
1 5 15
225 110 277 2 289 261 194 250 262 252 237 230 85 165 228
1 10 5
37 164 92 0 254
1 12 4
88 214 61 55
1 12 6
294 181 31 20 167 234
1 15 5
234 265 160 210 22
1 8 8
113 164 150 87 270 78 228 97
1 5 14
1 106 288 28 168 231 93 134 290 130 203 55 7 50
1 5 14
9 42 115 180 239 236 83 3 160 78 185 108 54 12
1 6 12
293 297 257 113 232 97 107 280 105 295 104 234
1 15 2
127 104
1 14 4
113 290 111 187
1 6 11
297 113 272 243 37 190 58 4 171 17 200
1 11 5
152 245 62 172 52
1 5 14
8 278 21 60 143 246 226 53 74 179 32 150 187 174
1 7 9
136 213 186 75 89 132 65 282 142
1 15 4
282 113 243 67
1 17 3
110 187 87
1 11 6
114 26 280 237 217 136
1 7 9
108 255 285 65 260 267 253 79 104
1 7 11
289 253 154 109 286 13 45 186 14 202 24
1 7 11
117 215 294 210 179 81 207 49 275 220 75
1 5 15
284 223 199 107 138 178 180 39 109 95 14 86 206 99 259
1 12 5
163 42 201 44 250
1 8 9
26 110 109 207 255 297 40 244 98
1 6 13
87 11 244 173 282 297 246 271 268 68 269 21 30
1 8 9
282 265 161 290 4 92 249 94 84
1 25 2
227 31
1 6 10
177 85 149 280 112 31 146 172 28 103
1 10 7
87 116 162 178 290 205 275
1 7 9
232 233 86 116 262 132 193 43 117
1 25 2
158 267
1 5 15
240 198 3 289 51 59 204 239 214 249 116 261 1 296 258
1 14 5
32 202 242 78 264
1 18 4
105 289 65 132
1 5 14
34 102 237 76 162 149 285 32 31 110 247 33 172 130
1 17 3
25 44 232
1 6 12
184 221 190 185 182 196 157 168 86 149 103 188
1 10 7
74 232 32 12 101 96 224
1 13 6
61 286 185 210 276 191
1 5 15
1 118 181 160 168 141 15 35 250 112 278 163 296 89 169
1 6 10
183 233 289 104 241 214 227 126 257 152
1 10 7
204 16 180 287 258 274 123
1 7 10
69 110 268 46 163 141 217 209 108 131
1 9 3
89 145 159
1 9 8
114 125 23 95 116 276 129 151
1 8 9
211 38 170 52 161 251 14 123 200
1 6 11
25 175 198 117 79 92 149 215 77 231 144
1 13 6
128 51 289 296 14 84
1 6 12
292 244 117 232 128 299 25 257 120 21 188 7
1 15 5
266 169 128 60 242
1 6 13
26 147 165 273 46 41 4 188 8 5 187 248 164
1 15 3
233 224 27
1 5 15
18 113 227 212 43 8 108 116 71 211 145 199 203 38 248
1 6 11
183 18 277 107 186 20 250 111 139 280 201
1 9 7
184 172 217 146 228 94 158
1 5 15
113 47 20 271 224 287 160 10 71 257 35 152 182 263 45
1 19 4
288 32 76 70
1 5 15
14 2 207 228 24 119 189 120 249 195 27 35 181 246 55
1 8 5
164 292 201 269 224
1 8 9
152 142 144 268 207 89 234 162 284
1 14 3
222 208 280
1 24 3
139 214 107
1 23 3
180 66 220
1 10 7
160 2 283 214 242 53 83
1 7 10
17 92 184 21 84 285 90 292 115 163
1 17 3
283 42 117
1 7 9
77 159 78 156 142 44 240 127 51
1 4 15
110 243 296 226 255 225 268 20 109 17 73 118 279 157 271
k 20
