300 900 465
17 23 25 15 26 13 5 7 23 9 22 27 6 18 1 11 13 14 22 10 8 13 17 7 7 12 18 24 7 22 10 25 27 29 2 11 30 15 4 6 3 17 7 15 4 27 1 8 8 19 26 29 20 6 13 3 20 17 15 3 12 21 19 10 27 27 18 19 23 23 11 26 24 1 3 3 11 4 16 30 22 23 9 4 7 6 23 27 15 24 11 21 25 6 29 24 28 25 4 29 11 29 19 16 2 13 4 9 26 23 17 16 12 1 30 5 13 12 14 21 12 25 27 30 13 29 19 26 21 24 21 7 11 30 15 13 15 17 14 30 14 15 1 18 19 20 11 30 13 15 2 19 20 11 17 8 20 18 22 9 28 30 20 27 17 6 8 30 1 26 25 4 25 5 3 9 20 23 6 15 9 11 30 16 20 21 11 22 16 7 29 13 8 13 10 22 10 13 24 10 3 19 29 26 27 18 29 20 3 27 6 9 2 16 11 1 20 22 2 26 12 25 10 23 2 28 7 4 18 23 23 16 5 19 2 21 30 18 6 4 21 16 9 13 20 15 20 10 7 14 3 21 5 4 4 1 9 26 14 20 15 9 29 5 7 23 28 24 24 9 14 24 10 3 14 20 20 8 14 21 27 24 16 27 2 11 30 23 6 22 16 26 3 1 14 24 11 21 1 2
1 22 19 2 16 15 7 11 30 10 3 5 27 4 16 2 5 5 29 28 11 25 1 4 29 2 11 6 6 22 29 6 17 25 10 29 10 24 1 23 7 21 26 11 22 12 27 25 13 24 13 22 24 19 29 14 14 19 11 25 23 17 19 18 19 8 28 17 8 29 1 1 24 2 5 14 13 19 6 24 11 24 1 8 29 26 16 26 7 13 4 5 30 8 4 21 16 6 16 10 3 15 14 18 27 27 15 28 29 24 9 1 5 18 1 29 20 15 10 4 29 5 11 22 30 8 29 27 9 13 5 15 30 29 13 7 19 28 13 3 20 11 13 25 24 22 20 4 18 11 26 18 23 20 28 14 22 10 12 14 12 25 16 22 5 13 13 28 26 29 7 6 20 6 2 23 28 28 18 6 25 26 30 28 27 4 13 29 21 8 10 20 18 14 30 8 15 15 1 25 1 6 11 28 11 16 9 28 30 11 8 1 2 5 13 21 2 15 15 21 23 7 25 16 14 30 5 30 11 4 16 16 22 25 1 18 16 23 25 8 6 19 28 20 15 22 22 22 7 22 26 9 11 20 25 21 19 25 19 25 29 19 3 16 25 27 3 20 17 24 19 29 9 11 20 26 14 19 18 4 8 13 5 21 27 19 26 10 14 15 4 22 16 27 22 12 5 11 7 13
1 13 12
28 82 291 162 196 202 145 55 53 155 170 91
1 7 2
232 217
1 16 6
132 124 61 168 120 233
1 5 5
275 8 151 64 269
1 14 9
87 125 72 282 163 214 130 112 135
1 11 15
49 297 250 221 54 280 50 15 139 39 100 191 230 153 146
1 20 5
298 96 13 183 65
1 6 12
122 206 215 178 133 98 131 42 251 274 285 220
1 4 10
206 138 275 146 44 259 224 1 163 211
1 4 2
12 190
1 15 9
243 131 43 235 274 271 298 4 279
1 13 7
207 161 247 0 60 245 133
1 12 5
191 150 294 160 276
1 16 10
298 46 67 247 265 194 297 156 99 237
1 14 12
180 254 47 42 242 211 146 114 8 295 116 46
1 18 10
40 254 267 99 231 214 188 293 129 298
1 12 15
291 69 58 158 62 95 245 196 74 90 188 235 298 177 251
1 19 5
296 177 82 103 79
1 10 6
102 293 5 290 270 155
1 14 12
99 237 143 247 56 191 125 101 29 244 273 11
1 6 12
208 170 48 141 278 49 44 164 219 271 204 12
1 10 15
10 146 27 292 7 87 204 120 41 236 213 282 210 91 258
1 8 9
235 88 292 194 291 5 50 251 245
1 1 11
86 105 192 191 21 147 237 174 46 180 98
1 7 8
115 198 100 26 213 252 54 9
1 18 14
181 295 134 294 112 169 16 234 221 89 229 81 216 292
1 6 3
185 103 135
1 9 13
167 10 249 165 99 47 128 275 136 20 9 240 204
1 3 4
217 172 267 53
1 12 14
244 100 288 25 16 189 220 5 96 24 186 151 88 155
1 12 9
72 175 26 190 258 41 91 223 81
1 9 15
237 270 115 120 34 247 229 148 193 160 259 25 37 94 290
1 8 7
239 26 90 138 205 191 53
1 8 4
42 119 154 73
1 8 10
214 74 38 56 113 232 111 272 227 41
1 10 2
218 227
1 9 5
162 12 53 88 260
1 14 14
31 21 33 143 169 124 219 139 282 281 109 47 233 208
1 14 13
179 241 278 46 134 260 71 191 95 223 32 149 251
1 11 4
25 103 41 55
1 2 9
20 294 180 173 112 79 41 163 286
1 12 6
215 110 4 73 124 172
1 12 11
58 253 21 238 61 280 173 279 9 154 32
1 1 5
174 154 161 117 109
1 3 10
169 192 178 197 19 62 282 140 56 264
1 6 6
6 221 70 168 38 155
1 4 5
34 71 19 94 255
1 2 9
67 156 108 9 149 47 4 172 262
1 3 14
240 114 228 280 154 162 205 127 104 131 100 167 245 172
1 13 10
183 11 251 25 14 77 242 261 230 188
1 4 15
99 180 138 57 210 293 120 87 64 133 280 209 176 286 160
1 3 6
138 212 133 278 94 272
1 9 9
55 62 99 205 268 76 298 124 134
1 5 5
160 183 171 199 66
1 3 9
224 87 293 79 63 182 248 230 263
1 15 15
232 165 260 82 24 111 33 265 78 185 105 274 29 249 144
1 16 5
291 204 131 214 49
1 11 8
219 150 70 232 32 116 141 182
1 6 4
20 192 206 265
1 20 8
46 23 216 251 17 113 232 111
1 12 9
295 6 135 10 80 95 221 245 283
1 16 2
194 256
1 3 14
258 13 294 121 157 75 222 218 173 156 123 103 93 60
1 12 12
61 102 64 258 210 134 197 234 297 130 41 52
1 15 2
172 212
1 19 7
205 210 161 123 271 95 277
1 19 15
44 163 82 186 221 118 133 4 205 94 96 182 105 156 162
1 8 9
181 78 100 109 66 61 289 85 132
1 9 3
128 18 199
1 16 2
227 145
1 18 10
35 146 196 16 79 43 270 111 3 62
1 13 7
128 45 224 198 153 150 24
1 7 4
160 283 111 263
1 14 12
64 204 54 33 217 22 285 145 299 25 95 284
1 7 10
70 213 299 227 253 77 17 71 34 104
1 2 4
101 163 273 136
1 18 3
145 20 292
1 15 7
270 169 269 50 277 250 210
1 16 14
103 117 17 285 200 158 266 94 293 87 220 229 13 173
1 5 3
292 297 208
1 6 5
111 234 258 138 49
1 4 15
168 87 165 272 57 0 89 35 273 42 11 152 241 196 65
1 13 2
142 204
1 16 4
135 210 138 186
1 11 11
114 102 202 29 109 240 121 295 144 91 246
1 3 6
229 12 36 213 152 159
1 18 14
3 159 104 264 250 162 42 23 247 0 226 120 112 53
1 16 7
72 133 250 265 74 1 9
1 1 9
240 176 129 251 262 215 31 226 209
1 13 2
35 65
1 18 11
278 246 201 11 211 30 104 127 41 47 156
1 2 2
7 190
1 2 7
154 27 245 133 59 225 17
1 14 13
154 148 282 173 153 203 187 151 49 57 281 116 265
1 12 4
26 148 30 249
1 3 9
224 88 167 256 188 157 80 255 28
1 15 14
119 255 10 152 98 132 274 192 2 88 268 112 158 118
1 4 5
65 255 60 96 153
1 15 5
217 137 274 39 299
1 9 11
23 68 52 137 123 71 31 248 60 209 243
1 11 9
49 214 94 198 132 267 106 256 160
1 10 9
166 296 25 275 51 171 225 163 167
1 6 15
123 212 3 113 276 227 130 240 285 253 259 210 196 27 256
1 18 13
50 256 79 63 227 294 124 216 244 179 126 32 218
1 9 14
64 296 60 187 92 210 0 5 121 88 220 195 77 6
1 20 14
52 277 202 6 239 181 75 240 296 48 24 187 183 178
1 6 5
21 154 274 240 36
1 8 6
277 217 34 74 167 229
1 16 8
173 41 79 203 146 77 26 14
1 10 14
8 59 120 137 158 226 36 179 206 80 239 268 55 188
1 18 13
277 24 212 109 39 113 43 258 293 86 124 149 19
1 15 15
282 11 122 85 249 190 49 67 261 226 145 154 235 170 53
1 13 15
79 204 45 284 73 219 91 32 264 201 44 220 222 272 262
1 12 13
279 97 176 20 230 261 295 22 212 178 136 294 150
1 9 8
9 23 294 132 55 277 245 44
1 3 7
297 76 21 212 137 80 34
1 12 6
90 95 21 289 222 124
1 6 4
251 74 23 130
1 4 14
205 233 35 258 140 217 261 287 108 91 20 250 202 234
1 13 3
134 179 242
1 6 3
0 81 114
1 19 8
90 185 296 130 58 236 186 243
1 16 2
258 297
1 5 11
233 208 255 10 172 41 113 77 211 157 60
1 13 11
132 121 162 175 106 166 298 203 181 55 128
1 12 11
1 26 77 222 68 269 132 273 124 69 213
1 9 15
226 297 275 122 169 218 154 280 25 17 142 298 81 207 51
1 3 15
86 131 57 101 269 134 154 58 223 208 238 84 163 0 185
1 18 11
160 279 62 232 12 293 254 5 211 187 18
1 19 4
62 150 104 271
1 3 10
231 72 1 180 5 71 170 227 235 220
1 16 3
293 258 264
1 8 2
221 238
1 7 4
134 122 114 129
1 14 14
127 129 290 11 212 182 32 199 55 189 233 59 228 94
1 9 4
213 19 255 151
1 10 8
15 34 226 43 110 281 103 97
1 19 6
150 61 130 75 129 187
1 10 9
115 14 119 282 132 186 63 140 176
1 10 6
77 155 50 184 190 137
1 7 6
183 126 9 24 145 173
1 15 7
123 253 38 53 70 207 262
1 10 4
145 4 19 50
1 13 11
291 33 4 82 245 190 252 75 270 236 265
1 7 12
27 198 278 193 197 59 227 126 254 19 72 222
1 12 14
97 126 241 141 179 93 203 292 286 235 139 168 124 22
1 13 6
128 248 244 11 185 151
1 2 6
56 267 5 140 39 113
1 15 9
154 245 115 12 255 185 43 31 193
1 13 11
273 235 159 21 158 293 214 288 170 96 70
1 12 15
218 139 105 184 27 271 72 229 17 193 156 172 182 9 136
1 18 3
56 245 251
1 8 5
144 224 20 165 299
1 16 4
160 65 68 214
1 17 8
189 168 8 185 7 199 275 150
1 5 2
281 54
1 5 14
107 254 96 293 181 261 25 88 184 139 165 188 205 78
1 9 5
35 209 189 53 296
1 13 14
125 186 78 46 195 100 273 198 44 238 110 41 62 251
1 6 10
271 73 157 43 260 29 226 239 194 280
1 19 14
6 29 121 48 151 19 127 99 119 20 130 56 126 111
1 16 5
279 235 268 142 57
1 18 15
275 141 205 265 26 68 147 67 159 42 251 282 121 226 246
1 19 13
40 41 205 225 198 117 153 70 97 180 222 16 163
1 14 13
276 245 177 207 249 190 257 176 13 241 187 197 34
1 10 10
270 19 65 3 243 91 288 228 230 196
1 1 12
254 96 274 227 27 1 268 18 185 204 209 106
1 14 9
71 32 143 115 97 112 100 151 220
1 15 13
25 69 126 270 59 244 80 89 105 257 81 237 155
1 6 10
264 71 21 119 289 248 297 101 118 108
1 18 10
277 122 92 102 168 253 35 283 58 137
1 7 3
237 220 235
1 5 11
251 57 86 166 162 269 287 204 195 93 124
1 12 10
183 186 82 115 252 53 250 2 116 7
1 13 15
67 47 143 10 163 85 144 241 291 31 24 121 120 22 226
1 6 13
8 196 129 282 15 149 51 144 191 178 208 107 21
1 4 11
7 142 70 118 223 200 298 226 25 22 98
1 17 4
15 278 176 211
1 10 12
89 103 222 288 26 132 233 273 92 282 108 149
1 7 3
197 241 85
1 10 4
31 256 0 111
1 13 7
175 267 97 49 177 59 277
1 9 11
262 241 185 115 230 273 98 9 169 254 67
1 8 7
147 261 232 10 294 98 262
1 5 12
274 54 107 251 4 233 102 64 213 143 91 281
1 10 14
0 160 287 30 121 63 95 241 221 35 197 205 78 253
1 13 7
143 99 284 65 82 211 148
1 11 15
156 20 265 163 224 46 101 44 190 65 50 23 275 104 112
1 13 12
111 28 205 269 172 294 299 65 10 240 146 200
1 13 7
244 252 66 148 219 289 92
1 8 3
198 179 60
1 10 4
259 42 40 212
1 18 14
71 5 199 89 197 67 40 266 140 33 214 111 220 201
1 12 10
115 255 4 201 150 197 79 242 204 239
1 17 5
291 23 231 65 32
1 11 12
11 89 256 223 149 292 12 109 181 250 243 37
1 2 9
165 185 127 163 213 289 114 65 196
1 13 11
0 71 203 17 58 187 232 190 72 122 174
1 1 2
67 126
1 15 9
27 76 144 291 188 114 119 11 245
1 7 12
233 293 263 267 188 31 58 251 238 15 228 37
1 14 4
60 88 146 92
1 15 6
35 74 56 106 11 230
1 4 15
201 182 107 79 88 85 165 210 141 25 166 248 23 299 179
1 14 12
111 107 235 52 295 23 217 142 287 117 143 70
1 19 15
26 38 49 189 236 171 45 14 280 190 245 58 260 165 209
1 5 6
156 104 12 95 124 15
1 15 5
4 289 82 258 213
1 15 5
208 293 138 220 33
1 20 13
37 70 292 126 216 54 94 291 113 166 192 42 154
1 1 2
204 95
1 2 13
290 6 16 252 134 36 286 1 53 174 86 108 210
1 2 5
58 148 177 164 229
1 5 3
116 160 275
1 5 5
181 48 158 217 123
1 9 13
156 112 216 288 243 250 242 164 194 223 261 153 52
1 3 9
12 146 105 277 195 88 276 197 99
1 20 8
24 60 137 239 18 122 3 164
1 12 12
25 111 58 95 241 254 115 259 31 173 37 285
1 8 11
284 271 224 78 105 17 213 190 201 205 64
1 20 11
267 271 39 23 198 128 65 212 207 176 93
1 1 10
264 129 221 127 178 195 28 220 257 162
1 15 3
246 222 172
1 2 6
58 134 226 168 166 276
1 12 8
19 278 14 168 226 24 124 272
1 10 6
210 178 175 257 87 217
1 3 13
298 121 133 261 137 63 297 13 199 229 157 174 200
1 10 6
149 223 251 297 98 231
1 19 13
158 245 66 141 173 233 166 118 144 50 164 87 184
1 6 14
278 146 98 249 161 27 105 89 52 251 189 209 178 166
1 1 7
210 226 294 224 130 245 162
1 1 10
43 28 215 276 21 68 132 275 155 164
1 15 2
255 19
1 15 15
7 213 16 219 177 185 252 266 229 62 28 247 130 255 33
1 2 11
86 19 82 0 67 79 5 63 164 130 117
1 8 7
294 194 104 74 128 299 215
1 14 15
215 236 145 61 52 109 43 229 264 172 58 277 150 231 140
1 9 6
184 23 2 297 29 4
1 18 13
87 50 21 66 64 189 86 18 118 101 254 38 298
1 18 15
205 109 92 127 149 58 170 285 207 61 16 240 296 238 73
1 9 9
53 204 142 1 274 145 222 299 250
1 6 7
26 236 210 42 208 178 145
1 7 13
272 134 297 287 239 299 94 132 87 89 88 257 21
1 15 10
79 73 289 216 68 99 226 62 138 280
1 2 8
100 86 144 214 159 179 91 60
1 11 3
222 146 126
1 9 14
17 117 101 116 281 16 262 247 239 102 224 296 133 242
1 16 2
71 57
1 8 11
133 136 232 112 208 15 145 247 21 170 83
1 14 12
191 154 134 23 242 259 153 292 196 162 120 74
1 14 10
12 115 297 272 244 172 43 84 71 223
1 19 8
221 83 98 126 206 299 56 228
1 16 14
76 101 261 96 284 226 105 179 121 260 23 294 262 209
1 8 11
50 106 264 226 229 261 189 160 212 187 65
1 17 14
46 252 191 78 132 248 33 231 245 98 19 45 185 119
1 13 10
264 118 147 154 245 60 135 196 6 91
1 18 2
186 48
1 13 10
256 198 296 99 45 259 159 263 40 49
1 13 9
269 281 35 181 9 109 216 86 201
1 6 9
115 54 211 100 213 262 126 162 196
1 13 3
284 184 187
1 18 10
185 10 167 223 112 45 191 163 36 132
1 3 4
221 182 246 253
1 3 15
64 208 3 259 162 93 12 163 143 231 135 142 169 49 245
1 13 9
78 299 41 205 164 2 275 93 202
1 8 8
160 69 127 262 96 230 8 51
1 5 3
296 57 60
1 16 14
165 46 250 146 88 79 227 225 216 54 131 68 179 149
1 7 11
288 33 199 246 19 278 163 240 144 131 22
1 15 10
210 83 254 263 268 198 77 24 105 7
1 15 9
250 195 29 55 111 189 121 14 117
1 5 5
2 46 141 165 287
1 19 12
248 298 136 98 206 154 39 221 52 91 45 153
1 1 11
253 21 78 245 37 185 125 219 214 159 141
1 11 12
198 217 41 134 93 245 72 223 186 7 88 290
1 7 12
236 207 296 20 258 187 164 157 89 277 219 278
1 18 7
245 46 274 57 252 66 114
1 6 5
296 86 154 22 165
1 20 11
68 8 222 82 138 32 153 39 55 265 105
1 7 14
269 141 216 232 51 270 29 265 65 72 11 184 250 273
1 3 7
6 0 209 219 148 150 29
1 15 4
16 200 234 135
1 9 12
297 216 59 233 133 98 82 251 263 200 203 142
1 3 12
20 142 260 204 246 187 210 56 67 199 49 27
1 16 12
182 220 105 290 71 73 45 147 158 27 13 34
1 11 6
267 139 84 239 203 197
1 12 4
158 18 166 210
1 18 15
48 6 158 92 189 205 172 256 170 88 138 105 126 5 89
1 15 8
101 216 135 19 98 50 32 26
1 14 6
215 88 279 166 25 276
1 17 7
202 174 245 95 137 134 69
1 20 11
7 219 41 269 83 263 293 88 288 285 85
1 6 15
101 276 71 64 126 177 83 234 103 299 174 135 228 34 270
1 6 11
229 97 56 276 51 227 15 63 135 223 197
1 9 10
209 12 273 43 83 180 243 212 29 215
1 18 7
299 106 56 201 162 232 175
1 7 3
295 46 222
1 8 10
67 236 221 245 105 170 197 201 205 283
1 2 4
173 154 139 141
1 13 10
111 155 216 57 23 243 171 51 136 131
1 2 12
145 266 124 95 159 133 181 222 164 66 101 96
1 20 12
255 10 40 3 38 269 125 119 155 209 117 72
1 19 11
128 265 173 270 299 175 43 156 137 236 125
1 19 3
59 171 68
1 18 11
278 287 299 103 51 246 75 202 239 260 14
1 2 15
234 58 201 257 42 38 292 124 144 123 77 30 154 214 82
1 9 13
202 104 222 150 115 40 228 274 291 48 92 14 123
1 11 6
77 176 99 53 140 193
1 15 2
83 157
1 12 5
280 238 60 88 288
1 12 3
227 266 202
1 4 4
78 294 15 174
1 19 13
167 33 57 70 150 146 221 49 219 154 91 77 175
1 11 15
115 47 149 84 133 166 165 60 246 290 114 100 276 176 240
1 15 8
238 169 270 146 184 107 228 62
1 18 15
139 108 265 15 61 1 294 184 195 188 234 33 170 80 115
1 7 15
296 166 120 34 155 222 9 80 233 21 154 85 59 282 12
1 9 13
99 147 241 109 60 42 139 6 245 39 207 213 293
1 7 7
78 151 180 244 281 239 224
1 8 4
296 72 250 172
1 4 10
70 42 177 245 145 16 97 31 149 235
1 9 4
58 74 16 98
1 7 7
130 178 192 291 164 262 147
1 8 2
21 5
1 1 15
45 224 177 209 230 106 289 61 225 83 15 138 226 193 266
1 10 11
30 96 289 214 182 159 273 270 11 6 298
1 5 12
119 140 110 239 236 267 118 237 201 44 179 269
1 7 10
165 74 12 83 103 239 68 1 135 78
1 13 6
206 30 163 71 17 59
1 9 9
127 226 61 237 126 76 139 66 133
1 15 9
147 102 217 293 276 263 91 211 126
1 6 14
231 2 280 42 253 111 275 100 195 47 142 234 124 295
1 18 4
157 275 24 178
1 12 12
230 86 247 176 202 231 83 129 111 264 9 270
1 8 15
211 57 6 293 26 16 8 298 102 104 187 106 167 2 115
1 3 5
265 228 289 164 163
1 10 5
196 286 107 133 14
1 6 7
170 268 243 192 264 232 212
1 2 9
204 254 277 268 296 88 55 201 172
1 8 3
87 298 277
1 3 9
215 177 129 50 237 246 232 109 9
1 8 15
81 260 224 240 137 231 58 111 203 167 216 173 266 201 291
1 14 11
145 97 55 226 277 61 132 292 98 116 128
1 6 11
259 210 86 21 218 204 270 67 241 103 294
1 17 6
194 169 197 12 71 289
1 15 14
207 177 102 101 150 158 30 31 156 40 34 189 233 136
1 14 12
55 281 193 157 255 237 213 35 226 13 122 269
1 1 7
224 225 134 184 193 243 295
1 16 8
274 111 97 225 291 43 211 231
1 14 11
42 283 175 244 292 215 248 278 79 162 237
1 6 3
11 284 223
1 9 8
88 287 200 149 177 49 195 243
1 5 6
50 26 114 70 49 221
1 9 8
127 151 1 152 90 11 142 125
1 9 7
294 219 79 96 11 195 152
1 5 4
89 124 292 80
1 17 2
240 126
1 12 3
264 173 3
1 5 2
268 256
1 19 2
121 19
1 13 15
120 24 45 127 281 190 292 237 111 168 86 286 15 152 264
1 17 10
294 185 248 273 258 154 234 103 18 137
1 3 11
58 45 105 193 93 143 83 39 46 73 104
1 14 7
188 219 173 76 103 16 273
1 11 14
156 103 110 227 12 98 195 86 246 39 131 276 282 180
1 16 15
97 151 187 271 56 141 199 242 26 293 46 244 114 99 197
1 9 15
162 77 161 11 156 287 71 4 212 259 229 126 39 206 268
1 15 7
227 242 279 125 188 228 177
1 19 3
236 185 104
1 3 5
39 195 145 221 260
1 15 4
90 256 69 27
1 2 8
224 11 279 298 249 128 63 272
1 10 5
274 16 187 48 116
1 11 11
29 82 241 287 14 239 228 126 157 289 266
1 6 4
96 211 290 136
1 14 12
90 154 139 50 91 293 111 199 131 277 104 254
1 5 6
25 147 137 37 32 83
1 8 13
170 102 144 47 164 39 103 276 158 44 149 34 178
1 6 4
224 23 291 117
1 1 7
142 117 235 207 13 233 34
1 17 13
66 4 35 102 32 255 18 99 20 161 6 137 243
1 17 9
51 206 5 91 81 48 276 162 203
1 3 2
150 4
1 4 15
270 124 2 36 161 41 9 206 84 197 129 248 10 153 245
1 13 6
203 182 138 274 37 248
1 19 8
298 38 30 245 113 249 87 293
1 17 2
51 195
1 20 4
219 274 267 182
1 7 2
8 77
1 16 15
34 4 69 125 287 136 199 244 296 164 177 26 263 152 138
1 2 4
171 294 275 61
1 14 12
192 18 128 63 211 213 68 28 136 296 171 71
1 14 11
220 137 39 38 241 62 255 245 134 266 182
1 10 12
15 133 196 44 84 156 136 109 288 115 198 262
1 3 15
157 185 17 27 25 175 232 253 295 74 130 117 212 28 172
1 8 3
97 18 84
1 9 5
214 151 78 10 268
1 18 6
43 100 118 250 5 13
1 17 4
198 224 262 67
1 19 11
79 215 235 60 2 189 101 49 109 83 54
1 3 3
295 201 130
1 10 5
141 232 28 194 212
1 10 12
151 68 18 162 127 257 289 165 8 132 207 112
1 2 3
136 261 163
1 13 12
6 218 137 125 33 296 214 47 199 216 76 274
1 12 8
176 246 193 50 173 81 228 11
1 11 6
88 30 225 270 83 54
1 6 4
139 231 220 47
1 13 8
256 133 29 106 178 192 22 123
1 14 11
177 60 5 192 289 45 123 136 218 198 145
1 10 3
246 197 30
1 9 14
265 40 74 10 248 170 168 1 293 294 162 11 234 37
1 11 12
48 158 8 68 222 90 178 39 129 139 192 169
1 6 7
22 210 213 293 275 42 198
1 7 11
87 130 252 162 165 253 257 183 182 283 261
1 13 10
31 157 270 219 296 235 168 87 215 62
1 7 2
18 254
1 5 6
137 152 193 93 128 275
1 12 11
149 61 106 39 207 220 41 254 274 17 72
1 7 3
53 291 252
1 16 13
136 275 168 1 140 212 219 86 156 237 95 229 64
1 14 13
290 169 103 114 6 37 57 192 244 55 108 289 3
1 8 9
293 143 231 267 144 158 25 207 46
1 8 14
166 293 169 271 296 288 222 97 83 237 21 255 243 95
1 6 11
270 108 41 16 126 81 55 33 2 235 102
1 1 2
268 185
1 16 13
159 77 84 74 115 141 148 110 128 287 107 59 210
1 7 15
158 67 84 83 157 37 218 150 31 291 48 65 116 98 44
1 3 8
131 257 256 193 59 190 164 251
1 14 5
4 219 92 109 68
1 2 13
45 151 20 242 299 164 27 262 125 223 255 134 172
1 11 13
165 41 68 69 94 212 139 107 181 239 206 289 70
1 15 3
26 195 131
1 2 2
10 112
1 6 2
163 53
1 19 9
141 118 7 116 298 218 167 76 0
1 13 13
227 111 89 8 226 37 40 114 175 2 83 176 124
1 15 13
121 135 180 127 30 42 149 233 69 48 105 147 104
1 9 8
25 165 76 50 101 149 189 264
1 19 9
94 180 89 82 10 40 8 67 50
1 5 13
34 2 32 72 146 86 115 52 257 102 28 297 65
1 15 2
64 175
1 7 8
298 258 67 266 59 102 158 273
1 6 10
239 217 237 8 277 5 86 263 190 3
1 11 8
248 3 123 146 220 14 253 288
1 14 2
287 22
1 12 6
13 18 51 117 193 147
1 16 5
299 97 185 23 40
1 16 5
207 11 31 141 222
1 16 10
218 188 122 92 67 22 96 176 93 153
1 12 5
84 284 128 262 247
1 6 3
295 263 181
1 19 14
186 110 128 226 115 32 147 173 281 114 198 42 257 154
1 10 5
146 45 105 82 162
1 5 4
247 209 132 183
1 10 10
51 90 228 125 245 203 46 118 141 39
1 18 2
62 209
1 13 3
281 199 88
1 13 15
108 177 180 136 221 277 74 124 234 73 35 56 165 65 241
1 6 8
105 41 165 217 182 23 283 96
1 5 12
261 222 162 217 205 156 244 160 18 177 120 15
1 13 3
55 274 88
1 4 11
144 145 279 195 67 5 206 266 160 82 212
1 8 11
208 28 80 11 112 237 254 240 48 256 16
1 2 2
34 100
1 18 6
286 56 7 100 137 48
1 19 7
14 62 245 185 145 102 24
1 14 11
268 203 51 17 154 170 231 209 101 299 128
1 18 8
176 112 14 92 129 26 138 248
1 15 14
92 5 175 9 153 97 80 253 3 169 190 171 184 152
1 15 8
131 157 90 105 118 278 247 167
1 6 12
189 270 36 230 227 92 181 37 269 293 137 30
1 20 11
248 9 143 191 161 262 239 111 282 127 39
1 7 3
168 23 12
1 18 6
164 178 38 291 64 18
1 10 15
188 12 36 44 149 265 59 191 190 10 254 131 146 112 160
1 16 2
284 299
1 20 11
225 220 144 231 41 108 249 255 288 84 267
1 10 12
161 124 163 171 187 284 71 19 287 213 88 61
1 20 10
81 31 175 296 212 114 245 97 277 43
1 12 11
106 134 174 23 250 49 13 83 257 124 112
1 12 2
24 137
1 17 9
63 44 271 168 233 128 150 28 69
1 12 7
11 44 228 277 244 20 296
1 13 9
277 41 14 20 231 170 43 263 40
1 17 13
267 41 88 178 48 155 277 165 176 106 189 293 213
1 10 5
151 120 153 123 280
1 1 7
11 100 92 35 268 28 10
1 13 4
111 151 121 27
1 7 14
298 171 141 120 183 155 64 127 128 32 122 279 38 22
1 9 9
92 10 15 174 242 145 186 268 147
1 20 4
147 68 288 129
1 15 7
56 161 193 120 48 282 103
1 5 8
27 252 56 1 180 187 11 294
1 6 14
35 256 216 71 80 138 270 137 195 238 70 22 118 92
1 14 8
258 176 33 165 237 21 114 272
1 8 3
69 88 161
1 9 11
177 95 260 254 244 232 60 175 276 258 82
1 9 15
273 218 170 122 135 153 244 160 40 299 53 104 78 8 94
1 15 8
253 21 62 53 128 225 41 125
1 20 11
4 251 175 144 204 299 76 59 273 287 281
1 19 7
25 298 112 77 235 124 113
1 4 4
275 117 192 87
1 4 5
161 83 9 286 175
1 6 12
120 3 192 285 37 282 277 140 271 170 231 280
1 6 8
161 132 222 266 138 294 274 196
1 5 10
204 46 93 9 190 2 95 166 114 272
1 16 3
277 194 63
1 12 4
204 216 223 217
1 4 12
110 247 126 92 186 245 0 228 55 43 196 30
1 9 5
64 274 4 16 192
1 5 11
243 242 128 123 113 171 260 298 286 199 53
1 12 7
68 209 279 90 193 152 287
1 12 4
231 160 178 52
1 9 11
154 142 102 179 85 117 194 221 17 64 220
1 2 4
0 113 47 227
1 12 15
16 33 91 58 147 28 217 168 27 182 250 256 167 37 172
1 5 9
172 70 184 152 153 29 133 136 49
1 20 12
200 93 149 185 63 257 230 61 233 106 275 182
1 19 3
177 207 164
1 15 15
237 122 126 154 173 224 274 5 227 9 139 60 230 91 262
1 16 9
247 12 200 103 129 49 210 99 233
1 16 7
197 24 94 26 212 45 210
1 20 4
166 88 283 52
1 3 10
124 145 112 13 43 167 258 60 64 271
1 12 14
72 177 133 267 249 5 162 266 112 171 176 227 220 232
1 2 12
156 181 279 26 13 221 80 40 299 0 237 177
1 9 7
207 209 278 290 27 176 10
1 2 14
97 243 18 63 139 185 241 297 265 290 244 299 47 147
1 20 2
78 176
1 15 15
94 270 267 6 119 5 191 27 226 198 106 276 105 255 24
1 11 11
234 275 21 126 71 258 69 159 208 280 58
1 18 7
261 23 182 258 210 64 168
1 10 15
151 6 25 121 11 202 217 125 203 90 201 295 83 39 250
1 2 8
146 43 25 263 164 70 79 185
1 6 4
3 192 6 69
1 17 6
280 129 277 45 287 29
1 1 8
38 286 106 128 13 104 248 275
1 14 9
69 299 244 58 101 140 184 153 294
1 5 2
251 153
1 12 11
125 96 169 111 20 64 188 61 226 37 217
1 12 4
30 239 78 229
1 20 9
271 250 80 217 57 25 177 24 20
1 7 8
115 236 172 10 289 23 166 234
1 13 13
173 115 121 96 196 117 11 204 68 106 78 235 94
1 8 7
140 66 170 39 94 157 92
1 19 13
31 76 204 215 287 66 102 134 175 228 273 193 250
1 20 13
93 140 119 250 40 166 108 75 8 132 231 92 142
1 4 15
49 271 294 158 162 96 241 79 186 109 80 236 239 119 12
1 17 9
260 11 71 188 182 295 8 88 151
1 10 8
91 0 245 182 172 264 5 212
1 9 12
185 189 145 183 161 104 146 126 83 143 133 245
1 17 13
135 69 287 205 201 96 39 88 118 255 150 184 204
1 19 15
253 24 176 166 285 174 137 72 21 115 178 249 28 30 55
1 2 15
268 9 239 252 219 51 121 296 185 236 215 108 173 125 73
1 16 2
227 272
1 8 4
102 197 217 176
1 10 8
52 82 200 111 279 89 241 222
1 11 15
4 224 27 290 86 241 83 77 34 167 213 157 11 275 90
1 3 5
235 99 191 17 160
1 6 12
2 108 236 25 141 243 39 192 5 176 293 16
1 9 3
186 235 98
1 19 5
95 229 0 215 23
1 17 3
14 44 153
1 7 15
26 136 273 192 206 257 270 45 63 61 111 3 58 153 204
1 11 6
168 240 206 64 261 159
1 2 13
128 271 169 134 262 65 11 185 213 79 105 154 73
1 6 5
21 272 261 16 103
1 19 5
251 91 143 63 68
1 14 12
39 140 284 124 231 112 268 22 266 70 297 109
1 5 14
86 132 111 106 100 34 131 252 228 22 52 35 169 44
1 5 10
82 89 127 79 167 203 149 38 242 76
1 15 8
258 212 46 180 273 245 128 276
1 8 13
123 202 1 226 44 274 128 217 142 192 280 127 235
1 4 6
160 102 199 59 176 123
1 8 8
227 20 253 95 261 229 33 289
1 19 4
227 224 84 79
1 6 4
116 298 216 46
1 19 5
28 143 146 71 201
1 4 10
124 12 29 225 260 132 190 68 197 203
1 9 13
101 296 181 134 71 226 171 267 145 223 29 130 168
1 18 5
72 8 104 177 245
1 6 11
126 130 169 95 283 89 179 220 217 140 58
1 11 12
127 216 269 79 292 263 168 265 148 132 137 210
1 19 3
22 87 260
1 13 5
165 43 211 99 228
1 9 14
190 238 270 27 6 108 71 217 134 294 120 99 130 85
1 9 7
201 212 6 188 299 122 0
1 17 11
219 180 223 138 203 38 72 179 7 114 14
1 3 5
100 34 27 108 239
1 15 7
291 294 5 263 95 269 88
1 5 12
233 110 44 129 245 24 281 66 272 205 83 198
1 11 14
166 1 16 21 66 27 83 203 105 98 161 15 112 23
1 12 11
120 208 154 181 12 99 64 1 248 280 16
1 11 5
226 244 108 204 45
1 10 5
43 40 145 104 44
1 4 5
99 124 55 239 43
1 18 3
75 261 252
1 11 2
88 77
1 3 7
5 144 175 113 59 129 212
1 18 3
79 53 71
1 20 11
132 4 272 49 217 86 186 189 161 262 294
1 7 11
77 83 76 263 15 33 2 194 153 258 201
1 2 14
214 86 101 268 264 210 127 54 239 260 117 147 56 110
1 11 14
84 10 139 195 284 283 56 7 215 122 214 208 22 163
1 17 13
293 102 139 158 168 212 204 174 298 156 56 25 136
1 7 2
50 199
1 4 14
173 219 242 233 218 32 286 297 70 104 9 0 114 99
1 15 5
51 197 48 6 33
1 7 13
112 227 160 66 5 257 272 222 161 248 251 146 38
1 2 11
283 280 172 158 1 40 268 89 187 116 74
1 2 4
6 110 12 75
1 14 11
224 206 220 164 66 221 160 78 51 151 12
1 4 15
87 63 217 189 179 91 288 51 188 253 298 7 243 168 98
1 14 6
157 206 135 144 116 127
1 20 2
156 48
1 1 13
104 13 146 147 11 26 249 279 203 89 228 42 113
1 5 7
2 17 45 51 109 205 9
1 4 9
24 172 81 52 118 267 80 32 259
1 20 3
188 33 54
1 11 11
276 196 53 150 209 168 269 98 215 3 111
1 3 5
292 16 107 0 9
1 12 5
168 146 251 174 247
1 12 6
216 29 146 99 223 83
1 7 4
290 77 151 35
1 8 14
33 172 42 280 12 288 118 218 121 43 281 97 27 252
1 3 9
191 166 257 122 243 211 197 10 223
1 5 10
41 57 238 31 75 107 239 47 204 116
1 14 14
151 61 212 172 296 31 259 51 49 12 40 245 77 20
1 6 6
42 190 105 224 21 173
1 5 3
27 110 211
1 4 12
15 220 257 202 37 223 174 18 33 45 293 129
1 8 3
294 25 79
1 12 13
105 76 15 139 102 42 116 112 90 255 144 153 269
1 2 3
266 43 22
1 6 7
188 180 39 240 181 171 155
1 2 12
291 210 52 142 298 162 56 25 224 77 167 102
1 11 11
85 227 291 127 84 63 206 38 261 134 257
1 2 4
71 168 248 299
1 10 5
291 205 190 184 91
1 19 7
18 118 240 72 57 284 120
1 16 8
155 267 222 32 202 188 164 270
1 7 9
186 20 240 157 91 257 137 200 146
1 12 2
34 133
1 4 4
278 68 11 283
1 8 11
223 168 154 251 69 21 261 172 188 129 298
1 9 7
255 98 201 232 25 83 263
1 8 12
214 287 293 245 199 132 261 11 263 19 60 8
1 2 5
6 38 118 141 76
1 18 9
221 207 263 13 276 9 251 194 17
1 9 6
124 115 123 160 265 66
1 1 12
25 229 13 181 254 241 205 184 123 291 148 212
1 3 4
286 133 154 48
1 16 13
241 187 280 258 28 197 48 54 156 117 110 273 107
1 11 7
53 107 230 113 218 289 10
1 8 13
202 179 265 299 13 216 184 84 18 213 296 245 11
1 5 8
51 255 72 55 139 234 218 29
1 4 15
67 14 121 53 178 269 263 103 20 32 238 174 35 144 299
1 9 5
68 266 6 275 105
1 13 14
156 262 77 65 186 1 24 298 260 100 199 187 158 266
1 10 11
183 148 128 157 35 80 294 30 3 208 287
1 7 11
149 74 179 244 62 174 232 241 184 4 279
1 18 2
133 100
1 11 4
240 162 260 9
1 8 13
222 229 139 91 267 214 177 22 188 95 135 54 199
1 4 14
258 71 12 162 42 196 254 112 94 0 135 222 118 275
1 16 12
111 247 51 27 154 144 9 117 253 163 134 80
1 10 5
231 220 28 46 206
1 13 8
278 41 275 34 90 148 228 106
1 15 8
246 296 94 153 207 42 267 219
1 6 12
233 90 3 239 274 135 121 4 285 49 110 50
1 17 9
285 22 39 229 258 187 78 274 145
1 18 5
190 88 284 213 110
1 8 15
231 3 16 7 224 202 58 27 104 66 75 93 167 251 213
1 17 8
92 59 73 40 231 99 243 8
1 16 10
176 256 0 130 140 167 246 28 42 1
1 13 13
46 157 77 288 253 208 276 164 188 2 183 63 233
1 15 5
28 233 20 181 22
1 4 10
123 290 6 128 212 148 269 54 244 147
1 15 8
36 53 93 115 278 275 243 247
1 6 14
12 95 31 45 241 292 114 53 56 49 85 255 266 169
1 3 6
296 137 97 275 16 165
1 7 11
136 102 202 22 101 13 150 239 86 18 154
1 6 6
283 59 9 146 263 251
1 14 3
36 5 268
1 3 9
214 228 2 14 140 136 203 64 78
1 12 12
71 296 174 28 72 129 203 258 37 244 66 78
1 15 9
60 97 181 3 125 237 2 260 40
1 8 6
164 148 254 110 70 0
1 1 6
134 100 123 185 162 265
1 20 12
217 271 37 67 143 200 139 49 283 90 71 69
1 2 12
128 220 110 259 161 6 174 0 46 15 16 206
1 15 15
106 189 0 219 275 10 95 54 11 59 228 258 23 117 121
1 9 7
185 1 67 26 290 75 220
1 17 6
57 259 13 51 256 86
1 19 6
260 220 187 166 16 111
1 8 4
174 159 154 212
1 18 11
167 192 44 281 170 131 277 88 201 226 217
1 12 15
206 100 49 148 141 186 28 61 204 37 151 120 25 249 84
1 12 14
7 86 110 206 220 270 144 34 183 47 48 45 123 50
1 14 15
62 73 162 206 85 274 99 96 163 187 194 44 21 9 267
1 9 3
34 277 223
1 11 12
31 210 130 250 293 81 161 209 89 136 72 202
1 9 2
28 101
1 3 6
2 106 7 190 37 132
1 1 7
293 183 132 10 82 277 29
1 16 8
235 238 104 143 179 196 20 37
1 12 2
117 228
1 8 3
148 251 111
1 11 12
238 274 102 18 46 66 51 95 230 251 19 219
1 17 15
191 195 250 29 112 155 231 142 279 179 57 207 34 269 47
1 4 11
84 148 60 244 124 290 119 264 15 253 206
1 10 6
190 111 71 138 76 231
1 3 4
276 182 187 74
1 1 2
14 19
1 8 9
22 89 259 255 282 116 37 192 179
1 6 2
158 239
1 18 3
191 255 298
1 4 15
195 187 5 174 34 188 266 6 239 170 44 290 217 45 137
1 8 6
114 297 221 21 66 269
1 2 11
77 192 139 240 218 135 133 106 289 67 215
1 17 15
174 296 212 46 44 33 51 244 277 239 79 175 55 98 126
1 8 4
284 164 124 212
1 10 10
48 10 164 242 126 67 278 273 261 85
1 2 15
148 218 31 73 45 180 42 240 79 196 171 165 152 270 81
1 12 12
164 288 267 145 263 105 112 280 215 198 5 97
1 18 7
146 134 224 250 202 238 299
1 7 11
249 259 233 29 120 38 160 216 114 290 210
1 9 4
46 5 240 164
1 9 8
266 17 234 96 271 175 0 23
1 7 3
171 145 27
1 16 14
5 2 250 177 55 280 298 133 3 65 180 106 150 30
1 4 13
111 263 206 285 299 113 278 257 28 160 127 155 13
1 19 3
178 184 254
1 18 10
79 166 7 266 12 170 89 268 118 23
1 13 12
171 64 124 63 284 242 17 211 220 138 243 225
1 7 10
46 17 134 16 116 262 254 252 7 217
1 3 9
264 276 279 155 234 116 32 139 221
1 1 13
89 43 253 159 11 134 73 227 289 229 84 12 230
1 18 14
30 185 266 113 133 112 83 76 180 22 215 25 255 262
1 15 12
257 33 206 32 0 159 87 100 215 106 18 203
1 1 2
31 21
1 2 6
86 65 289 50 60 164
1 13 7
57 50 145 100 64 162 25
1 15 8
176 28 89 154 144 210 202 121
1 5 2
206 203
1 17 2
127 23
1 10 4
81 99 136 27
1 5 12
117 43 134 268 176 187 295 57 150 129 205 69
1 9 9
257 156 58 228 221 180 163 247 66
1 17 2
148 87
1 16 2
160 93
1 7 2
227 153
1 11 9
55 80 36 113 202 136 207 250 212
1 14 9
41 285 16 297 254 138 81 153 157
1 6 10
130 210 129 159 113 20 122 185 280 83
1 15 5
257 69 185 40 53
1 7 2
57 132
1 7 5
28 74 123 118 174
1 4 4
50 196 135 260
1 18 10
69 88 90 53 220 244 41 252 132 221
1 12 10
180 74 139 285 101 188 12 79 71 276
1 1 9
236 125 35 197 78 258 265 80 69
1 9 6
145 20 173 240 109 238
1 10 11
42 31 264 37 17 286 11 217 5 48 114
1 13 10
243 172 47 199 161 128 294 298 0 274
1 18 8
210 153 1 180 188 261 97 109
1 7 12
86 147 90 156 157 264 261 25 68 56 71 276
1 7 4
6 60 207 286
1 4 4
99 17 282 102
1 12 3
144 230 169
1 16 6
41 143 209 277 10 212
1 14 5
40 128 76 292 130
1 4 11
76 136 31 23 236 279 105 276 230 34 91
1 19 11
91 115 200 268 112 46 61 293 149 23 255
1 19 13
156 1 92 164 219 146 158 21 41 248 289 112 186
1 11 3
43 153 125
1 1 8
230 243 197 189 90 3 246 41
1 13 12
57 243 49 144 293 257 80 31 18 127 230 105
1 10 2
116 207
1 9 7
297 63 47 262 155 100 62
1 5 2
69 247
1 20 6
94 133 275 51 164 262
1 8 13
275 180 28 1 145 62 30 276 182 202 212 208 159
1 13 14
180 159 259 260 153 55 7 196 65 4 193 252 277 251
1 9 8
22 198 216 210 231 168 173 212
1 19 4
101 250 239 79
1 9 4
43 113 143 83
1 6 14
85 294 0 69 49 188 14 154 28 156 289 241 33 298
1 13 6
250 102 72 106 134 290
1 13 10
77 113 170 15 0 283 198 247 166 270
1 10 3
234 240 127
1 4 9
179 148 68 289 290 134 235 121 84
1 5 2
182 80
1 3 13
87 132 140 84 184 268 29 286 234 11 177 113 3
1 19 13
140 198 87 245 247 204 225 224 130 63 257 289 98
1 18 13
225 226 112 297 113 222 105 7 249 162 13 35 102
1 7 2
161 209
1 5 11
120 271 9 7 124 0 294 86 238 159 122
1 18 4
209 161 80 170
1 4 4
258 108 120 159
1 8 10
186 181 61 44 192 95 107 111 92 245
1 3 11
192 17 212 238 109 214 21 260 168 197 255
1 15 5
42 229 268 4 52
1 12 7
41 4 139 60 113 215 122
1 19 11
196 219 102 152 192 256 124 49 156 98 239
1 14 14
90 84 160 27 181 38 287 40 105 185 19 216 69 249
1 11 2
135 52
1 19 14
177 39 194 147 139 105 125 113 95 291 25 217 209 142
1 18 13
109 92 184 233 182 216 203 235 10 249 51 205 106
1 20 10
192 89 279 65 123 268 217 257 227 181
1 11 8
34 67 5 123 91 8 78 298
1 5 6
67 40 298 24 277 81
1 9 14
283 227 156 77 255 209 153 125 114 11 22 199 294 126
1 13 5
247 195 203 6 51
1 13 6
129 57 142 238 83 169
1 9 11
272 63 280 264 235 99 106 148 92 160 146
1 10 6
114 113 293 69 66 54
1 19 7
64 248 67 121 47 93 68
1 6 9
20 85 256 291 34 30 109 49 137
1 6 11
219 271 12 137 180 87 77 181 174 20 252
1 12 6
166 232 13 281 44 278
1 16 4
55 84 89 154
1 10 15
146 266 254 42 115 118 204 251 202 182 81 277 26 57 272
1 16 15
23 299 72 157 128 108 89 215 116 123 223 34 109 112 55
1 19 6
245 286 100 213 157 217
1 7 15
217 72 227 142 184 174 56 180 5 24 34 237 67 275 292
1 19 3
69 260 213
1 8 4
296 222 25 252
1 14 12
33 254 209 76 57 252 82 47 282 35 277 213
1 1 3
262 286 177
1 14 7
80 14 83 58 188 204 247
1 17 5
76 262 32 23 246
1 5 8
212 119 175 186 228 114 73 125
1 14 14
76 135 177 118 20 255 5 130 53 285 188 268 15 241
1 1 7
7 222 27 95 192 269 179
1 8 6
228 97 24 33 249 265
1 11 11
183 160 67 244 151 103 257 112 213 155 54
1 11 2
194 157
1 12 6
52 24 149 50 31 265
1 19 13
268 274 259 230 58 299 171 279 31 188 73 151 226
1 1 4
75 182 128 50
1 7 12
196 274 140 43 255 80 175 150 87 84 36 132
1 8 11
133 23 86 92 5 156 95 206 18 272 135
1 2 9
15 279 215 102 173 79 227 260 44
1 20 15
83 152 168 130 102 234 292 87 133 198 2 279 31 180 160
1 4 10
33 11 289 3 86 25 13 280 176 134
1 16 9
31 270 85 284 269 78 87 115 236
1 3 15
192 274 34 24 162 217 127 294 82 69 283 180 112 144 136
1 15 4
7 54 25 35
1 11 4
79 15 299 36
1 6 12
51 278 72 295 76 45 297 128 254 216 100 244
1 3 5
31 15 52 214 177
1 8 5
224 161 19 207 218
1 18 14
111 282 15 232 144 123 299 26 102 104 280 266 164 158
1 6 3
250 75 132
1 10 8
109 54 77 72 58 249 178 38
1 13 14
258 283 208 200 196 229 172 261 276 267 148 256 257 155
1 7 2
31 187
1 12 6
240 2 191 225 223 241
1 3 13
182 11 45 159 18 292 212 111 178 213 8 251 172
1 19 2
60 289
1 13 13
90 80 261 284 148 150 151 152 238 60 227 32 237
1 20 10
136 7 231 159 14 211 123 186 1 121
1 12 13
296 173 226 0 262 10 60 4 209 12 80 182 143
1 12 4
228 7 64 245
1 15 14
119 115 299 126 151 187 264 34 116 146 55 135 68 137
1 11 2
87 122
1 16 3
53 82 222
1 13 4
20 298 125 90
1 10 3
240 263 140
1 3 2
140 70
1 20 4
4 127 93 77
1 6 6
196 182 13 146 162 268
1 20 6
268 241 261 115 52 284
1 7 6
37 19 54 274 178 238
1 2 9
56 29 211 284 243 123 244 245 4
1 12 3
212 135 145
1 2 2
292 285
1 4 12
19 21 262 123 134 166 233 189 192 237 49 128
1 4 6
104 125 240 210 78 164
1 7 3
19 13 46
1 9 15
50 216 155 127 182 128 17 99 194 40 196 46 9 280 90
1 20 7
240 275 101 61 23 285 152
1 17 4
238 267 190 126
1 5 3
216 293 148
1 11 15
277 251 151 31 263 255 61 6 87 27 233 114 228 218 47
1 10 12
89 88 37 72 51 131 42 285 16 174 85 26
1 16 10
8 90 208 247 281 76 159 106 145 32
1 13 10
80 63 219 270 30 149 293 49 2 74
1 18 6
41 165 89 45 229 231
1 9 2
241 47
1 12 3
43 282 77
1 11 9
0 173 163 19 145 11 221 63 119
1 19 7
188 38 138 8 128 173 49
1 5 3
144 123 248
1 13 5
105 88 272 159 119
1 19 9
115 175 234 8 54 10 69 144 45
1 11 6
23 248 190 61 49 44
1 1 14
275 216 119 79 38 58 279 244 76 199 277 190 253 50
k 20
