300 900 465
11 39 12 30 38 27 22 29 34 34 28 25 32 21 37 27 28 11 21 23 20 17 20 15 16 40 40 27 18 27 18 12 18 26 34 33 25 18 27 11 16 22 15 38 40 21 32 21 17 40 33 32 37 17 24 22 32 32 17 19 34 36 39 30 27 12 20 29 24 18 23 20 15 35 31 25 39 31 16 37 14 14 20 34 24 11 15 30 26 38 22 39 38 32 15 31 28 25 40 29 20 39 35 30 26 12 33 17 26 21 16 13 24 35 17 38 11 28 24 39 20 21 16 29 21 13 26 32 30 27 28 25 18 22 37 14 34 29 23 28 23 20 32 20 24 26 11 29 12 15 21 35 39 15 17 19 34 19 24 28 21 16 24 31 24 31 38 28 31 33 11 39 27 30 38 11 28 32 17 27 36 20 29 27 21 23 29 24 28 19 13 33 25 14 31 24 19 33 38 28 17 20 38 28 14 27 30 37 19 37 36 15 36 25 17 40 15 15 15 14 40 31 23 38 38 20 13 20 28 25 40 36 24 36 40 40 16 16 30 26 29 11 37 21 26 18 28 16 29 11 29 22 25 37 12 40 26 18 15 28 30 27 11 12 40 14 29 34 17 13 24 36 38 31 38 14 13 16 37 11 21 37 25 18 11 11 22 27 15 32 28 24 13 35 25 22 34 15 23 38
1 29 2 20 28 17 12 19 24 24 18 15 22 11 27 17 18 1 11 13 10 7 10 5 6 30 30 17 8 17 8 2 8 16 24 23 15 8 17 1 6 12 5 28 30 11 22 11 7 30 23 22 27 7 14 12 22 22 7 9 24 26 29 20 17 2 10 19 14 8 13 10 5 25 21 15 29 21 6 27 4 4 10 24 14 1 5 20 16 28 12 29 28 22 5 21 18 15 30 19 10 29 25 20 16 2 23 7 16 11 6 3 14 25 7 28 1 18 14 29 10 11 6 19 11 3 16 22 20 17 18 15 8 12 27 4 24 19 13 18 13 10 22 10 14 16 1 19 2 5 11 25 29 5 7 9 24 9 14 18 11 6 14 21 14 21 28 18 21 23 1 29 17 20 28 1 18 22 7 17 26 10 19 17 11 13 19 14 18 9 3 23 15 4 21 14 9 23 28 18 7 10 28 18 4 17 20 27 9 27 26 5 26 15 7 30 5 5 5 4 30 21 13 28 28 10 3 10 18 15 30 26 14 26 30 30 6 6 20 16 19 1 27 11 16 8 18 6 19 1 19 12 15 27 2 30 16 8 5 18 20 17 1 2 30 4 19 24 7 3 14 26 28 21 28 4 3 6 27 1 11 27 15 8 1 1 12 17 5 22 18 14 3 25 15 12 24 5 13 28
1 13 12
259 281 238 106 174 173 45 92 18 176 27 241
1 12 2
296 273
1 1 7
117 297 148 3 20 298 247
1 14 6
78 161 64 210 60 98
1 6 8
265 67 35 69 225 254 245 248
1 20 4
270 162 55 212
1 15 11
138 150 113 96 164 1 60 188 114 102 136
1 16 13
159 184 212 85 142 196 283 152 207 84 225 95 265
1 6 5
193 253 220 116 55
1 9 14
99 156 77 266 246 171 271 232 178 129 226 257 12 145
1 9 8
34 128 256 150 253 247 292 238
1 2 15
191 54 48 168 246 156 61 78 95 118 89 55 183 20 52
1 18 13
124 45 61 108 217 69 40 265 41 273 248 158 146
1 15 7
87 183 37 167 196 53 229
1 9 14
102 282 231 67 135 0 94 281 245 69 279 79 57 19
1 13 9
283 109 117 47 56 280 128 162 46
1 10 9
225 69 41 65 220 112 4 58 2
1 20 13
269 8 1 243 87 32 248 142 173 227 239 118 89
1 14 3
21 167 195
1 5 5
295 91 114 47 239
1 19 4
173 142 192 15
1 7 14
249 97 208 180 125 226 141 187 260 212 218 147 199 259
1 14 3
154 295 3
1 9 8
152 140 86 247 102 8 174 70
1 19 7
298 65 257 120 230 143 86
1 3 6
268 61 186 269 48 36
1 19 7
149 284 143 99 287 237 60
1 19 8
82 39 286 79 192 251 205 219
1 6 11
179 171 123 257 208 56 125 98 148 291 189
1 12 7
118 88 15 190 59 292 11
1 4 6
123 52 8 227 28 179
1 15 4
8 188 57 13
1 7 4
276 118 62 119
1 1 7
12 225 164 86 120 70 58
1 20 7
37 253 273 6 272 244 149
1 19 11
43 89 251 68 242 69 279 199 12 109 151
1 1 3
252 293 91
1 14 8
64 125 112 102 110 14 139 74
1 12 7
152 185 174 241 27 132 96
1 20 15
0 110 138 264 240 123 61 154 195 86 25 103 221 235 225
1 7 8
198 283 44 115 182 188 19 101
1 16 5
277 47 255 244 145
1 9 7
231 26 133 10 237 295 84
1 2 4
265 165 227 260
1 17 3
224 225 279
1 19 5
2 104 35 235 184
1 9 13
159 176 3 38 234 85 201 248 42 9 220 223 73
1 18 4
229 144 273 180
1 7 9
88 125 113 65 32 232 267 121 39
1 20 10
8 74 164 56 222 146 132 60 220 109
1 3 7
37 49 167 111 213 295 178
1 15 3
298 25 103
1 2 3
134 47 158
1 11 12
277 253 74 88 50 220 182 252 139 113 77 35
1 17 5
36 77 137 194 215
1 4 8
174 103 42 140 249 12 71 168
1 1 12
237 215 208 257 220 293 72 80 115 9 165 120
1 18 4
214 80 102 33
1 20 6
121 211 298 0 272 77
1 10 7
171 44 95 298 254 250 178
1 12 10
242 228 212 159 295 7 89 134 90 78
1 11 12
200 113 292 112 57 250 115 188 119 211 203 173
1 18 12
222 190 172 165 130 110 210 278 123 93 151 240
1 4 3
160 10 206
1 8 5
258 0 212 220 134
1 1 14
61 62 258 246 220 234 82 255 131 210 139 18 289 190
1 15 3
174 177 34
1 5 14
243 226 140 249 188 96 223 192 75 47 222 262 217 138
1 7 14
128 253 40 274 25 251 49 0 39 229 237 79 216 44
1 10 15
160 85 35 190 33 38 120 161 206 63 144 189 84 201 105
1 17 12
71 209 76 212 217 186 12 87 7 222 210 279
1 16 14
251 240 190 182 64 17 276 33 146 114 271 171 30 21
1 5 6
147 98 246 293 280 3
1 9 5
96 54 205 77 94
1 19 10
113 223 237 256 108 190 19 246 211 196
1 10 14
282 231 22 286 34 263 151 92 119 190 60 164 41 288
1 18 3
163 203 174
1 19 8
215 5 211 32 288 185 77 46
1 10 11
277 268 239 217 191 103 204 118 99 262 117
1 3 2
216 261
1 3 10
254 153 96 299 7 189 98 199 176 147
1 14 11
227 80 172 290 78 119 244 230 106 98 200
1 15 4
226 84 260 117
1 10 11
275 244 15 184 190 32 49 79 71 5 58
1 3 13
286 83 11 151 258 239 177 143 34 59 57 290 101
1 1 8
229 25 164 29 148 49 223 183
1 12 10
143 136 80 22 96 14 293 116 132 206
1 9 14
115 144 10 124 140 257 65 159 3 204 85 26 154 262
1 12 6
133 97 264 72 88 109
1 8 5
142 132 4 32 240
1 12 8
93 84 196 231 298 289 168 286
1 3 9
21 121 3 81 143 210 275 139 63
1 3 13
84 49 245 213 268 70 87 183 243 92 143 138 234
1 15 8
155 172 204 37 283 17 4 214
1 3 11
244 292 123 28 131 90 236 81 207 132 117
1 7 5
143 123 243 98 53
1 18 7
222 38 234 189 182 39 141
1 15 7
232 246 32 63 149 182 252
1 9 14
131 9 156 139 295 291 277 248 226 195 108 188 254 271
1 16 9
73 173 134 24 116 110 179 273 197
1 2 11
265 156 264 286 28 111 63 97 229 245 131
1 19 14
293 192 163 34 229 148 181 52 66 158 161 122 177 194
1 7 4
47 232 121 151
1 20 13
201 79 119 37 49 81 278 42 232 190 34 224 269
1 10 3
206 195 111
1 4 6
36 234 224 288 260 40
1 8 11
29 220 216 18 43 242 2 77 264 214 228
1 11 11
29 191 39 109 187 71 137 116 288 89 293
1 13 14
122 7 282 74 193 253 62 195 111 94 274 182 158 243
1 19 7
105 174 99 202 257 169 206
1 3 14
39 19 51 139 106 129 14 154 166 102 193 138 3 158
1 17 11
244 134 258 164 153 40 9 275 101 179 15
1 15 2
277 108
1 3 11
16 166 273 283 116 86 234 125 34 274 214
1 7 15
172 203 177 32 218 184 121 117 69 265 19 168 9 299 268
1 1 8
235 43 167 291 88 19 296 200
1 15 3
276 246 54
1 5 15
181 224 186 122 77 212 63 170 106 242 180 247 133 119 244
1 1 11
297 53 26 164 274 176 120 33 216 207 136
1 17 12
271 98 86 83 94 256 105 259 52 291 247 254
1 9 6
98 11 76 120 149 217
1 12 14
110 294 108 154 59 275 131 72 120 20 51 273 281 220
1 3 7
223 105 232 248 87 89 178
1 14 4
85 253 11 274
1 17 4
246 294 262 95
1 7 3
2 46 206
1 8 4
138 160 250 128
1 17 10
132 256 86 101 15 222 76 249 278 201
1 1 6
197 41 72 131 211 294
1 20 13
158 177 124 135 38 271 202 3 197 63 123 269 45
1 14 13
264 87 130 244 153 1 56 24 228 288 221 184 237
1 18 15
167 232 235 142 276 35 47 219 242 83 87 284 110 122 102
1 13 9
12 70 207 153 96 16 71 117 104
1 17 7
172 291 50 82 136 72 199
1 5 8
127 108 291 255 43 69 80 87
1 19 11
157 118 209 74 123 255 39 248 86 120 183
1 2 8
4 286 209 271 186 102 200 126
1 9 7
99 258 290 265 283 55 37
1 15 7
102 295 217 82 150 67 250
1 5 9
173 10 271 23 176 128 139 209 170
1 19 13
112 140 234 297 16 150 144 68 75 270 192 122 175
1 14 7
28 49 180 174 196 29 109
1 7 13
60 88 231 256 255 266 202 72 65 27 150 71 230
1 19 15
160 97 259 219 51 55 134 70 115 72 123 265 147 155 89
1 9 6
64 215 44 135 296 93
1 7 7
117 280 91 6 264 94 209
1 8 3
147 173 52
1 1 13
56 254 241 20 263 72 48 30 207 213 160 298 145
1 5 3
203 50 193
1 4 15
249 7 277 270 73 16 31 85 77 134 135 145 265 80 22
1 2 3
144 203 59
1 20 4
102 289 104 94
1 8 8
87 128 9 189 121 290 203 60
1 9 10
12 100 76 64 124 8 16 21 1 105
1 14 4
181 263 7 88
1 20 4
237 212 79 138
1 5 3
136 188 250
1 16 9
15 121 267 101 205 164 246 74 68
1 6 9
147 273 151 32 11 26 51 78 33
1 5 2
19 40
1 9 4
222 10 171 276
1 1 2
247 281
1 3 14
82 241 200 20 77 85 229 92 101 242 113 279 26 275
1 10 9
62 146 136 97 155 240 209 35 142
1 11 4
72 11 185 118
1 5 6
112 5 50 261 141 119
1 8 11
145 209 233 52 138 178 88 85 95 180 194
1 2 9
73 88 224 12 297 270 210 155 277
1 7 13
230 51 97 232 103 57 182 295 54 49 117 50 264
1 17 10
216 153 169 211 217 290 207 249 253 100
1 8 12
168 255 27 231 206 104 10 65 241 160 94 275
1 18 5
247 86 129 21 90
1 7 6
197 148 52 0 280 15
1 16 10
70 7 62 159 202 235 156 109 258 232
1 20 7
272 19 66 196 13 250 194
1 19 15
134 178 99 210 67 181 135 184 136 118 148 253 196 274 107
1 16 9
170 198 270 127 60 260 280 210 72
1 11 5
98 286 170 36 103
1 5 10
270 272 236 148 251 90 261 186 18 149
1 2 10
211 290 71 154 73 133 299 240 132 255
1 11 11
24 262 270 194 38 120 42 299 20 233 67
1 2 8
130 1 159 203 296 89 251 206
1 18 9
185 156 265 146 20 179 7 274 198
1 12 6
38 22 43 84 21 64
1 7 8
67 222 50 256 3 239 299 28
1 5 11
82 211 266 174 195 193 124 30 95 100 146
1 13 10
272 265 238 236 225 186 45 10 161 76
1 9 8
222 22 9 129 64 173 75 88
1 19 2
128 77
1 17 7
265 12 124 9 270 13 221
1 5 7
45 57 238 38 286 103 76
1 6 3
266 1 81
1 16 9
12 52 200 278 209 106 82 143 188
1 19 11
131 227 241 211 285 88 58 248 259 275 195
1 20 6
192 253 56 177 277 122
1 10 7
55 159 71 233 191 57 91
1 10 8
25 44 225 118 281 218 252 286
1 15 3
200 134 222
1 12 4
122 296 61 269
1 3 11
210 196 18 236 211 72 19 11 135 266 228
1 2 3
76 184 61
1 18 3
231 229 287
1 9 7
46 202 95 146 237 264 181
1 7 8
73 62 122 120 114 69 23 167
1 17 13
46 60 136 151 127 229 109 113 154 6 132 134 104
1 16 9
63 108 221 127 237 179 208 139 81
1 7 2
198 204
1 5 11
132 129 52 85 245 61 267 81 165 249 212
1 18 9
210 118 24 2 89 137 280 259 121
1 10 14
74 21 166 190 122 204 4 181 60 130 55 93 153 54
1 16 5
279 243 231 26 189
1 20 8
140 180 277 253 194 100 32 9
1 11 7
43 237 194 47 184 262 162
1 18 11
170 229 97 124 195 96 160 262 186 227 6
1 6 10
100 234 274 235 49 82 4 94 51 99
1 15 5
249 150 197 52 226
1 16 15
59 1 188 140 138 6 100 117 43 272 182 248 268 142 206
1 12 15
165 291 54 105 111 147 247 244 71 279 180 135 146 43 30
1 5 5
203 125 200 146 52
1 13 14
44 190 87 170 103 40 153 28 200 105 194 253 217 203
1 12 14
116 58 5 54 271 293 120 106 64 31 101 232 143 135
1 1 15
207 241 182 86 57 215 186 229 28 191 169 273 179 175 152
1 8 12
201 236 29 121 260 265 94 287 133 248 11 250
1 18 4
227 2 215 192
1 9 8
180 280 119 283 230 257 49 153
1 20 8
31 244 95 186 28 250 225 142
1 13 4
202 214 296 165
1 3 5
171 71 35 193 13
1 6 7
256 144 79 93 248 139 94
1 3 13
257 76 168 20 48 39 131 285 2 63 193 251 107
1 7 10
120 230 9 86 255 289 22 158 102 189
1 3 10
127 265 160 194 174 65 70 280 177 36
1 8 8
221 121 228 13 176 102 266 105
1 17 10
169 154 111 299 135 60 267 295 105 183
1 17 4
235 221 78 87
1 3 10
94 125 1 272 43 186 154 109 253 32
1 8 9
177 54 148 29 223 118 142 279 166
1 8 4
219 165 107 70
1 3 4
129 87 128 298
1 8 7
111 129 13 289 46 251 11
1 14 5
56 195 238 25 106
1 3 11
261 239 37 7 249 115 76 129 238 189 13
1 10 2
17 12
1 20 8
296 196 163 110 98 76 190 252
1 1 12
249 71 281 36 133 234 20 225 270 3 155 102
1 1 9
97 273 293 84 203 283 92 206 199
1 4 15
13 83 272 41 299 244 248 228 69 182 178 219 291 133 259
1 2 4
65 126 294 58
1 15 14
94 23 134 145 129 152 76 35 245 95 56 111 242 290
1 10 15
192 163 141 243 264 149 281 100 126 170 245 259 4 165 102
1 16 13
159 36 153 186 218 165 285 40 52 97 140 161 234
1 3 15
140 244 83 285 29 220 121 238 12 211 117 275 229 288 215
1 4 13
175 225 232 145 117 53 193 264 194 96 249 41 22
1 8 10
50 219 231 108 40 66 209 278 225 289
1 14 7
229 181 254 256 122 4 11
1 11 10
127 50 31 273 106 223 288 4 41 35
1 20 12
216 2 49 61 76 60 286 14 8 136 210 170
1 4 8
153 51 214 255 4 89 82 52
1 2 2
118 195
1 4 9
24 264 34 29 197 200 138 135 136
1 1 9
66 200 197 63 102 180 244 183 124
1 5 12
3 40 226 69 251 13 51 64 143 202 68 239
1 14 2
127 299
1 14 15
108 174 52 162 217 89 185 201 88 69 10 76 164 172 30
1 20 5
59 0 172 285 292
1 1 4
182 69 287 268
1 17 14
146 246 296 38 290 55 80 180 45 249 263 157 96 143
1 3 14
174 60 235 161 107 127 15 8 239 191 216 63 61 21
1 6 10
237 66 108 207 105 223 133 179 289 140
1 12 8
129 100 247 257 132 80 126 104
1 7 9
265 201 202 56 150 128 231 31 249
1 6 9
294 218 167 37 117 39 265 28 231
1 15 6
167 249 144 102 2 80
1 15 12
158 248 285 274 109 71 238 115 102 175 190 201
1 16 8
167 285 125 188 59 20 97 183
1 13 2
27 256
1 13 8
43 225 106 126 38 75 2 36
1 11 6
263 262 298 29 235 186
1 3 6
36 101 298 26 192 211
1 3 13
221 121 163 56 132 114 8 80 96 21 120 265 226
1 5 6
172 95 108 75 244 26
1 8 12
215 65 108 151 189 233 10 91 41 260 219 251
1 16 2
83 137
1 3 2
20 281
1 3 15
18 255 61 221 49 116 128 0 274 110 81 160 186 37 85
1 19 8
100 9 257 83 157 267 218 288
1 7 2
71 10
1 6 3
120 94 155
1 6 11
100 21 12 91 175 234 165 133 75 222 8
1 3 8
20 132 145 144 65 222 218 208
1 18 3
9 178 286
1 2 6
49 176 19 122 211 241
1 11 5
297 265 102 182 85
1 14 6
34 56 137 19 16 223
1 6 15
26 37 265 16 204 244 286 132 31 253 173 105 206 61 214
1 15 5
169 63 1 227 20
1 14 14
183 189 135 187 51 2 285 227 173 147 188 139 67 130
1 2 9
91 218 277 38 233 137 106 257 297
1 18 13
175 269 38 172 102 245 218 231 131 88 14 134 191
1 5 3
158 230 261
1 3 15
102 212 19 224 55 234 115 126 109 81 98 273 215 246 250
1 15 6
216 1 264 137 90 59
1 2 13
124 296 149 199 275 86 14 234 185 268 111 5 6
1 3 7
161 264 3 276 114 167 169
1 12 10
204 8 104 77 96 271 262 113 134 32
1 1 13
183 292 186 226 4 287 191 201 67 35 73 125 151
1 2 9
209 100 194 26 248 208 84 167 153
1 16 13
65 233 49 98 292 265 126 277 163 74 188 70 63
1 11 7
176 21 135 182 249 230 214
1 12 9
113 167 254 248 187 83 38 241 149
1 11 5
108 202 50 259 91
1 1 15
248 100 219 125 170 46 47 274 179 161 180 38 215 13 42
1 1 6
111 258 209 80 242 13
1 17 10
126 226 17 179 98 212 246 4 285 37
1 16 2
153 1
1 5 13
203 7 151 253 49 272 207 132 267 257 282 2 225
1 10 3
48 288 217
1 12 2
162 173
1 14 8
187 104 186 214 299 154 234 195
1 20 14
25 159 42 284 155 180 265 114 71 210 7 289 111 110
1 15 14
33 109 166 64 36 203 251 28 293 199 216 157 211 131
1 17 2
59 69
1 3 6
242 284 218 201 286 11
1 2 7
100 106 53 168 203 159 16
1 6 12
146 230 57 104 292 59 152 17 58 111 227 194
1 5 8
23 67 9 227 220 27 183 8
1 10 8
271 30 235 156 6 191 48 4
1 14 5
222 255 96 8 163
1 19 12
116 19 75 222 44 84 158 41 129 278 283 102
1 19 12
1 39 99 164 97 35 49 177 85 14 179 59
1 5 2
145 174
1 17 15
59 280 113 64 132 102 60 270 157 186 268 181 166 72 213
1 11 6
212 184 244 165 43 103
1 15 10
193 108 225 33 211 227 63 220 203 194
1 13 15
117 87 251 40 41 295 211 26 188 30 6 264 0 114 210
1 15 13
129 16 164 27 225 156 172 59 37 257 76 54 26
1 16 2
275 170
1 13 14
87 71 30 189 54 96 55 294 11 144 113 243 8 115
1 19 9
203 27 239 177 260 30 184 179 142
1 12 9
174 160 23 190 33 198 256 182 137
1 16 8
140 154 273 107 205 206 102 173
1 16 3
189 151 196
1 15 5
120 9 148 245 265
1 16 4
120 106 202 234
1 13 3
37 227 288
1 12 12
154 106 254 216 141 75 2 89 128 53 259 245
1 14 8
50 152 241 265 161 233 149 195
1 5 11
154 250 288 135 227 158 216 108 126 179 19
1 8 4
117 3 160 60
1 8 9
257 128 99 283 245 59 295 274 33
1 8 3
259 83 275
1 20 11
183 201 154 225 37 53 87 217 197 153 292
1 4 6
183 46 23 172 164 92
1 10 7
234 92 2 231 66 7 76
1 10 7
103 182 53 227 185 118 230
1 5 12
287 277 112 167 64 17 234 286 293 261 218 165
1 7 15
59 32 217 275 182 244 124 221 101 73 55 264 293 290 111
1 11 5
112 192 173 131 19
1 7 3
191 25 48
1 20 6
61 279 242 229 248 237
1 20 9
23 186 251 72 139 213 73 155 263
1 7 7
276 63 108 90 157 5 189
1 10 10
127 161 281 184 104 299 254 141 246 136
1 13 6
239 82 20 227 62 103
1 4 6
171 274 68 289 161 221
1 7 6
226 23 197 132 196 148
1 8 15
245 236 56 237 89 220 276 129 172 230 277 68 268 190 282
1 2 10
189 180 162 36 197 241 23 153 87 45
1 20 11
268 232 135 141 276 41 136 246 148 42 138
1 20 5
143 299 274 239 59
1 14 14
163 167 150 218 133 85 151 157 54 283 171 291 188 235
1 18 8
135 142 24 299 257 150 158 183
1 16 13
0 276 49 92 26 129 86 135 298 121 21 24 247
1 4 6
9 243 193 20 151 71
1 14 7
273 154 209 50 215 221 282
1 17 7
238 95 28 248 84 121 274
1 13 14
265 22 158 284 229 16 196 109 132 127 87 277 138 71
1 11 13
28 182 271 3 107 220 43 66 139 57 283 67 12
1 19 7
124 18 248 167 221 148 206
1 16 13
223 73 190 113 117 101 155 161 67 267 263 239 194
1 13 14
112 31 193 228 276 0 117 152 240 158 148 144 180 287
1 20 11
181 130 247 261 194 188 237 22 157 275 212
1 6 8
247 32 37 293 210 99 158 171
1 5 10
147 90 244 47 278 155 210 173 171 94
1 14 2
38 293
1 15 5
216 176 126 129 127
1 2 3
232 236 72
1 18 2
189 120
1 7 6
225 255 53 143 201 140
1 11 15
55 148 105 284 66 228 31 296 273 290 123 83 121 182 18
1 16 5
223 39 231 288 71
1 20 8
267 136 187 116 157 69 44 235
1 14 12
227 118 115 82 32 244 251 20 191 40 238 176
1 8 9
45 221 235 87 34 90 197 55 17
1 19 15
261 286 226 268 237 73 244 49 173 282 108 285 15 189 273
1 17 10
42 85 180 51 286 29 81 19 48 138
1 7 10
192 8 114 81 287 91 155 236 248 274
1 8 11
259 110 237 132 263 253 109 191 164 116 166
1 15 2
156 218
1 9 12
292 96 188 181 100 180 223 274 162 226 137 110
1 12 4
7 224 199 202
1 17 8
88 189 179 273 205 270 133 234
1 7 15
157 132 162 210 39 116 7 283 182 107 68 161 69 20 152
1 6 15
234 60 133 0 97 42 88 180 158 15 122 81 96 18 37
1 4 14
30 92 50 170 84 138 279 80 164 288 4 5 234 284
1 14 7
233 168 119 52 192 189 58
1 2 11
107 117 100 128 65 277 60 167 225 41 137
1 4 8
111 283 106 84 186 182 100 13
1 10 15
207 259 189 239 214 89 194 257 100 255 104 232 249 190 287
1 19 13
72 276 92 285 296 177 228 99 59 249 252 29 136
1 20 12
131 293 8 278 260 17 296 181 210 275 187 190
1 1 14
197 67 117 161 51 93 178 72 145 118 211 149 80 262
1 16 9
24 208 196 166 289 242 148 50 66
1 5 12
264 141 171 119 228 287 249 9 243 280 167 81
1 1 4
255 244 162 242
1 18 8
188 66 157 23 69 242 214 248
1 17 3
88 15 240
1 18 15
151 62 22 95 288 224 34 93 182 215 217 222 78 6 48
1 11 14
139 260 205 132 199 166 52 10 27 232 23 285 228 64
1 2 8
226 31 45 30 131 52 78 246
1 20 7
92 295 264 221 261 275 210
1 9 2
65 125
1 5 15
250 163 138 181 120 42 29 22 85 84 150 119 200 127 134
1 2 9
220 293 244 249 154 21 215 296 193
1 9 2
234 281
1 7 2
27 281
1 9 3
149 0 120
1 20 10
69 201 137 295 214 268 154 24 226 205
1 11 11
7 236 231 85 221 18 206 202 30 111 67
1 10 12
256 91 6 159 287 4 111 254 288 168 83 267
1 3 14
127 103 165 226 196 68 271 294 42 265 131 49 223 211
1 10 8
106 273 82 91 205 123 296 207
1 6 9
230 162 252 172 52 257 108 235 105
1 9 10
256 36 136 282 293 111 57 291 90 201
1 4 6
123 145 113 79 23 153
1 20 8
269 282 144 272 138 40 190 197
1 6 2
9 2
1 13 9
23 173 165 142 14 287 83 41 28
1 13 10
78 193 236 179 199 57 35 277 173 105
1 15 12
258 94 36 179 292 247 113 209 28 45 263 63
1 20 8
261 136 276 79 245 268 298 238
1 6 12
157 294 53 269 41 154 90 61 66 124 179 262
1 7 4
279 215 249 292
1 3 7
155 282 294 215 198 161 72
1 12 10
147 24 3 274 131 297 98 239 210 59
1 18 8
87 295 140 8 229 22 28 152
1 11 11
13 106 138 116 7 52 67 202 56 269 216
1 2 11
118 295 169 29 251 113 293 116 173 58 278
1 1 8
229 195 184 227 270 92 112 211
1 19 10
38 73 273 77 87 179 285 101 12 260
1 10 13
260 43 13 199 120 240 237 116 290 18 186 197 9
1 19 12
40 28 205 151 210 174 260 230 74 86 49 9
1 13 4
49 60 137 62
1 7 6
212 132 129 211 22 45
1 9 3
273 12 240
1 12 7
63 205 45 106 48 213 11
1 4 9
139 6 40 289 62 142 216 123 18
1 17 15
171 74 8 199 262 169 223 146 30 227 85 253 31 99 84
1 7 6
264 222 64 171 28 187
1 8 13
22 14 18 159 146 1 176 48 253 144 204 230 114
1 16 3
40 43 197
1 4 4
92 229 131 169
1 11 7
291 12 98 53 50 115 154
1 17 9
69 75 199 227 1 287 228 253 38
1 16 14
108 244 284 229 182 239 38 242 249 169 250 271 203 82
1 13 6
51 120 210 155 263 271
1 20 11
286 126 240 106 85 202 18 37 256 81 261
1 7 3
16 15 252
1 6 8
50 149 205 214 210 37 76 234
1 5 8
297 44 195 1 91 31 217 139
1 2 9
254 154 124 298 286 174 205 117 194
1 3 6
33 84 264 16 112 46
1 17 7
124 223 93 49 283 172 47
1 3 2
148 26
1 6 4
135 251 240 121
1 12 14
217 208 255 238 40 135 174 275 239 124 184 63 121 274
1 11 9
262 0 30 191 170 110 229 193 133
1 14 10
254 189 28 54 128 86 45 279 79 183
1 2 3
21 292 166
1 4 3
249 278 8
1 11 9
168 114 202 91 158 118 0 289 213
1 1 3
65 67 25
1 7 15
267 145 237 252 290 69 248 186 127 296 247 120 27 269 171
1 2 3
72 53 178
1 14 11
235 249 267 196 91 167 100 294 4 258 134
1 9 11
230 259 59 114 76 101 280 9 289 194 149
1 4 9
153 86 151 223 251 141 175 213 272
1 7 8
125 189 244 90 202 31 101 56
1 10 6
264 290 130 101 272 76
1 12 14
176 268 160 11 3 84 91 52 271 131 85 190 265 13
1 19 3
28 119 213
1 20 8
219 0 281 72 251 237 151 277
1 18 8
190 68 289 284 136 14 96 183
1 20 3
199 236 298
1 17 10
247 110 172 250 53 10 187 40 85 7
1 14 6
158 175 272 205 81 289
1 12 3
275 87 235
1 1 14
64 97 26 298 223 145 161 66 70 86 51 142 213 241
1 5 5
75 8 280 187 167
1 10 6
280 23 10 129 192 76
1 2 12
296 297 191 257 62 263 226 274 223 189 179 125
1 19 6
137 219 70 84 46 175
1 17 3
65 208 67
1 20 4
73 71 66 204
1 10 5
49 7 275 247 69
1 13 13
67 10 211 298 156 56 46 196 213 289 81 284 215
1 10 2
74 250
1 9 12
5 217 245 34 15 292 204 39 155 256 178 6
1 13 9
277 270 21 56 125 105 48 248 43
1 6 5
230 41 264 156 222
1 20 9
49 126 236 6 25 81 153 223 291
1 1 4
214 91 140 293
1 16 3
137 55 268
1 11 2
274 100
1 10 13
113 192 262 121 101 79 208 241 202 48 76 141 269
1 6 4
285 58 282 183
1 1 5
205 144 53 9 101
1 5 3
155 142 59
1 7 7
155 207 211 40 18 276 287
1 5 11
137 25 125 8 64 77 127 66 62 28 282
1 7 9
289 29 102 152 7 18 120 213 229
1 6 8
100 29 195 108 80 179 113 237
1 11 12
4 183 109 232 151 74 12 268 103 70 258 194
1 4 12
170 157 176 167 138 139 99 248 92 254 175 296
1 8 13
79 175 129 37 181 45 73 33 217 225 59 275 218
1 4 12
148 19 134 60 229 204 273 57 105 208 125 247
1 11 15
230 224 95 107 274 240 88 222 255 104 118 65 162 121 126
1 15 15
56 282 237 27 240 215 88 194 79 163 172 58 61 165 78
1 16 3
161 179 141
1 15 10
201 237 19 239 219 224 264 57 241 169
1 5 9
264 4 17 227 251 78 234 224 48
1 10 8
71 153 176 86 68 39 32 5
1 17 9
234 281 203 14 68 57 5 102 259
1 19 2
145 215
1 8 7
82 73 155 72 204 7 60
1 4 2
255 282
1 5 5
157 106 142 95 148
1 6 13
77 209 104 243 103 127 246 248 97 14 212 179 140
1 13 4
151 221 46 10
1 19 9
165 247 9 168 256 101 83 106 275
1 11 6
184 194 158 28 191 243
1 11 8
181 85 91 227 83 144 139 65
1 2 15
263 274 261 228 5 289 158 97 78 285 253 203 213 71 231
1 18 10
124 233 85 172 94 279 178 48 288 27
1 17 14
125 83 23 128 42 284 30 263 294 28 153 127 82 140
1 10 3
193 165 26
1 14 9
164 182 140 165 84 214 59 261 52
1 2 6
15 17 253 66 252 299
1 13 9
168 265 235 276 130 94 153 11 193
1 13 12
164 33 294 267 237 40 73 87 170 261 254 14
1 2 3
56 104 119
1 10 6
51 27 98 26 294 234
1 13 9
30 283 223 34 175 153 58 298 239
1 2 11
178 129 259 53 164 235 47 131 64 45 227
1 2 4
264 241 194 16
1 15 14
45 85 32 28 142 8 106 272 59 228 2 156 56 170
1 1 7
277 234 217 202 64 33 198
1 13 12
219 7 151 52 26 57 31 234 211 188 78 209
1 9 3
39 104 206
1 10 11
168 220 256 51 198 128 143 76 280 243 211
1 1 12
137 26 78 135 49 54 278 179 17 224 233 279
1 16 13
268 102 131 26 43 37 150 105 118 137 98 140 217
1 14 4
87 206 295 202
1 15 8
174 167 251 15 55 188 26 125
1 9 2
289 191
1 14 3
265 154 124
1 15 8
251 179 227 62 296 162 64 55
1 20 13
205 71 177 104 230 293 235 295 49 100 84 73 29
1 6 6
113 262 32 108 139 299
1 12 5
116 66 261 255 62
1 9 12
296 72 75 130 110 118 139 146 82 176 27 188
1 10 15
268 233 287 127 70 92 228 72 143 165 222 59 184 126 141
1 10 14
172 262 267 273 165 277 11 252 261 134 254 42 129 156
1 13 13
10 52 96 4 124 208 1 79 187 42 31 115 60
1 10 10
197 62 38 184 244 36 63 91 53 180
1 8 6
297 252 292 155 67 52
1 18 4
202 5 0 288
1 16 9
154 108 94 272 66 12 65 153 42
1 10 8
1 12 45 243 174 294 97 199
1 8 10
59 138 147 115 248 60 14 214 118 0
1 16 12
222 277 102 158 145 171 66 219 87 286 195 14
1 15 12
106 146 60 280 36 8 138 85 292 266 23 186
1 4 10
162 289 253 228 8 251 296 257 22 234
1 4 15
236 267 32 198 169 62 142 197 76 30 181 138 17 183 38
1 18 8
191 185 235 67 105 218 129 4
1 6 4
18 128 54 53
1 14 10
88 26 119 170 233 128 116 148 112 66
1 6 7
144 225 21 2 142 27 268
1 17 11
240 35 167 31 189 294 161 185 267 77 111
1 2 8
255 47 126 127 269 135 224 36
1 9 2
236 32
1 8 8
188 44 189 157 296 1 279 19
1 6 15
291 132 18 28 95 107 247 198 158 81 17 209 193 72 115
1 14 4
235 263 61 134
1 10 6
33 102 26 57 268 41
1 19 15
227 30 32 91 108 41 166 231 159 274 61 116 175 80 179
1 19 3
47 130 177
1 18 11
286 157 138 10 140 242 160 240 201 220 112
1 15 5
50 20 95 158 131
1 13 8
6 184 129 159 133 12 198 284
1 16 6
109 1 296 284 153 253
1 2 5
277 70 131 97 222
1 19 7
10 292 20 260 102 121 24
1 3 13
82 105 73 161 121 265 2 145 29 178 214 24 142
1 5 8
280 158 19 290 92 91 206 170
1 11 4
274 226 188 58
1 1 2
271 107
1 3 10
92 261 228 68 285 267 69 268 217 218
1 4 13
190 192 102 25 116 262 92 68 105 270 98 155 163
1 17 12
269 4 196 64 208 123 37 117 140 216 55 119
1 12 11
293 8 54 269 193 160 207 90 37 262 24
1 16 14
242 71 265 79 196 60 11 33 107 273 105 66 167 158
1 11 14
76 260 273 97 26 208 229 279 214 131 173 30 64 185
1 12 6
23 176 125 83 95 29
1 7 7
223 165 288 167 80 186 105
1 18 7
4 226 294 246 138 137 212
1 15 15
30 56 77 42 2 154 172 127 261 141 290 186 271 180 49
1 20 3
227 89 269
1 13 9
106 107 257 267 34 187 171 46 121
1 14 6
52 92 238 69 221 81
1 8 6
47 149 117 7 141 30
1 2 9
257 299 151 29 159 138 103 84 178
1 19 6
46 102 250 264 239 66
1 4 3
253 169 173
1 16 5
224 7 112 76 246
1 17 4
215 288 111 187
1 12 6
219 211 134 105 276 269
1 8 6
273 90 214 44 228 229
1 1 8
221 187 94 65 11 71 185 74
1 6 10
124 78 262 152 121 246 30 191 15 208
1 1 8
283 228 57 111 135 191 115 3
1 2 5
198 132 207 35 9
1 7 8
39 153 75 175 166 198 84 123
1 2 14
109 190 267 226 189 260 229 56 294 34 228 47 41 278
1 12 7
101 213 50 169 43 130 239
1 11 9
7 129 76 74 180 278 81 14 28
1 18 3
210 132 182
1 19 15
19 298 183 127 251 210 86 52 167 184 208 42 5 156 199
1 1 10
143 87 18 27 67 84 189 100 183 23
1 12 15
178 283 122 189 114 82 9 273 125 2 111 276 221 173 25
1 17 14
143 44 155 175 219 14 177 121 109 75 292 238 74 204
1 17 3
216 19 42
1 7 11
16 243 285 216 121 158 281 79 26 248 186
1 19 7
198 8 174 161 269 195 79
1 17 10
152 175 5 260 80 137 170 232 171 194
1 14 13
10 113 6 19 160 30 294 213 70 168 237 171 105
1 1 11
90 186 85 261 81 143 258 80 33 66 74
1 12 12
52 70 227 37 270 48 15 246 172 121 135 126
1 12 12
60 46 93 236 272 145 172 55 242 41 210 220
1 3 9
59 69 244 47 24 258 184 250 267
1 19 11
43 211 280 21 248 5 161 123 208 87 9
1 7 9
271 100 185 118 147 289 29 7 273
1 4 3
19 289 12
1 20 9
22 91 71 226 277 205 53 233 98
1 17 14
117 265 147 261 154 237 175 13 131 20 26 242 250 184
1 14 10
71 66 279 201 274 127 189 167 289 277
1 17 7
187 237 213 204 6 182 227
1 14 15
128 112 159 8 86 150 17 157 100 16 204 43 132 207 180
1 5 8
97 297 55 86 206 198 263 60
1 1 7
235 190 125 185 149 243 194
1 10 13
86 27 26 240 152 218 201 112 245 222 299 225 268
1 16 9
137 269 204 238 251 42 87 275 221
1 13 5
47 249 204 285 219
1 15 12
1 66 38 209 188 103 57 195 169 106 149 223
1 15 4
151 53 212 106
1 9 12
222 13 246 147 187 11 252 225 196 206 86 90
1 2 7
187 85 78 82 234 236 278
1 12 13
96 92 278 117 80 219 264 218 266 161 173 75 110
1 5 12
190 267 202 146 170 38 259 236 56 68 40 160
1 8 2
104 176
1 11 12
244 71 252 197 107 203 166 130 160 126 37 279
1 13 9
194 4 96 147 131 28 106 146 292
1 7 9
105 272 202 136 205 23 227 285 34
1 8 3
105 263 80
1 3 7
223 202 177 290 229 292 78
1 18 13
202 282 60 15 39 199 125 40 256 251 264 234 295
1 9 4
259 296 9 159
1 14 11
238 0 89 198 128 216 270 211 278 58 24
1 3 8
106 24 159 122 81 180 38 286
1 20 14
289 41 187 178 191 151 163 139 107 198 235 118 272 271
1 12 5
79 248 263 83 211
1 12 6
92 115 129 8 266 166
1 15 8
286 88 186 0 111 272 161 100
1 9 12
204 143 107 14 198 147 137 168 296 233 256 84
1 7 4
0 150 42 280
1 3 3
32 70 255
1 5 12
11 17 32 109 221 41 144 189 133 25 33 145
1 12 3
67 147 43
1 18 8
79 88 295 285 40 56 232 275
1 12 3
11 94 181
1 16 13
160 99 21 209 254 253 237 156 210 241 198 153 91
1 6 6
283 135 121 294 186 203
1 10 7
97 289 150 125 33 111 263
1 18 12
177 112 219 243 41 77 268 96 159 275 174 216
1 3 5
292 3 148 227 118
1 8 7
219 100 264 129 36 292 234
1 7 11
133 68 42 206 1 43 274 239 263 32 111
1 4 5
213 114 72 187 96
1 13 6
12 29 245 142 263 116
1 18 6
58 195 103 73 162 278
1 19 5
99 223 252 63 128
1 13 10
133 278 124 254 162 131 29 37 236 243
1 9 5
242 123 54 79 136
1 13 14
290 2 270 49 252 105 265 18 173 56 53 16 114 261
1 3 14
149 53 179 129 172 238 48 5 64 97 35 62 208 248
1 12 4
37 121 76 43
1 10 13
41 176 269 155 138 276 101 60 273 99 118 1 263
1 5 3
19 94 283
1 1 5
2 70 37 31 168
1 17 3
133 21 89
1 12 15
157 263 269 195 278 221 292 209 230 20 296 214 145 14 193
1 8 9
28 85 214 293 208 42 32 59 162
1 14 14
67 254 285 245 51 203 272 286 97 255 188 72 142 128
1 6 9
89 165 191 144 225 142 60 240 182
1 7 14
92 88 63 245 179 280 42 103 50 9 144 138 135 227
1 3 3
157 244 290
1 11 7
55 269 1 253 111 238 31
1 16 7
282 205 187 232 234 8 103
1 19 14
224 55 214 253 215 52 16 161 197 260 169 281 288 115
1 11 4
70 256 176 25
1 8 14
157 38 269 46 284 225 160 262 23 134 208 34 112 12
1 5 2
186 52
1 20 8
208 240 196 258 270 200 25 41
1 4 6
182 161 79 111 27 202
1 1 12
223 64 50 71 264 18 28 51 287 37 175 184
1 12 15
268 241 181 20 298 285 87 65 31 217 64 91 212 12 206
1 16 15
126 116 297 210 235 282 123 231 202 267 91 86 20 26 246
1 9 5
45 51 280 182 78
1 18 2
155 121
1 4 7
119 196 240 43 151 194 118
1 7 4
281 35 209 44
1 9 15
130 271 117 246 72 36 238 242 42 109 194 212 203 4 82
1 3 8
173 146 267 181 34 106 32 265
1 2 4
64 71 68 97
1 2 6
297 288 221 116 226 286
1 4 2
75 68
1 2 6
138 214 145 42 280 43
1 7 5
81 56 146 178 126
1 16 13
51 38 231 216 229 28 183 180 142 278 194 99 241
1 9 10
297 23 82 289 202 26 264 267 257 298
1 5 6
11 196 189 41 134 10
1 11 4
140 263 189 84
1 3 9
215 236 260 0 91 51 200 201 238
1 7 13
197 149 206 223 104 53 278 239 207 10 129 268 12
1 10 8
73 250 47 9 154 81 27 294
1 5 15
130 154 293 25 157 174 183 176 92 146 240 169 12 205 50
1 14 14
232 107 243 116 153 187 64 10 175 214 272 222 166 113
1 15 7
4 107 93 99 76 202 272
1 17 11
260 215 253 105 45 174 97 122 297 35 47
1 14 5
58 93 291 106 295
1 15 15
50 170 22 113 124 88 90 271 237 176 292 148 189 225 155
1 1 7
226 33 203 183 122 45 90
1 6 15
259 296 242 40 137 23 200 76 272 275 101 233 44 78 194
1 7 12
89 163 220 34 126 223 54 44 125 1 191 137
1 7 11
175 106 27 279 151 167 104 67 200 275 276
1 20 11
239 70 16 286 237 87 36 233 105 121 197
1 17 5
275 69 162 118 170
1 14 4
243 141 44 225
1 1 10
285 229 0 212 39 29 26 241 277 135
1 7 13
86 202 244 243 278 139 167 8 100 299 7 155 229
1 1 14
2 84 268 200 176 18 155 269 289 210 174 51 212 224
1 14 6
284 187 208 178 249 298
1 4 6
11 75 208 125 95 233
1 1 4
271 260 276 200
1 15 7
243 177 231 220 67 16 238
1 13 10
244 42 250 175 290 188 33 0 142 271
1 18 13
235 96 48 17 53 192 108 110 35 251 70 111 278
1 18 3
279 162 275
1 5 6
150 125 188 75 46 274
1 19 8
150 73 93 263 290 118 203 67
1 10 9
258 64 267 294 201 80 27 24 68
1 6 7
170 62 103 53 127 89 282
1 16 5
182 76 192 18 197
1 16 9
8 176 219 222 116 74 7 51 138
1 12 11
134 174 15 194 180 273 5 164 29 281 221
1 9 10
264 10 266 30 100 174 186 296 219 19
1 2 12
31 115 291 167 103 93 150 147 86 283 200 102
1 8 5
235 112 23 250 39
1 19 5
20 139 107 91 148
1 6 15
106 291 153 33 198 24 112 160 131 168 145 99 52 139 177
1 16 11
9 273 89 245 203 91 175 271 118 214 260
1 14 4
128 240 80 212
1 14 7
134 76 181 236 110 2 221
1 8 14
124 95 107 160 82 165 42 57 187 203 101 161 242 76
1 7 6
35 31 86 210 286 63
1 5 2
262 224
1 9 4
270 161 269 40
1 12 10
191 36 65 30 253 1 116 121 66 192
1 18 4
55 9 132 277
1 11 15
64 187 179 17 245 50 37 129 274 61 139 211 257 199 291
1 14 15
139 251 110 26 284 50 47 93 267 253 161 262 203 285 190
1 15 13
180 290 277 242 165 209 32 6 22 123 55 267 155
1 15 13
180 210 89 2 46 288 31 163 181 249 119 69 259
1 16 13
80 255 82 44 243 222 19 24 159 275 77 110 237
1 4 13
228 30 123 238 262 88 208 146 33 273 219 282 16
1 15 5
173 153 42 254 214
1 1 5
255 289 92 4 298
1 12 13
293 67 62 273 235 63 91 263 255 228 260 171 225
1 4 11
175 179 234 60 266 161 184 66 125 213 223
1 10 10
110 243 208 116 254 236 168 237 139 214
1 16 2
225 27
1 9 14
185 143 41 237 247 278 184 108 139 164 137 82 133 96
1 9 9
142 89 189 234 85 123 229 60 114
1 9 4
161 295 44 51
1 14 2
240 13
1 13 12
204 52 113 237 0 54 66 59 112 55 275 287
1 5 11
122 31 254 68 188 265 269 183 39 240 2
1 4 2
195 262
1 2 2
39 138
1 19 13
118 104 3 223 264 57 114 79 36 260 279 106 247
1 18 2
194 224
1 12 14
73 299 234 32 191 48 282 204 128 275 28 30 175 281
1 18 4
47 276 62 78
1 18 14
151 127 106 91 39 268 207 161 136 178 206 60 113 277
1 8 14
127 91 113 226 147 22 223 260 29 116 67 43 160 18
1 18 13
201 162 37 52 20 119 274 169 229 284 55 63 194
1 18 11
90 18 72 266 242 189 271 270 217 7 70
1 5 5
142 279 239 60 196
1 13 7
269 247 52 56 201 41 187
1 4 7
53 96 146 275 56 143 293
1 15 3
105 293 258
1 1 4
185 265 28 197
1 14 8
52 278 286 21 294 131 206 237
1 10 12
57 252 287 125 160 120 34 107 228 167 178 187
1 4 10
62 255 286 78 256 122 238 108 160 133
1 15 4
237 247 244 14
1 4 10
286 104 80 282 229 165 145 249 162 75
1 12 6
137 166 37 209 91 134
1 8 9
180 42 147 11 35 109 15 228 98
1 8 9
208 206 273 180 227 172 51 291 160
1 15 7
133 18 266 140 275 139 41
1 7 12
18 79 88 298 268 65 246 113 197 289 173 196
1 10 5
174 58 201 30 104
1 20 8
234 121 110 299 143 192 198 91
1 11 11
147 146 292 113 269 247 246 168 17 151 250
1 20 15
69 187 296 188 177 85 53 277 231 287 54 140 138 251 115
1 8 11
231 132 27 11 28 258 286 67 263 82 262
1 10 8
156 72 290 86 21 100 30 130
1 17 14
47 286 126 76 157 229 294 12 97 14 209 272 269 273
1 14 14
163 70 243 208 51 113 39 261 42 63 200 262 16 248
1 19 7
41 133 87 203 55 74 158
1 6 11
79 218 107 187 87 229 281 153 186 290 232
1 20 11
239 186 251 65 135 88 283 199 13 154 198
1 18 6
270 17 217 299 132 10
1 3 6
68 267 199 38 257 158
1 8 15
140 206 3 242 33 96 224 230 276 282 280 137 292 26 40
1 4 3
251 98 272
1 10 15
261 108 42 120 32 8 15 92 33 295 180 41 183 144 45
1 9 7
275 62 283 29 228 251 145
1 4 13
205 163 47 58 245 285 150 6 26 80 36 186 200
1 11 4
109 89 244 167
1 9 14
67 106 199 31 260 270 102 228 297 108 88 181 117 130
1 2 15
102 98 182 48 222 39 254 70 192 212 294 51 62 244 108
1 2 4
183 299 248 267
1 3 9
98 49 101 204 153 139 10 269 225
1 5 2
254 176
1 9 4
143 172 214 191
1 7 15
94 268 289 215 214 138 115 36 136 282 17 211 212 273 265
1 4 7
172 186 215 204 201 283 209
1 15 13
186 98 27 19 284 154 0 152 72 14 54 140 187
1 5 14
167 169 0 123 12 193 98 292 278 154 6 194 31 115
1 3 10
135 151 48 267 0 141 35 3 214 58
1 18 14
17 241 55 237 295 243 41 145 245 222 111 205 263 147
1 4 4
238 297 83 82
1 10 2
37 264
1 15 2
178 157
1 5 2
136 60
1 13 8
192 67 40 225 44 91 297 228
1 8 9
59 103 195 16 39 93 214 283 6
1 4 2
122 8
1 10 2
275 187
1 2 5
211 227 123 230 192
1 18 13
212 6 119 184 176 111 65 116 175 265 95 273 287
1 20 4
266 110 25 161
1 19 5
134 171 258 24 272
1 10 8
172 120 161 183 93 179 84 254
1 2 10
123 57 46 152 268 261 149 60 146 114
1 18 5
206 271 97 212 196
1 7 5
254 115 99 32 119
1 19 13
195 44 219 152 218 98 288 110 100 20 38 51 79
1 15 11
79 72 275 151 263 25 239 96 35 49 153
1 5 8
117 159 276 166 36 260 56 239
1 15 10
74 252 240 23 185 53 158 149 249 180
1 14 4
94 233 207 81
1 18 12
40 80 12 173 241 72 88 202 147 71 244 282
1 20 13
134 188 169 237 84 75 239 230 102 193 55 196 272
1 17 13
246 264 288 190 48 64 55 152 217 269 263 187 232
1 19 4
123 203 111 7
1 7 5
98 0 234 263 285
1 15 14
291 273 86 33 56 21 142 105 94 217 283 263 88 135
1 9 3
153 157 30
1 8 5
183 178 266 255 116
1 19 2
121 64
1 17 5
3 178 251 149 144
1 6 7
147 297 285 180 264 54 133
1 3 6
273 279 21 291 184 113
1 11 3
20 13 236
1 17 9
167 207 121 156 296 184 259 32 135
1 13 2
75 188
1 2 5
116 48 191 73 263
k 20
