300 900 465
11 27 36 18 40 40 30 32 19 37 36 14 11 39 30 40 13 28 27 29 31 13 25 29 26 12 31 19 21 34 26 25 37 15 36 32 11 32 37 33 30 24 33 34 31 28 23 31 30 27 37 31 23 27 39 38 15 13 26 14 16 32 38 32 14 38 14 19 33 22 12 15 21 12 15 12 23 27 11 16 32 24 37 14 30 38 21 29 12 26 11 15 22 13 15 36 20 35 26 16 18 25 30 20 13 22 29 25 11 12 40 29 16 19 13 32 33 32 18 28 17 22 33 18 21 32 21 13 26 22 36 29 39 29 15 40 28 38 12 22 27 15 34 14 15 23 23 15 37 20 27 26 35 14 26 38 18 33 27 11 26 11 31 30 32 25 40 15 33 40 20 12 24 25 33 33 17 22 29 19 12 25 12 12 15 30 21 25 32 16 25 36 23 39 31 15 30 22 40 27 40 23 38 28 35 16 31 18 35 19 26 25 27 15 20 28 28 38 12 24 23 13 11 32 29 36 29 15 23 14 16 32 12 11 25 36 31 40 38 12 16 23 14 36 13 19 35 31 20 29 14 15 25 25 18 27 33 35 36 27 25 38 39 11 39 11 30 27 29 38 25 39 29 15 23 18 12 15 26 26 22 28 31 38 39 32 16 21 29 14 30 24 33 39 24 22 28 24 16 18
1 17 26 8 30 30 20 22 9 27 26 4 1 29 20 30 3 18 17 19 21 3 15 19 16 2 21 9 11 24 16 15 27 5 26 22 1 22 27 23 20 14 23 24 21 18 13 21 20 17 27 21 13 17 29 28 5 3 16 4 6 22 28 22 4 28 4 9 23 12 2 5 11 2 5 2 13 17 1 6 22 14 27 4 20 28 11 19 2 16 1 5 12 3 5 26 10 25 16 6 8 15 20 10 3 12 19 15 1 2 30 19 6 9 3 22 23 22 8 18 7 12 23 8 11 22 11 3 16 12 26 19 29 19 5 30 18 28 2 12 17 5 24 4 5 13 13 5 27 10 17 16 25 4 16 28 8 23 17 1 16 1 21 20 22 15 30 5 23 30 10 2 14 15 23 23 7 12 19 9 2 15 2 2 5 20 11 15 22 6 15 26 13 29 21 5 20 12 30 17 30 13 28 18 25 6 21 8 25 9 16 15 17 5 10 18 18 28 2 14 13 3 1 22 19 26 19 5 13 4 6 22 2 1 15 26 21 30 28 2 6 13 4 26 3 9 25 21 10 19 4 5 15 15 8 17 23 25 26 17 15 28 29 1 29 1 20 17 19 28 15 29 19 5 13 8 2 5 16 16 12 18 21 28 29 22 6 11 19 4 20 14 23 29 14 12 18 14 6 8
1 7 9
27 292 297 229 35 47 180 97 282
1 8 8
189 291 232 167 158 166 109 163
1 6 10
205 286 129 297 187 238 81 274 214 141
1 5 14
18 181 151 122 239 285 156 113 62 53 144 204 150 287
1 8 6
0 117 138 227 60 8
1 6 11
144 282 130 231 74 210 256 255 38 70 262
1 23 2
134 282
1 7 9
209 180 96 10 28 43 3 226 116
1 9 7
129 224 87 221 43 266 172
1 24 2
258 180
1 9 7
25 83 239 157 149 6 280
1 7 11
269 48 234 211 51 147 276 84 293 17 114
1 14 5
265 127 94 122 55
1 8 8
286 94 100 127 65 99 158 183
1 5 15
116 298 133 31 156 158 202 199 190 206 219 5 161 204 75
1 9 8
233 96 240 204 141 53 225 15
1 11 6
279 48 130 120 206 133
1 5 14
287 85 57 227 3 99 172 276 185 123 135 240 116 28
1 10 7
157 137 143 113 280 129 288
1 11 4
254 78 59 199
1 10 6
221 115 103 159 275 45
1 8 7
218 134 278 20 66 128 279
1 6 10
229 74 87 40 146 115 201 186 26 88
1 6 12
82 47 55 109 222 153 206 249 223 297 252 238
1 5 12
78 290 236 272 265 160 134 76 1 152 298 57
1 10 7
210 170 129 15 175 112 26
1 16 3
98 121 221
1 5 13
283 134 20 144 170 257 251 55 242 35 163 34 94
1 30 2
39 267
1 8 9
229 97 200 73 227 85 52 37 172
1 4 15
77 248 129 171 190 18 273 153 141 163 10 67 69 88 75
1 9 8
53 17 169 105 222 209 35 207
1 5 12
260 57 146 220 182 296 163 79 183 80 275 100
1 6 13
28 76 296 13 67 148 198 106 134 190 269 210 200
1 8 9
249 180 142 157 32 1 121 93 97
1 9 7
202 91 41 103 31 219 76
1 15 4
48 151 282 66
1 32 2
256 44
1 15 3
92 172 70
1 4 15
196 287 268 184 217 12 220 210 61 212 37 87 286 188 241
1 10 7
33 22 297 118 95 5 289
1 6 11
48 298 76 121 212 58 210 25 27 89 262
1 17 2
280 70
1 5 14
262 277 66 181 97 46 269 24 207 240 275 271 287 62
1 9 7
29 259 156 63 140 17 214
1 14 5
237 268 170 30 102
1 10 7
286 90 150 289 188 120 217
1 8 9
198 33 260 56 156 221 191 285 234
1 5 13
283 187 112 191 281 75 84 269 63 144 182 172 268
1 6 12
104 268 166 249 255 241 111 202 5 138 85 47
1 9 8
211 55 45 182 22 289 97 108
1 16 4
40 79 246 156
1 12 5
108 192 288 61 3
1 5 13
52 162 131 264 23 116 195 114 145 163 244 251 173
1 7 7
274 138 147 172 253 75 279
1 14 3
276 128 298
1 6 13
239 51 153 150 262 233 81 4 134 243 106 142 79
1 10 6
11 31 180 126 88 135
1 5 14
217 244 12 219 61 180 104 114 85 125 230 109 279 245
1 5 14
51 133 258 251 49 78 58 50 6 8 138 32 192 46
1 16 3
139 171 212
1 17 4
115 261 128 156
1 5 12
99 275 7 51 80 45 244 212 285 14 113 292
1 4 15
244 209 211 1 113 264 18 53 254 39 152 219 105 159 163
1 6 12
235 244 19 15 123 199 238 216 120 208 245 212
1 11 5
117 124 219 108 18
1 8 9
296 238 273 43 249 297 84 234 35
1 5 15
170 84 62 88 94 183 41 6 46 266 71 92 135 52 100
1 6 11
236 115 48 90 278 152 157 205 68 2 211
1 7 8
24 100 162 115 248 105 49 232
1 12 4
121 263 128 3
1 7 10
247 265 238 117 170 20 36 200 287 172
1 6 11
219 183 245 82 252 296 71 153 258 33 64
1 5 14
230 139 289 72 24 45 243 296 104 264 42 257 168 129
1 5 13
71 111 172 35 86 147 135 23 90 152 165 6 170
1 10 7
130 214 111 215 138 54 61
1 6 11
175 66 177 283 233 276 203 252 117 96 111
1 26 2
289 262
1 7 10
132 208 129 288 17 156 141 161 245 160
1 17 4
112 2 175 194
1 7 8
158 96 63 119 240 249 206 221
1 5 14
167 168 101 268 187 99 162 193 169 261 222 176 83 122
1 5 15
204 73 40 286 200 278 90 32 108 250 181 65 74 77 56
1 14 4
295 257 88 36
1 5 14
257 277 105 147 80 244 243 190 13 102 63 41 126 254
1 22 2
22 113
1 10 8
291 14 5 50 122 155 200 143
1 5 14
259 17 229 62 139 26 170 272 210 37 167 82 104 193
1 4 15
26 272 44 135 250 45 107 165 98 240 17 1 189 223 67
1 5 13
109 4 281 145 126 1 280 165 266 102 289 210 42
1 7 10
21 128 271 282 190 170 228 278 207 274
1 6 11
241 246 121 205 221 149 29 8 178 219 273
1 8 7
151 241 294 31 127 130 233
1 14 3
28 186 138
1 7 10
30 193 51 26 263 111 70 12 188 247
1 14 4
177 9 112 27
1 11 6
87 267 134 231 152 144
1 8 7
42 274 0 16 149 289 213
1 12 6
43 258 171 278 85 276
1 12 5
179 22 97 64 92
1 9 8
275 5 61 283 270 174 133 247
1 6 11
206 156 299 248 290 275 53 72 70 4 56
1 17 2
120 100
1 19 3
194 153 18
1 19 4
220 13 290 5
1 20 3
119 91 223
1 13 3
268 222 159
1 7 11
58 269 253 260 272 262 159 163 169 49 98
1 4 15
19 0 211 90 292 205 221 240 24 116 147 157 123 124 260
1 9 8
230 243 133 59 63 213 225 165
1 16 2
263 186
1 7 10
264 170 252 284 141 276 148 45 159 17
1 8 9
89 122 168 259 30 261 55 266 276
1 6 11
131 79 60 290 125 34 233 55 170 75 242
1 5 13
45 249 243 280 92 100 190 283 214 84 46 298 177
1 11 5
244 158 182 295 125
1 4 15
89 182 208 280 262 207 39 53 21 1 223 267 239 60 275
1 11 6
174 123 43 38 25 278
1 5 13
104 59 146 16 63 120 35 233 203 0 289 202 172
1 6 13
191 99 288 54 262 214 122 85 143 68 107 183 166
1 5 14
203 108 244 274 268 5 79 51 113 17 84 157 139 3
1 6 12
45 134 260 84 33 211 37 199 9 207 152 196
1 7 10
246 98 196 12 292 299 49 34 133 170
1 5 12
203 266 114 186 30 103 43 57 128 214 162 240
1 5 11
173 23 35 60 240 114 186 230 158 147 72
1 6 12
2 22 28 35 150 287 79 249 264 24 136 110
1 26 2
176 225
1 11 6
38 8 272 24 94 245
1 30 2
185 84
1 5 15
113 140 271 69 20 18 100 253 283 54 22 188 167 74 135
1 24 3
262 157 278
1 5 12
174 105 213 129 259 86 67 88 35 93 206 153
1 5 13
120 264 42 188 73 253 81 71 136 23 228 239 62
1 13 4
120 32 104 183
1 8 10
192 2 54 15 110 153 17 0 225 231
1 5 13
125 113 284 35 277 24 128 88 211 182 31 130 39
1 7 10
64 189 226 2 143 104 105 243 165 160
1 5 14
34 186 190 197 78 79 14 218 159 272 15 195 57 10
1 9 7
280 21 225 260 231 157 98
1 5 15
254 16 118 57 278 34 158 259 28 171 92 293 273 79 49
1 23 2
180 152
1 23 3
217 234 44
1 15 4
42 84 123 177
1 5 14
13 48 289 44 5 6 102 273 190 49 30 99 206 285
1 6 12
261 157 240 56 82 132 26 247 65 133 92 48
1 8 9
231 197 223 135 292 147 156 73 159
1 17 3
124 240 51
1 6 12
180 70 61 26 175 150 38 173 288 136 9 79
1 12 6
20 173 138 191 283 262
1 6 11
174 17 52 11 247 285 111 258 69 56 54
1 12 5
268 136 21 45 231
1 10 6
209 279 240 104 112 261
1 12 3
250 86 112
1 5 11
229 124 89 105 0 203 294 170 109 204 291
1 4 15
6 42 97 76 138 36 78 22 121 248 74 230 219 238 254
1 9 8
294 145 95 139 60 130 195 20
1 5 15
2 207 232 159 165 12 41 291 121 137 215 193 263 18 4
1 6 12
133 197 235 188 284 14 252 98 217 19 249 154
1 18 2
254 156
1 10 7
141 296 257 204 218 129 84
1 6 13
53 279 93 231 166 172 201 81 4 34 260 113 104
1 12 5
194 3 39 140 192
1 5 12
192 290 112 212 100 144 258 259 179 172 194 56
1 26 2
71 9
1 5 15
119 127 60 238 212 255 138 272 250 185 67 75 93 217 264
1 12 6
238 47 24 142 157 226
1 4 15
6 144 165 230 129 72 185 121 135 67 176 145 297 249 149
1 23 3
237 133 156
1 6 9
138 134 234 17 156 126 226 184 35
1 6 12
67 159 120 93 217 236 44 193 283 33 264 298
1 13 6
55 233 256 169 210 62
1 5 14
3 262 133 261 157 89 114 242 183 148 268 257 49 102
1 6 12
93 298 254 34 252 152 11 283 131 230 144 101
1 5 14
167 80 234 297 72 188 106 273 190 259 196 91 261 194
1 10 7
191 10 197 135 17 280 144
1 28 2
204 72
1 5 10
146 175 181 276 96 118 101 78 75 170
1 12 5
141 129 114 102 20
1 15 3
99 282 93
1 7 10
183 45 35 280 55 139 152 219 148 145
1 8 9
126 31 37 103 257 148 214 138 14
1 20 3
269 78 280
1 4 15
37 90 230 156 148 176 145 105 11 192 160 93 144 24 116
1 26 2
144 32
1 10 4
240 242 222 190
1 8 8
286 59 239 226 62 219 179 77
1 26 3
262 132 24
1 8 9
158 183 180 210 39 4 259 92 165
1 4 14
144 103 190 171 215 14 46 278 111 130 91 25 176 212
1 5 14
193 40 47 26 27 218 106 214 36 284 61 85 178 265
1 11 6
297 229 35 283 230 181
1 7 10
2 6 184 95 284 4 53 155 185 35
1 6 11
254 287 139 279 172 49 264 222 210 20 120
1 15 3
273 228 146
1 11 7
42 218 110 186 78 20 269
1 5 14
282 93 34 264 91 242 9 53 26 174 271 71 270 224
1 7 10
256 22 128 262 15 20 229 220 138 225
1 11 6
209 56 98 175 256 147
1 15 4
12 252 261 11
1 5 10
73 31 212 289 108 230 218 136 89 251
1 6 12
159 274 254 200 213 224 188 64 206 229 288 4
1 23 3
142 182 34
1 5 14
84 18 278 94 265 67 2 226 241 270 80 255 62 21
1 6 12
201 54 170 221 270 259 174 225 129 160 96 72
1 20 3
268 205 63
1 4 14
79 181 121 11 199 90 280 122 285 124 49 230 268 172
1 18 4
238 258 259 178
1 6 11
175 113 299 78 7 270 5 243 232 292 0
1 8 9
183 28 45 55 206 93 204 203 144
1 7 8
7 182 124 79 278 250 105 247
1 6 13
147 212 134 68 238 189 123 127 18 5 78 142 152
1 6 13
163 258 271 91 291 154 116 13 159 265 17 279 215
1 5 11
113 205 151 94 42 229 231 190 140 234 159
1 7 10
257 216 114 259 50 140 88 41 33 109
1 26 2
203 253
1 7 9
109 118 148 233 292 115 68 116 222
1 16 3
37 222 3
1 10 6
121 294 204 140 203 133
1 6 13
179 79 5 20 289 85 257 152 32 104 243 246 191
1 15 5
50 283 19 188 88
1 6 12
155 81 33 261 115 65 263 97 168 93 100 57
1 8 8
5 216 19 66 201 146 52 234
1 9 7
251 35 168 270 275 290 59
1 21 3
69 42 285
1 12 6
109 122 152 198 83 179
1 9 5
218 168 233 12 205
1 6 11
142 17 149 151 268 100 39 275 116 8 177
1 6 12
94 283 219 203 198 211 144 238 187 167 287 37
1 4 15
142 182 6 38 246 29 239 247 157 94 144 68 17 233 139
1 6 12
264 151 159 145 112 275 56 39 201 138 191 127
1 11 6
191 56 209 247 87 127
1 15 4
119 93 35 72
1 12 4
98 176 72 145
1 27 2
281 24
1 21 3
159 131 191
1 5 15
16 50 56 258 152 99 198 172 176 100 125 155 223 32 55
1 7 7
71 214 67 290 242 228 86
1 13 5
7 125 257 124 0
1 6 11
241 250 226 45 263 206 32 272 252 143 71
1 5 15
141 145 216 278 11 249 168 43 147 241 55 73 202 225 256
1 9 8
2 223 191 138 121 270 4 20
1 10 7
169 285 58 95 103 97 22
1 6 12
167 59 73 293 240 198 54 45 69 161 46 61
1 9 6
239 279 26 248 167 233
1 10 6
136 197 46 292 219 159
1 10 6
224 28 221 150 171 39
1 6 10
99 133 280 70 67 226 197 130 224 129
1 8 9
273 53 283 265 213 224 57 7 269
1 19 3
187 84 272
1 24 3
2 155 211
1 5 11
285 91 17 234 259 273 86 277 185 298 19
1 14 4
124 133 281 109
1 12 5
231 48 146 275 73
1 9 8
177 287 260 55 72 202 8 100
1 7 9
175 118 91 45 268 252 74 266 37
1 7 9
233 29 265 219 165 281 6 289 258
1 5 10
252 185 228 133 69 178 22 286 100 276
1 7 11
283 239 165 214 126 45 110 228 109 121 0
1 5 14
139 228 136 90 173 224 200 108 222 206 281 113 198 174
1 12 5
79 146 206 186 226
1 7 10
110 69 176 290 34 107 85 188 109 139
1 12 5
273 6 156 254 122
1 5 15
131 164 14 54 157 191 250 223 127 236 4 224 85 158 57
1 21 3
9 140 144
1 10 7
125 254 284 34 219 218 266
1 5 15
89 155 8 262 76 103 20 61 200 25 0 41 60 80 125
1 11 6
177 133 103 62 167 286
1 10 6
186 210 144 50 151 212
1 6 11
21 124 288 152 93 22 188 179 182 154 204
1 5 15
285 82 4 125 37 55 176 178 280 223 109 142 31 81 33
1 12 2
78 242
1 24 3
116 13 167
1 17 4
213 264 195 40
1 5 12
124 275 22 103 171 35 244 266 17 40 134 293
1 6 12
279 72 295 262 93 258 73 281 25 121 88 81
1 5 13
129 248 145 93 173 148 268 63 210 258 276 253 259
1 11 7
189 217 287 200 130 238 243
1 7 11
264 5 242 113 157 19 124 287 289 76 194
1 5 14
108 96 116 158 198 38 246 241 94 120 284 4 248 291
1 27 2
278 45
1 7 10
69 157 238 74 134 43 224 20 39 76
1 9 8
3 58 90 38 208 55 157 132
1 6 11
116 28 172 99 40 126 284 179 94 33 263
1 9 7
32 67 108 121 120 51 140
1 6 11
216 275 137 33 22 65 129 44 11 185 282
1 7 9
251 195 44 43 71 149 146 226 292
1 8 9
189 231 144 123 36 46 54 110 18
1 4 13
26 222 136 183 275 83 295 278 22 215 267 77 146
1 6 11
79 169 100 108 257 6 242 239 58 11 258
1 16 2
180 170
1 12 5
31 128 6 122 109
1 7 11
81 28 48 93 54 166 204 296 114 179 138
1 9 8
56 84 251 143 225 16 237 22
1 22 2
157 25
1 24 2
238 161
1 7 11
292 37 162 6 102 135 252 155 228 264 277
1 5 15
11 72 3 285 39 127 217 88 267 35 87 13 114 197 104
1 7 9
286 47 69 212 160 194 147 238 266
1 6 13
233 114 269 223 21 26 30 153 139 4 172 7 0
1 14 5
185 299 15 172 236
1 7 7
165 74 182 210 176 56 134
1 8 8
133 284 45 239 118 226 195 272
1 7 9
79 94 270 86 224 24 63 122 232
1 7 8
255 118 254 229 214 279 249 227
1 19 3
172 128 194
1 6 11
164 285 226 276 140 255 137 127 74 150 103
1 4 14
147 6 245 295 277 16 259 26 10 52 275 286 164 131
1 14 4
36 290 79 1
1 6 12
103 140 21 275 72 27 293 239 35 202 165 168
1 16 2
69 263
1 27 2
111 89
1 18 4
101 39 264 255
1 9 6
49 227 31 94 213 20
1 4 12
124 244 201 179 100 180 139 11 60 115 46 230
1 5 14
87 154 249 185 49 282 135 6 110 143 234 44 125 59
1 5 14
128 201 125 264 143 191 179 158 133 274 124 284 172 106
1 11 5
215 147 17 171 162
1 7 10
57 284 207 134 110 226 96 34 83 151
1 5 15
110 15 55 68 32 208 23 234 126 145 254 131 274 88 236
1 12 3
143 74 145
1 7 10
1 131 172 55 137 76 293 287 297 228
1 14 3
180 290 114
1 5 14
117 296 200 219 151 84 177 208 196 148 167 217 264 172
1 6 13
184 221 126 124 147 80 105 164 9 169 136 215 269
1 5 12
104 130 178 226 72 254 27 33 138 11 16 259
1 8 9
200 68 235 66 112 289 287 278 250
1 13 6
4 283 232 234 290 82
1 6 11
165 267 59 225 72 257 22 53 131 274 27
1 5 14
104 79 141 113 164 298 278 102 277 55 116 91 200 35
1 5 13
157 58 178 165 78 231 277 233 167 109 55 199 119
1 6 12
131 32 200 232 135 204 223 134 178 247 250 20
1 9 7
131 70 191 25 163 99 275
1 5 13
47 126 175 240 292 129 49 263 297 243 258 83 150
1 17 4
192 137 37 236
1 6 12
190 171 31 226 0 108 81 235 133 110 279 173
1 9 6
92 249 230 268 73 99
1 18 2
112 72
1 9 8
1 84 200 14 125 201 39 36
1 11 7
259 237 182 171 238 242 94
1 6 12
196 50 252 146 37 12 87 211 186 160 269 90
1 6 12
164 78 35 76 167 140 40 201 149 255 4 1
1 5 12
145 3 23 44 28 242 77 188 279 181 299 296
1 29 2
220 95
1 5 13
209 109 179 31 212 157 61 139 51 69 101 166 93
1 6 12
153 261 235 248 291 111 141 120 166 97 181 208
1 8 9
23 87 75 209 26 217 221 284 5
1 7 10
268 93 96 45 88 219 155 73 136 82
1 6 12
118 121 271 85 93 49 3 189 55 275 252 146
1 6 12
212 152 242 265 58 65 271 258 142 150 197 18
1 20 2
22 205
1 22 2
173 8
1 25 2
45 76
1 6 12
62 148 147 259 14 258 223 178 111 141 46 271
1 5 14
73 185 167 150 148 117 204 135 13 126 57 142 31 130
1 5 12
165 280 288 260 275 121 60 113 215 58 246 35
1 4 15
109 49 134 174 88 37 220 239 180 100 110 124 242 175 245
1 6 13
214 145 130 289 160 271 5 60 215 228 0 56 185
1 8 7
176 287 298 29 100 172 254
1 6 11
68 209 120 126 253 22 8 213 19 238 162
1 24 2
252 297
1 4 12
118 177 245 205 124 49 8 46 161 70 167 241
1 5 14
134 103 243 65 66 28 36 128 186 64 216 251 213 94
1 26 3
5 236 169
1 6 11
112 63 28 151 17 78 79 241 204 107 42
1 5 14
104 141 4 82 272 122 103 45 183 97 3 216 214 87
1 19 2
189 201
1 7 10
253 273 84 80 43 287 109 261 289 63
1 5 13
17 265 79 134 206 239 13 145 210 37 241 258 219
1 8 8
282 273 254 78 115 151 55 287
1 5 14
134 264 235 172 199 81 45 36 105 274 101 285 206 181
1 12 6
261 217 125 21 108 102
1 13 5
223 119 245 210 42
1 8 8
25 27 294 122 51 76 128 172
1 8 8
160 230 273 108 80 256 53 246
1 5 13
261 168 120 242 264 297 133 256 105 117 199 88 273
1 4 15
96 294 114 164 53 291 13 186 285 149 253 296 21 242 14
1 10 7
171 98 204 201 237 294 31
1 7 11
257 285 192 60 72 81 135 134 221 87 9
1 6 11
271 175 133 219 81 223 89 297 239 41 71
1 12 5
232 43 163 161 11
1 21 2
145 103
1 7 9
274 248 225 266 79 250 41 256 28
1 5 15
50 75 10 84 25 41 219 284 82 148 97 160 79 123 2
1 7 8
249 127 70 268 274 287 46 226
1 25 2
253 22
1 5 14
262 15 270 283 237 166 238 26 129 147 115 149 190 174
1 5 14
0 142 96 16 103 191 111 294 182 99 78 7 131 252
1 6 13
184 7 77 237 294 44 9 270 94 276 41 4 52
1 19 2
149 254
1 11 6
180 161 230 42 21 65
1 11 7
181 207 264 112 85 289 69
1 8 7
170 149 144 103 50 141 28
1 7 11
299 241 282 84 128 292 159 271 62 280 72
1 8 9
15 43 26 292 94 107 36 70 5
1 9 7
245 37 257 99 127 203 178
1 8 7
240 236 107 92 84 124 119
1 5 14
115 112 245 243 237 202 206 296 252 89 136 225 146 126
1 6 11
295 277 225 24 124 276 209 252 171 217 257
1 7 8
8 98 103 158 230 143 3 84
1 4 15
37 227 147 201 231 290 268 232 91 90 288 291 136 119 72
1 18 2
59 201
1 13 5
81 120 174 35 292
1 5 13
224 102 189 42 191 82 274 2 151 154 193 272 270
1 11 7
190 58 261 183 182 200 38
1 5 14
243 18 16 170 244 270 220 193 257 146 178 5 47 73
1 10 6
268 78 250 26 165 157
1 15 4
42 179 266 211
1 22 2
52 139
1 6 10
122 181 253 219 240 230 222 223 265 51
1 11 6
130 275 163 27 141 167
1 7 11
110 128 101 53 67 22 262 45 216 294 197
1 5 14
15 125 123 109 97 208 144 190 189 255 155 199 173 20
1 5 12
99 63 41 86 291 69 260 117 27 195 156 151
1 7 9
176 13 83 241 126 101 205 22 77
1 8 8
58 285 19 264 147 109 221 84
1 7 8
222 122 163 230 139 143 253 113
1 19 4
169 167 280 155
1 6 11
138 220 246 207 254 90 282 228 275 259 9
1 15 3
126 31 144
1 8 9
193 23 57 45 59 7 262 222 236
1 21 2
107 254
1 5 11
265 74 79 46 92 80 227 220 285 25 112
1 5 12
244 272 205 165 167 47 187 190 140 183 162 274
1 8 8
236 86 134 13 143 223 212 22
1 9 8
252 115 204 236 261 176 184 60
1 18 4
43 196 189 13
1 8 9
181 254 68 255 198 204 294 180 38
1 4 15
138 57 184 89 175 56 253 152 282 297 11 7 80 171 243
1 5 14
123 80 122 287 140 252 192 263 184 2 239 11 139 237
1 5 15
81 286 238 141 96 44 184 233 107 138 151 125 50 93 35
1 5 13
42 123 278 128 85 82 202 195 142 206 209 268 230
1 8 8
249 153 253 88 210 105 202 72
1 18 3
274 77 18
1 7 10
215 135 3 2 263 248 150 153 133 271
1 5 13
246 77 60 14 176 161 81 5 243 222 224 180 102
1 28 2
294 35
1 11 6
261 285 102 44 251 66
1 5 15
110 7 157 52 291 191 188 168 255 25 68 8 163 236 297
1 6 11
118 203 273 178 74 81 56 27 169 47 26
1 20 3
21 22 130
1 14 4
51 210 228 192
1 5 11
272 48 241 18 14 102 84 52 24 226 230
1 7 10
230 153 43 213 220 141 298 156 103 55
1 11 6
108 13 104 203 79 270
1 5 15
219 96 293 230 271 291 91 36 192 88 234 50 160 77 185
1 5 11
46 124 74 248 236 64 6 106 245 295 296
1 10 7
223 75 13 99 147 139 153
1 6 13
293 45 238 166 164 250 173 190 16 269 228 195 273
1 9 8
130 214 108 0 230 182 44 264
1 5 14
24 271 273 218 167 46 290 90 111 41 15 297 222 76
1 7 10
142 86 280 293 171 131 212 25 289 239
1 6 12
106 140 82 100 155 219 39 185 33 287 14 44
1 5 14
36 171 274 205 158 3 207 196 299 188 118 20 261 265
1 9 7
288 149 148 52 41 154 163
1 17 3
290 220 214
1 14 4
291 28 125 274
1 6 11
133 130 298 77 82 14 123 51 109 199 190
1 5 13
266 298 161 59 164 84 167 122 241 186 234 236 61
1 11 6
177 226 95 212 228 256
1 7 10
119 246 279 270 132 83 117 269 237 128
1 9 8
169 168 112 120 117 182 299 160
1 5 10
252 209 165 176 140 8 51 291 207 21
1 11 6
141 239 75 162 135 249
1 16 4
180 246 253 14
1 9 7
105 287 289 227 32 207 272
1 6 10
66 123 91 57 107 243 213 31 133 7
1 10 6
106 188 227 126 196 157
1 9 8
217 295 156 15 276 221 254 196
1 9 8
127 253 50 225 115 107 61 171
1 16 2
100 134
1 15 4
224 108 164 245
1 9 6
154 129 89 268 263 1
1 8 9
156 281 92 5 32 227 236 199 168
1 9 8
117 297 298 65 220 54 13 198
1 16 4
152 163 136 28
1 8 9
102 29 56 290 190 215 270 42 13
1 5 15
176 4 259 254 127 269 264 65 185 247 75 289 209 55 246
1 11 6
274 209 29 285 288 234
1 9 7
90 165 271 242 113 114 106
1 6 10
129 23 236 224 24 184 17 203 146 99
1 5 14
25 286 103 121 188 169 133 247 198 119 283 116 209 147
1 7 8
274 73 159 118 47 245 133 221
1 5 14
10 292 29 90 96 257 16 11 0 85 233 215 30 210
1 22 2
31 103
1 19 3
278 194 299
1 9 6
19 88 87 57 265 23
1 5 14
83 288 155 182 89 139 286 2 134 85 226 132 54 193
1 6 12
188 89 15 63 228 219 20 274 202 252 189 297
1 5 15
120 134 198 70 51 205 201 275 63 264 168 199 262 124 174
1 11 7
261 95 188 246 96 296 15
1 14 4
87 22 281 3
1 14 5
129 172 237 61 88
1 5 15
259 80 140 169 124 46 0 38 264 23 174 95 241 261 138
1 5 13
149 107 12 95 298 217 35 146 242 207 128 223 90
1 22 3
264 1 105
1 23 3
56 169 133
1 17 2
197 183
1 8 9
204 176 197 63 65 142 276 34 134
1 7 9
231 145 73 246 21 41 141 257 215
1 15 4
69 120 67 15
1 5 14
139 127 152 7 276 163 29 30 15 247 129 78 267 160
1 9 5
277 289 111 222 176
1 5 14
119 78 294 163 277 115 52 134 169 30 25 221 226 206
1 6 12
231 148 211 145 109 195 137 280 234 269 155 36
1 5 13
221 102 285 140 105 23 125 74 170 79 204 85 157
1 9 6
213 119 90 52 185 126
1 6 11
106 171 161 266 178 294 262 285 291 145 71
1 10 7
50 282 298 293 290 194 30
1 9 8
2 269 188 237 186 149 52 105
1 9 7
17 159 224 160 223 189 142
1 16 4
190 37 44 43
1 20 3
204 18 66
1 30 2
115 272
1 5 15
180 114 10 219 269 24 41 136 95 38 155 143 157 264 67
1 7 10
56 142 282 105 223 4 194 70 109 115
1 7 10
45 170 230 76 116 50 137 6 117 141
1 7 10
28 81 15 72 97 287 105 195 266 122
1 7 10
181 157 278 107 279 272 284 123 214 99
1 17 4
130 278 145 142
1 7 10
124 38 153 190 269 2 122 158 218 188
1 14 4
228 256 112 294
1 24 3
161 204 283
1 15 5
65 13 264 227 33
1 5 14
255 284 35 244 144 291 215 230 47 94 231 171 127 99
1 6 10
224 73 288 16 19 146 118 5 227 268
1 8 9
69 142 2 62 116 126 184 273 169
1 24 3
158 262 174
1 5 12
299 43 46 6 296 256 258 24 210 173 167 59
1 15 4
287 45 159 35
1 10 7
9 145 94 195 130 109 70
1 8 8
98 6 170 104 237 120 90 189
1 9 8
208 87 125 29 131 110 127 148
1 7 10
21 247 88 29 42 251 288 68 58 198
1 8 8
191 176 150 114 263 24 97 292
1 17 3
258 244 273
1 11 5
187 28 197 175 173
1 5 14
240 140 205 299 38 167 156 295 180 122 288 9 234 273
1 9 8
149 43 235 297 96 265 47 202
1 9 8
278 26 218 65 154 298 238 294
1 8 10
240 121 243 169 42 35 5 84 4 168
1 7 8
147 277 188 28 56 259 186 173
1 5 13
275 157 73 111 187 284 36 121 12 0 102 52 278
1 29 2
200 207
1 5 15
249 206 92 53 39 238 30 281 61 32 265 196 299 70 9
1 5 15
243 34 138 246 238 38 51 82 178 6 84 128 206 39 101
1 6 11
199 147 21 84 150 247 108 56 125 136 235
1 6 12
31 141 231 91 77 95 235 205 289 103 116 68
1 27 2
230 85
1 5 14
216 173 72 263 214 64 39 172 129 28 81 271 154 33
1 7 9
275 132 123 99 289 162 242 228 103
1 5 15
16 43 54 277 225 207 140 103 26 15 79 24 96 170 210
1 24 3
41 166 35
1 5 14
88 91 290 197 257 274 267 247 204 73 104 202 14 48
1 7 11
202 102 267 129 42 171 262 40 212 233 199
1 16 4
194 116 72 288
1 9 6
40 127 165 16 160 94
1 9 8
38 238 155 71 40 231 219 95
1 21 3
77 256 102
1 18 4
241 80 208 38
1 11 5
141 105 144 182 38
1 9 7
180 33 181 234 285 136 2
1 9 8
242 107 66 231 135 196 185 171
1 8 8
224 69 157 113 168 139 50 14
1 17 3
243 161 79
1 17 4
244 97 130 154
1 5 13
100 144 232 16 212 228 192 266 260 227 140 269 234
1 20 2
159 14
1 6 12
224 223 163 52 151 248 152 54 26 59 280 204
1 11 6
190 189 109 17 166 147
1 30 2
178 47
1 6 12
231 226 9 223 64 4 57 0 66 39 202 41
1 12 6
242 15 233 260 152 178
1 6 12
34 96 123 43 151 278 130 107 191 288 88 213
1 9 8
82 63 279 66 28 151 136 15
1 14 5
134 39 257 148 231
1 11 5
160 215 145 44 112
1 6 12
157 65 295 196 290 94 259 114 14 210 293 235
1 5 14
207 117 174 11 114 203 73 167 134 273 162 137 294 129
1 15 5
82 54 100 249 136
1 8 8
36 192 288 255 92 233 62 177
1 7 10
118 271 193 94 204 142 266 228 30 21
1 5 13
65 191 2 69 150 254 148 123 247 203 273 7 171
1 6 12
262 254 221 65 215 86 62 15 229 246 41 139
1 5 13
263 42 97 287 283 88 171 154 159 1 7 74 288
1 16 3
192 149 151
1 5 10
263 70 25 92 76 12 183 42 248 222
1 10 6
12 282 36 196 294 99
1 18 4
120 29 271 221
1 12 5
101 138 43 185 244
1 11 6
64 258 36 153 257 295
1 24 3
160 283 95
1 5 15
250 272 206 52 295 38 54 248 94 133 65 44 280 152 261
1 8 9
239 209 139 83 110 133 21 132 35
1 8 8
291 235 157 189 119 215 56 89
1 4 15
184 185 279 276 88 287 199 11 77 206 69 251 50 190 192
1 6 13
108 77 59 91 258 15 150 96 135 225 45 28 98
1 6 11
117 149 125 0 137 221 259 280 296 45 184
1 4 15
171 83 119 12 138 18 106 253 25 149 228 256 282 187 73
1 15 4
55 232 67 260
1 26 2
53 190
1 8 9
293 173 18 294 77 65 2 1 257
1 19 3
204 197 172
1 14 4
210 57 40 222
1 8 9
126 238 15 231 253 114 219 134 133
1 17 4
267 262 234 6
1 20 3
224 117 288
1 4 14
274 179 52 97 223 236 41 126 231 105 183 253 147 296
1 7 10
154 217 241 262 230 156 224 126 55 133
1 18 3
39 177 92
1 23 3
77 85 80
1 5 11
252 195 210 35 52 256 67 139 111 205 1
1 21 3
79 175 37
1 13 6
85 15 142 288 44 281
1 9 8
11 18 181 259 132 204 268 275
1 7 10
167 154 75 239 243 275 42 241 19 10
1 5 13
240 164 206 218 282 288 162 65 130 36 165 202 92
1 16 4
31 267 284 70
1 13 2
286 222
1 12 5
20 14 53 244 91
1 20 3
175 218 49
1 5 13
251 150 120 70 56 16 206 139 209 173 171 225 127
1 6 9
267 199 298 22 228 281 188 233 244
1 6 10
283 298 156 154 31 141 17 126 127 49
1 9 7
91 35 154 111 39 88 26
1 22 2
86 220
1 5 13
287 214 278 114 277 128 109 186 219 131 163 54 87
1 8 9
157 169 191 98 154 109 73 220 163
1 5 14
239 101 2 141 296 0 20 153 154 69 206 169 159 23
1 6 12
162 35 282 262 68 245 80 143 87 79 137 94
1 11 6
18 146 136 261 190 268
1 24 2
263 202
1 4 15
99 234 260 288 221 267 257 114 212 42 215 44 118 244 292
1 6 9
87 73 6 140 60 279 48 154 27
1 34 2
208 157
1 18 3
270 40 76
1 23 3
191 104 168
1 5 15
23 107 199 116 274 216 66 15 20 204 267 137 210 212 256
1 15 4
11 175 216 289
1 5 9
46 291 127 100 276 98 114 280 58
1 6 12
197 114 47 137 65 109 80 3 86 212 236 84
1 6 12
220 35 205 186 135 194 245 112 222 97 61 103
1 6 12
24 254 261 159 281 162 284 164 156 132 138 186
1 11 6
80 220 188 2 90 291
1 6 11
19 190 174 34 281 69 199 95 299 49 32
1 34 2
223 148
1 6 11
102 107 194 266 239 101 257 39 112 275 72
1 18 3
268 31 58
1 14 5
34 32 26 100 106
1 6 11
200 100 129 253 277 17 233 98 230 121 115
1 9 8
290 41 186 277 4 115 24 107
1 8 9
51 218 29 264 154 150 247 116 163
1 5 14
167 166 63 274 80 232 192 145 71 154 101 205 48 221
1 9 7
126 4 75 161 273 131 239
1 4 11
107 94 201 222 244 186 108 46 75 298 22
1 11 7
299 221 262 233 113 293 159
1 23 3
38 48 164
1 20 3
261 93 197
1 8 9
283 143 153 106 221 144 65 79 89
1 6 10
97 244 287 87 260 71 25 111 286 106
1 9 7
148 136 236 180 144 35 119
1 7 11
175 53 52 49 32 158 131 62 164 124 132
1 6 11
44 272 107 135 36 289 18 180 247 208 102
1 5 14
298 25 115 176 221 135 219 119 40 77 255 166 85 144
1 6 12
179 22 261 297 169 157 129 283 40 160 85 144
1 8 8
128 160 3 251 288 237 242 222
1 8 9
179 22 168 80 193 97 284 85 123
1 6 4
244 221 90 183
1 7 10
81 70 18 87 258 143 184 166 71 238
1 10 7
168 126 86 257 45 62 211
1 5 15
272 162 190 125 64 169 108 98 137 107 280 240 122 274 255
1 6 12
204 228 271 281 212 167 130 200 109 173 132 12
1 5 10
232 84 59 207 33 220 8 52 91 71
1 8 9
279 182 188 116 0 173 9 50 143
1 5 14
200 45 113 249 296 53 97 83 135 96 227 189 177 244
1 13 5
114 299 294 148 178
1 12 3
241 71 233
1 6 11
261 139 81 95 161 186 267 138 283 235 151
1 5 9
36 274 143 114 91 167 76 218 259
1 12 5
116 57 150 241 58
1 13 5
227 95 206 289 144
1 7 11
262 175 250 6 155 293 137 156 132 84 235
1 26 2
82 213
1 7 10
251 198 188 233 259 195 109 265 295 58
1 7 10
38 215 133 110 21 276 201 180 111 131
1 13 5
42 208 248 220 129
1 8 7
183 146 199 154 84 115 205
1 14 4
229 1 87 74
1 5 14
208 123 52 237 254 153 214 67 230 273 132 56 75 100
1 8 8
189 268 73 209 282 211 126 130
1 9 7
42 113 31 270 48 149 165
1 6 12
32 127 107 144 238 55 46 66 96 80 228 174
1 23 3
13 125 288
1 5 15
198 28 67 135 291 298 112 160 31 17 207 71 77 84 194
1 5 15
51 56 65 115 14 112 23 72 290 62 238 203 279 297 80
1 6 11
77 60 262 34 161 0 66 130 25 228 171
1 5 15
299 72 252 86 140 184 269 251 104 109 1 224 282 270 50
1 6 10
197 86 3 266 296 29 151 89 56 233
1 8 9
283 267 40 140 262 271 88 71 178
1 5 11
184 206 180 203 297 215 69 207 45 231 276
1 5 15
159 121 184 271 182 62 92 237 1 197 190 30 169 26 6
1 6 11
109 89 47 226 165 205 266 86 248 148 241
1 6 12
91 274 281 159 169 73 200 220 83 277 31 22
1 5 14
154 113 79 171 40 164 41 237 195 173 9 219 51 114
1 22 3
125 188 29
1 9 8
55 250 239 231 283 107 177 63
1 11 5
11 274 37 121 158
1 5 14
53 203 131 138 185 231 218 254 235 142 182 72 129 76
1 8 8
17 136 247 223 133 80 245 127
1 6 10
232 296 20 205 91 98 217 228 86 70
1 8 8
118 222 290 191 39 35 190 53
1 4 15
70 69 146 296 256 220 235 43 50 259 53 107 225 255 125
1 6 12
219 9 235 71 3 177 262 17 11 178 8 194
1 6 11
20 196 183 172 184 202 138 175 192 91 291
1 4 15
26 199 211 78 194 77 115 151 44 191 126 124 231 251 233
1 5 12
296 294 98 138 60 217 287 25 31 115 244 73
1 9 7
136 215 216 192 229 299 169
1 6 10
112 115 285 256 258 94 103 145 189 222
1 40 2
4 135
1 11 6
263 100 10 115 242 8
1 4 13
286 162 272 88 123 104 111 51 233 91 30 242 297
1 5 10
11 23 220 196 127 250 254 260 297 133
1 5 13
279 184 122 178 248 187 280 86 171 9 82 94 271
1 8 9
133 65 28 103 51 235 110 71 74
1 6 12
246 191 32 250 275 62 222 276 293 36 277 146
1 6 13
184 117 95 281 112 13 7 241 180 260 299 213 166
1 9 8
103 271 160 163 147 237 1 108
1 5 14
191 34 172 68 2 40 291 151 250 85 89 49 14 23
1 6 13
136 259 108 215 15 80 94 231 282 38 261 202 170
1 7 10
215 114 266 3 141 29 131 293 168 241
1 6 12
262 239 228 212 143 137 295 246 121 110 273 253
1 4 15
71 251 252 88 269 93 102 157 124 96 11 70 46 118 256
1 13 5
178 67 132 131 260
1 6 11
25 67 87 242 49 97 267 155 145 34 176
1 15 4
285 215 253 24
1 6 11
68 230 25 240 247 264 81 118 241 277 24
1 25 2
294 278
1 8 7
91 281 109 126 131 295 116
1 9 8
94 238 134 257 81 119 107 271
1 10 5
215 273 277 232 270
1 8 9
101 290 225 291 212 276 62 227 226
1 5 14
31 298 24 1 99 224 87 64 8 210 135 129 38 183
1 5 15
283 171 36 235 292 45 254 11 273 223 193 289 58 53 137
1 10 6
221 266 117 149 98 171
1 10 6
123 296 20 256 51 207
1 9 7
236 62 19 149 182 74 192
1 5 15
20 151 264 1 173 100 34 176 296 67 166 188 142 289 217
1 7 9
186 44 232 283 40 281 147 215 213
1 5 14
282 226 197 217 250 125 189 230 269 113 285 94 187 24
1 14 3
250 167 106
1 14 4
277 8 193 167
1 8 5
245 88 76 147 138
1 11 7
250 131 37 100 229 110 4
1 7 10
262 68 160 14 43 125 223 132 80 26
1 9 8
261 130 11 222 87 256 117 271
1 9 8
25 168 14 201 217 79 261 100
1 8 8
282 126 267 157 36 255 298 253
1 5 13
209 51 94 12 116 282 120 205 160 19 29 178 149
1 8 7
40 47 78 161 248 103 12
1 6 11
267 180 10 6 149 289 170 278 242 239 97
1 5 13
181 19 240 159 243 259 58 196 215 206 201 91 134
1 5 15
62 68 109 73 137 162 45 165 148 257 213 58 267 225 143
1 7 8
45 152 31 221 245 182 11 56
1 8 8
172 92 192 16 261 228 250 17
1 15 3
273 182 14
1 14 5
54 168 126 91 296
1 26 2
212 128
1 12 6
154 262 253 34 188 157
1 4 14
196 226 278 265 108 186 183 14 60 142 35 164 7 224
1 6 11
230 299 121 179 127 204 136 69 280 82 8
1 6 12
99 198 18 230 85 3 62 80 287 52 9 24
1 5 12
219 299 45 26 266 227 244 39 206 114 209 181
1 5 15
287 218 278 249 291 259 272 81 24 243 94 15 30 137 142
1 22 3
199 286 284
1 5 13
232 153 128 59 28 81 273 50 286 202 195 162 267
1 4 15
37 201 133 188 31 140 92 299 115 146 58 187 16 166 223
1 23 2
121 107
1 5 13
100 263 82 149 34 75 182 38 229 276 8 237 150
1 16 4
144 105 285 231
1 5 13
69 194 164 33 57 280 51 119 32 253 79 65 208
1 5 12
187 117 129 125 64 206 80 35 103 193 189 118
1 6 11
92 154 148 76 19 82 296 192 33 176 181
1 5 15
228 139 0 168 152 40 95 110 94 92 125 140 171 236 61
1 5 11
211 171 36 253 154 137 213 189 74 241 260
1 5 12
227 41 147 60 202 92 187 87 299 71 286 125
1 5 14
50 51 105 170 154 103 61 297 123 265 197 284 153 1
1 10 5
114 58 263 41 144
1 8 9
20 21 119 130 226 5 187 203 142
1 17 3
145 60 226
1 19 3
254 165 175
1 6 11
55 94 100 212 46 121 107 203 260 125 256
1 6 12
276 89 298 282 178 22 73 135 205 71 271 179
1 5 14
279 237 48 126 215 153 95 72 4 268 206 32 65 289
1 7 9
120 74 173 164 137 165 112 232 295
1 12 5
164 119 229 176 136
1 5 15
107 67 1 250 9 39 179 56 217 180 271 45 41 77 118
1 4 12
161 213 153 111 215 222 144 205 207 3 192 278
1 20 3
151 97 220
1 7 11
157 202 273 246 75 61 41 100 79 37 132
1 12 4
187 145 289 147
1 9 8
90 122 230 168 296 265 62 54
1 9 7
233 250 155 51 134 69 129
1 5 10
242 30 252 170 280 36 33 167 194 279
1 25 2
40 248
1 5 13
257 180 7 280 216 279 260 217 224 146 60 132 72
1 5 15
296 280 13 277 299 223 132 208 195 62 291 51 53 11 125
1 8 9
49 15 141 37 47 110 135 94 107
1 22 3
196 85 8
1 20 3
216 164 199
1 8 7
126 103 289 208 145 92 295
1 6 12
106 0 258 1 94 189 14 271 171 24 175 125
1 5 15
31 47 272 235 222 148 186 219 130 238 278 60 179 27 97
1 6 12
110 203 216 104 183 76 188 71 101 165 171 217
1 5 14
25 259 180 3 51 128 137 83 38 201 165 163 168 288
1 4 14
152 192 104 206 59 188 105 8 212 120 234 141 75 118
1 7 10
283 289 56 232 72 198 65 87 78 27
1 25 2
135 108
1 7 10
177 228 238 207 32 54 171 4 297 100
1 8 9
5 64 58 208 67 53 154 166 22
1 11 5
162 88 270 165 205
1 7 11
73 15 75 144 77 168 169 244 94 149 170
1 28 2
245 148
1 6 11
7 292 33 98 212 110 194 215 150 30 170
1 39 2
85 4
1 5 12
255 83 93 176 25 120 97 279 267 73 234 16
1 5 14
298 145 232 170 118 30 58 266 171 200 226 216 195 105
1 10 4
28 156 245 289
1 8 7
89 17 128 52 266 57 247
1 20 3
173 26 162
1 15 4
102 263 189 80
1 6 11
200 165 153 115 258 95 71 52 96 80 131
1 7 9
248 21 140 7 71 233 136 55 143
1 6 12
35 140 236 136 174 23 199 246 75 200 207 105
1 6 12
10 152 85 206 32 237 128 211 98 259 167 74
1 8 10
272 184 182 5 95 62 200 135 286 214
1 28 2
235 72
1 11 5
19 67 291 98 99
1 10 7
55 233 291 57 85 47 18
1 32 2
168 80
1 6 11
190 109 47 174 249 197 19 43 254 267 226
1 7 10
176 38 125 197 239 269 291 120 259 258
1 13 2
183 141
1 29 2
37 151
1 4 14
147 40 223 75 158 296 64 31 34 150 278 140 186 57
1 6 11
234 91 203 113 78 197 228 148 138 258 109
1 10 7
158 150 1 256 258 159 257
1 14 3
153 195 268
1 8 9
4 104 154 36 217 120 143 51 236
1 7 11
41 244 47 85 98 200 275 180 118 9 212
1 5 14
2 192 231 82 153 21 218 156 278 241 147 68 206 97
1 8 9
116 185 62 42 279 54 139 152 43
1 5 14
71 137 247 96 208 263 99 221 188 260 93 271 299 256
1 9 8
99 202 250 293 173 49 153 53
1 7 11
63 96 197 140 196 24 55 299 57 110 283
1 27 2
296 140
1 7 11
176 4 121 137 93 150 32 217 233 60 193
1 6 12
77 250 17 164 21 197 214 88 264 6 118 13
1 7 5
144 56 124 265 167
1 6 13
251 198 294 3 42 239 238 11 73 91 145 216 224
1 12 5
126 145 240 132 121
1 6 11
273 256 126 295 291 266 156 122 239 220 124
1 11 6
84 188 81 258 245 224
1 12 5
139 206 23 33 63
1 5 15
1 195 185 97 6 106 72 292 98 135 191 190 151 285 139
1 5 13
76 4 199 124 140 189 191 2 179 258 286 101 180
1 4 15
209 215 152 286 22 250 274 287 99 233 38 69 150 182 247
1 4 13
228 56 101 212 47 52 68 87 277 0 79 113 192
1 24 3
237 27 285
1 8 8
139 255 290 178 35 14 76 271
1 7 10
290 59 66 18 239 154 273 13 223 30
1 11 5
248 219 167 174 172
1 25 2
208 99
1 8 9
85 238 27 95 77 170 283 169 41
1 34 2
4 119
1 6 13
270 202 8 123 50 110 94 173 124 68 93 188 279
1 12 6
135 120 162 33 7 76
1 5 14
106 296 166 299 187 180 132 193 259 55 149 46 194 50
1 34 2
5 268
1 5 13
32 23 138 218 26 95 165 33 36 180 284 285 272
1 17 3
75 113 63
1 18 4
103 168 110 227
1 12 5
215 276 182 92 246
1 4 15
152 205 58 122 65 197 180 67 276 265 268 216 68 16 23
1 13 5
104 26 246 0 229
1 5 11
223 88 76 81 242 232 11 86 27 270 98
1 18 3
91 87 212
1 6 9
291 289 165 107 242 103 227 115 77
1 9 3
91 78 59
1 8 9
187 245 284 224 217 22 100 260 198
1 10 7
5 128 18 276 168 257 258
1 5 14
95 68 116 30 199 81 242 297 39 275 85 264 54 294
1 5 14
48 293 46 263 116 290 107 291 20 165 223 184 179 15
1 5 14
225 201 121 205 32 289 241 189 270 87 96 9 131 171
1 7 8
294 195 296 199 249 180 183 133
1 11 6
81 84 283 131 229 280
1 5 14
147 216 130 281 292 254 38 244 78 86 253 275 206 171
1 6 8
121 298 108 156 260 153 66 290
1 5 13
73 267 265 143 100 284 252 299 278 241 2 182 206
1 6 12
86 233 187 148 246 101 63 48 196 161 25 171
1 6 12
0 115 32 179 125 90 239 182 142 38 262 85
1 6 12
20 202 233 139 250 33 163 279 9 277 71 53
k 20
