300 1500 465
11 31 24 23 34 17 21 11 26 18 26 23 14 12 29 14 17 32 17 13 26 25 38 25 37 25 20 23 21 27 30 21 18 34 31 29 26 18 37 24 32 23 13 30 13 21 12 32 36 17 19 31 27 25 22 14 16 30 34 19 39 32 27 31 29 13 12 11 30 12 24 33 11 34 19 27 13 37 40 15 16 19 13 20 27 34 16 29 14 14 30 27 32 13 21 18 33 32 13 18 26 29 17 15 32 34 39 33 29 32 11 13 26 30 25 27 32 31 25 36 38 22 23 23 20 25 22 40 13 25 29 39 39 30 27 16 14 18 32 36 36 16 39 22 12 18 22 20 22 14 14 38 28 27 24 35 39 15 20 19 26 16 31 31 26 29 34 13 31 29 25 40 11 15 32 24 29 13 14 35 27 22 30 34 26 21 27 34 24 38 17 31 28 28 19 38 15 37 21 21 15 12 22 32 29 26 39 14 14 26 21 24 35 31 13 32 14 13 18 19 20 33 30 21 11 29 16 13 36 27 21 15 28 19 29 12 20 28 17 37 28 32 19 31 35 22 38 20 12 40 12 12 13 20 16 21 29 38 31 12 22 19 19 34 29 37 25 24 24 40 37 37 28 32 17 16 19 28 34 30 24 19 11 34 21 13 34 21 32 14 12 30 14 37 12 37 34 33 27 24
1 21 14 13 24 7 11 1 16 8 16 13 4 2 19 4 7 22 7 3 16 15 28 15 27 15 10 13 11 17 20 11 8 24 21 19 16 8 27 14 22 13 3 20 3 11 2 22 26 7 9 21 17 15 12 4 6 20 24 9 29 22 17 21 19 3 2 1 20 2 14 23 1 24 9 17 3 27 30 5 6 9 3 10 17 24 6 19 4 4 20 17 22 3 11 8 23 22 3 8 16 19 7 5 22 24 29 23 19 22 1 3 16 20 15 17 22 21 15 26 28 12 13 13 10 15 12 30 3 15 19 29 29 20 17 6 4 8 22 26 26 6 29 12 2 8 12 10 12 4 4 28 18 17 14 25 29 5 10 9 16 6 21 21 16 19 24 3 21 19 15 30 1 5 22 14 19 3 4 25 17 12 20 24 16 11 17 24 14 28 7 21 18 18 9 28 5 27 11 11 5 2 12 22 19 16 29 4 4 16 11 14 25 21 3 22 4 3 8 9 10 23 20 11 1 19 6 3 26 17 11 5 18 9 19 2 10 18 7 27 18 22 9 21 25 12 28 10 2 30 2 2 3 10 6 11 19 28 21 2 12 9 9 24 19 27 15 14 14 30 27 27 18 22 7 6 9 18 24 20 14 9 1 24 11 3 24 11 22 4 2 20 4 27 2 27 24 23 17 14
2 27 4
171 249 101 243
2 13 6
187 9 11 86 238 27
2 21 3
242 43 196
1 16 3
35 255 76
2 17 3
99 144 31
1 19 2
281 253
1 25 2
260 256
1 13 5
146 78 176 150 65
1 12 3
173 94 55
4 22 6
274 174 231 77 89 97
1 23 3
76 249 225
2 15 6
0 234 183 129 261 272
1 17 3
80 59 97
1 9 6
24 158 81 242 276 262
2 15 4
226 196 227 213
2 17 5
281 26 60 57 238
1 10 5
177 245 211 184 144
1 12 5
237 213 162 235 84
1 33 2
203 187
1 19 2
290 100
1 13 2
173 46
4 21 6
175 287 237 100 99 29
1 17 3
71 5 147
2 15 6
90 288 92 170 128 272
1 16 4
108 7 48 100
3 17 6
229 275 163 284 99 277
1 27 2
203 41
3 18 6
274 24 218 285 254 271
1 36 2
58 120
2 23 3
296 5 99
3 14 5
98 135 144 90 292
2 15 6
293 49 80 184 193 45
1 15 2
289 86
1 23 3
156 273 185
2 15 6
265 267 18 112 117 41
1 20 2
172 279
1 30 2
163 264
1 13 2
207 44
1 10 6
46 163 288 74 121 68
1 23 3
191 187 24
3 19 5
126 195 39 292 72
2 21 4
39 71 237 141
1 28 2
43 229
3 23 5
165 62 130 166 194
1 15 3
55 290 213
1 21 2
115 79
2 18 3
86 298 72
2 19 5
244 113 90 286 234
2 17 5
141 98 8 189 28
1 12 6
73 152 105 142 272 117
2 16 5
30 219 186 160 205
1 19 4
257 60 184 22
3 15 5
233 217 64 42 178
1 18 2
294 170
1 12 6
59 110 201 54 78 92
1 20 2
159 284
1 20 2
74 260
2 20 5
105 84 221 88 239
1 16 4
77 115 279 64
1 22 2
42 116
3 19 5
297 275 115 230 274
1 13 6
249 299 40 131 215 167
2 18 4
188 111 68 81
1 18 2
128 41
1 26 2
242 105
1 12 4
147 222 216 16
1 14 5
3 182 55 107 293
3 19 6
155 299 211 81 134 237
1 35 2
92 206
2 24 4
273 243 1 140
1 21 2
289 272
2 20 4
34 285 21 2
2 19 5
291 241 14 147 4
2 20 5
51 286 22 209 205
2 13 6
262 88 292 85 20 284
2 13 4
172 276 253 15
1 14 4
220 87 182 53
1 7 6
167 0 141 45 250 199
3 16 6
184 233 236 8 262 192
2 24 4
142 51 153 16
2 13 6
108 227 154 110 190 25
2 21 3
160 29 7
4 22 6
70 8 86 221 188 234
1 13 4
90 211 123 248
3 22 5
118 246 207 221 250
1 33 2
61 85
1 9 4
56 289 46 45
1 11 6
87 95 42 269 12 292
1 34 2
263 105
1 24 2
208 155
1 32 2
152 265
1 13 4
266 223 54 193
1 30 2
100 33
1 22 2
245 202
2 16 5
291 23 145 230 232
1 30 2
293 211
1 18 3
120 56 216
2 10 6
214 111 266 88 41 150
2 19 3
259 272 102
1 14 3
199 223 59
2 23 4
68 271 135 240
1 32 2
193 228
1 16 2
150 218
1 14 4
90 202 264 14
1 13 5
47 58 181 1 0
1 20 3
211 284 120
1 24 2
27 25
1 11 6
182 267 253 139 82 238
1 11 3
93 231 242
4 19 6
203 298 19 262 125 69
2 28 3
90 249 226
3 20 5
211 111 118 292 189
1 17 3
98 36 153
3 20 5
68 91 94 8 253
1 19 2
245 238
1 33 2
22 101
1 10 5
220 148 182 211 99
3 20 6
166 105 287 47 129 5
1 16 3
177 70 118
2 15 5
219 65 136 162 266
1 31 2
170 246
1 14 4
129 34 81 147
1 10 5
49 31 81 148 204
3 20 5
45 191 276 266 229
2 29 3
187 142 292
4 23 6
133 217 234 183 288 216
3 21 6
205 26 288 283 275 195
1 15 3
59 202 114
3 19 6
122 15 218 77 254 249
2 20 5
73 295 128 34 259
3 23 5
206 87 12 199 222
1 12 4
0 210 130 294
1 16 4
10 245 195 164
1 10 4
252 27 5 55
1 32 2
21 206
3 20 6
264 142 247 186 115 173
3 21 5
134 182 218 278 7
1 12 3
287 226 16
1 14 5
257 102 58 64 112
2 21 4
122 138 35 181
2 24 4
119 54 92 264
1 28 2
120 159
1 21 2
288 67
1 28 2
195 99
1 27 2
263 185
1 16 4
92 31 57 183
3 22 6
106 30 61 138 227 107
1 30 2
166 160
4 25 6
107 40 27 250 77 91
1 33 2
92 85
2 13 5
41 98 287 122 80
1 15 4
28 19 152 203
1 22 2
205 242
1 15 5
23 60 158 172 295
1 9 4
248 217 3 250
1 10 6
62 282 291 34 25 146
1 14 5
296 53 32 270 236
1 9 6
13 35 262 143 113 86
1 33 2
225 246
2 17 6
112 133 260 161 293 271
1 14 4
255 48 190 245
1 20 2
280 141
1 24 2
192 158
1 13 5
144 107 73 93 216
1 17 2
262 196
2 23 3
248 94 195
1 13 4
10 226 165 53
2 19 4
194 61 6 23
1 22 3
29 197 291
1 23 3
182 269 219
1 26 2
37 283
1 19 2
93 8
2 14 6
44 223 204 51 164 200
1 29 2
279 101
1 17 4
174 223 140 7
2 17 6
180 85 125 206 15 92
1 10 6
252 72 53 0 43 61
2 21 5
228 185 282 60 61
2 16 4
21 82 252 298
3 18 5
283 226 264 144 178
1 12 2
172 167
1 22 2
165 200
2 19 4
164 36 205 181
1 21 3
139 201 152
1 22 3
91 218 206
2 22 4
217 105 38 159
2 23 3
146 138 196
1 14 4
147 109 39 82
2 30 3
298 263 57
2 30 3
270 280 130
2 17 4
139 224 122 46
2 13 6
111 260 150 197 274 6
2 12 5
19 2 7 292 146
2 11 5
192 178 208 13 102
1 14 4
236 103 24 81
1 21 2
185 198
2 14 5
245 268 248 75 144
1 25 2
266 205
2 23 4
156 228 253 95
1 11 2
67 235
1 11 6
221 138 222 228 82 76
1 28 2
125 117
1 16 4
264 211 288 85
2 24 4
29 182 256 120
2 14 6
112 81 125 177 18 33
1 15 4
23 195 11 210
2 13 3
136 224 196
3 18 6
77 125 200 35 167 260
1 22 2
138 76
2 29 3
206 163 159
1 20 3
148 116 14
2 19 3
266 18 238
1 19 2
252 23
1 20 2
2 190
4 24 6
93 90 189 228 161 184
1 23 2
23 284
1 27 2
266 68
1 23 2
213 103
2 21 4
252 52 133 87
1 30 2
283 100
2 19 4
64 191 32 224
1 26 2
298 160
2 19 5
271 220 1 101 7
2 14 6
268 273 188 123 299 14
1 26 2
176 268
1 33 2
120 130
1 8 5
294 219 149 289 266
2 25 4
48 93 96 297
1 23 3
189 51 35
2 16 6
120 273 168 135 289 242
1 21 2
266 137
1 20 3
298 283 216
1 16 4
201 118 60 2
3 25 5
275 278 58 138 170
4 23 6
215 64 15 221 241 216
1 30 2
41 257
2 19 4
234 296 290 208
2 18 5
167 3 204 44 127
1 17 4
103 195 15 107
2 20 3
8 199 208
2 18 5
189 68 205 124 100
2 21 5
171 35 65 44 48
1 10 4
112 289 18 216
1 19 3
284 140 230
2 15 3
16 42 161
1 15 4
87 45 292 138
1 14 4
6 102 7 271
2 31 3
122 96 293
1 21 2
29 196
1 27 2
114 182
1 11 6
249 201 29 291 87 231
1 16 3
16 72 71
1 29 2
283 125
1 14 5
97 15 138 93 60
1 23 2
138 216
1 10 3
12 69 161
1 19 3
182 125 64
1 20 2
201 277
3 17 6
218 149 151 202 159 23
4 24 6
47 237 294 184 203 36
4 19 6
210 228 66 67 17 88
1 12 6
219 115 239 172 48 194
1 14 2
0 238
2 19 4
43 216 230 232
4 24 6
214 244 10 87 2 96
3 17 6
34 130 224 16 49 176
2 17 4
241 262 102 80
1 19 2
229 67
1 12 5
90 94 225 2 166
1 26 2
278 219
4 16 6
150 232 144 129 214 74
2 21 5
124 246 22 42 68
2 17 4
82 290 195 99
2 24 4
77 97 282 133
1 15 4
171 28 26 274
3 21 5
117 243 188 202 141
2 15 5
19 8 109 81 66
1 16 4
231 58 273 98
2 15 6
105 281 268 125 117 3
1 21 3
286 113 27
1 15 4
14 149 281 96
3 23 5
174 184 286 209 251
1 30 2
288 240
1 15 4
57 44 215 178
1 11 6
167 262 228 288 53 154
1 26 2
6 288
2 18 5
134 277 27 291 85
1 17 3
229 294 100
2 17 5
117 122 229 199 213
2 26 3
25 240 118
1 14 5
21 171 136 23 34
1 24 3
4 171 290
2 26 3
223 112 97
1 11 5
111 258 161 112 31
3 12 6
287 99 284 141 173 248
1 12 5
290 10 263 255 231
1 23 2
155 13
2 22 3
135 156 67
1 19 3
86 47 160
3 22 6
177 133 75 120 278 183
2 17 3
245 15 79
3 21 5
237 113 136 223 35
1 16 2
136 50
1 18 2
39 44
1 26 2
181 291
1 19 3
41 64 101
1 24 3
190 106 105
3 19 5
167 292 132 276 129
1 14 4
58 2 11 136
1 16 2
281 15
2 18 4
86 32 123 163
1 21 2
70 32
1 30 2
175 271
1 18 3
133 118 20
2 17 6
223 271 160 93 246 237
1 29 2
187 170
2 23 3
102 41 279
2 13 4
207 15 81 121
1 11 6
36 109 89 195 84 7
1 14 3
218 268 16
1 22 2
168 15
1 22 3
283 219 166
1 17 3
116 59 66
1 32 2
119 64
1 23 3
124 269 162
1 25 3
293 22 287
1 25 2
58 86
1 11 6
148 8 203 16 153 24
2 24 4
235 96 278 30
2 23 3
153 113 178
2 14 6
28 280 291 133 7 108
1 31 2
108 166
1 12 5
11 191 213 61 20
3 21 6
149 221 98 234 171 21
2 24 4
275 106 32 127
1 33 2
296 104
1 11 4
129 94 199 6
2 21 3
222 252 158
2 16 5
53 13 110 153 264
2 15 4
144 251 43 198
4 25 6
210 246 192 271 292 20
1 15 5
210 78 175 227 265
1 32 2
84 38
1 25 2
49 4
1 12 6
45 232 166 35 67 78
1 15 4
120 148 220 39
1 27 2
179 281
2 25 3
89 268 295
1 25 3
249 178 197
1 15 4
73 266 100 227
1 22 3
130 285 38
2 18 5
282 183 254 38 284
4 19 6
99 67 254 229 184 61
1 22 2
158 21
2 17 6
130 151 60 126 160 64
2 27 3
64 135 295
2 21 4
40 141 95 105
1 16 2
226 190
1 21 2
274 10
1 17 4
251 297 207 140
4 22 6
242 202 73 48 103 45
1 19 2
236 159
1 8 6
281 221 72 93 83 55
2 18 4
137 236 268 204
2 27 3
296 211 27
3 22 5
59 166 183 268 69
2 19 5
160 195 75 150 213
2 21 5
241 83 187 155 206
2 23 3
216 203 41
4 19 6
30 74 153 210 143 274
3 17 6
207 279 190 234 172 180
1 24 2
199 115
1 12 6
271 82 293 43 62 66
1 26 2
6 273
1 24 2
122 209
1 20 3
130 242 288
1 16 2
82 59
1 33 2
257 225
1 21 2
234 111
1 14 4
236 246 223 248
1 15 4
150 256 88 213
1 18 2
32 59
4 21 6
43 99 92 148 231 130
2 17 6
12 161 85 51 171 196
1 12 6
242 169 185 195 50 33
3 21 6
14 200 87 195 85 261
1 25 2
106 7
2 22 4
117 147 197 292
1 17 4
126 142 219 35
1 33 2
186 142
2 19 3
149 144 191
4 26 6
210 107 150 116 61 151
4 25 6
132 280 189 42 200 120
2 13 6
219 164 56 115 160 173
4 21 6
155 144 129 121 190 84
4 24 6
98 108 296 219 271 234
2 18 4
299 87 210 76
2 22 4
243 118 205 58
2 17 4
183 290 185 111
2 20 4
11 143 158 24
3 24 5
62 164 38 47 150
2 14 6
298 181 162 13 63 126
1 18 4
29 256 105 60
2 21 4
68 102 57 211
2 14 5
178 157 232 29 159
1 16 2
208 281
2 17 5
59 215 31 82 47
2 22 4
151 198 115 112
2 21 4
222 75 20 29
3 18 6
276 19 235 209 269 154
1 12 6
155 150 260 293 110 190
3 21 6
203 137 84 286 150 283
2 19 4
117 281 110 130
1 22 2
172 107
1 20 2
136 8
2 22 3
298 282 182
1 26 2
222 121
1 25 3
37 206 22
1 25 2
28 113
1 17 2
27 251
1 25 2
164 211
1 27 2
288 202
1 35 2
271 107
1 12 6
269 200 62 15 174 168
1 10 4
12 214 86 153
1 18 4
239 28 182 24
1 19 3
122 155 226
1 26 2
194 166
2 15 5
2 210 205 198 266
1 15 4
71 98 152 143
3 15 5
31 235 247 59 254
2 17 4
23 5 25 94
1 14 5
84 296 280 197 72
1 18 3
146 1 175
1 11 5
44 20 177 100 221
1 10 6
9 203 144 213 164 64
1 11 4
226 247 160 281
3 21 6
261 130 193 47 273 221
1 14 4
238 258 52 290
1 10 5
277 9 160 177 164
2 16 6
165 179 15 256 295 248
1 13 4
27 158 70 193
2 19 5
47 226 267 106 42
1 17 3
97 150 287
2 19 4
27 255 34 245
2 14 6
287 46 210 163 273 21
2 23 4
183 44 240 1
2 12 3
290 285 172
1 12 5
296 31 76 254 229
1 8 6
27 31 224 123 177 152
2 19 3
268 44 223
1 17 2
46 3
1 23 2
215 103
2 13 6
110 256 214 199 252 191
2 24 3
53 104 231
2 20 5
256 94 202 271 244
4 25 6
239 215 208 101 155 145
2 27 3
232 8 180
3 17 6
234 38 252 98 52 294
3 17 6
162 59 202 99 26 182
1 10 6
109 65 275 121 170 222
1 15 2
95 66
1 32 2
105 30
2 22 4
0 29 115 179
1 17 3
26 225 267
2 23 4
100 271 93 130
3 21 6
188 30 280 265 249 70
1 16 2
95 89
1 17 4
297 212 243 91
2 20 4
121 134 266 108
2 16 5
204 61 12 245 250
2 17 5
282 185 195 20 98
1 11 3
227 167 28
2 23 4
192 58 31 90
3 17 5
281 101 207 255 159
1 10 4
91 216 44 161
3 18 5
214 233 247 84 39
1 21 2
234 82
1 11 5
213 153 210 18 275
1 14 5
251 156 63 56 58
2 26 3
13 131 234
2 21 4
299 123 294 189
2 22 5
142 186 179 263 269
2 21 3
53 115 294
2 13 6
113 294 281 207 85 103
1 14 2
200 65
2 15 5
1 252 274 196 43
1 24 2
138 141
2 21 3
220 243 207
1 11 5
136 120 247 210 95
1 28 2
18 171
1 13 2
289 76
3 23 5
11 10 204 286 35
3 16 6
126 199 53 180 25 123
1 19 3
292 50 127
2 15 6
72 35 57 282 159 187
1 14 4
117 217 196 229
2 17 6
182 282 295 193 155 31
1 25 2
297 99
1 26 2
121 43
1 15 5
60 211 239 112 238
1 14 5
193 33 78 42 292
3 20 6
35 262 7 120 217 270
4 19 6
280 218 88 208 84 168
1 9 6
42 252 95 147 66 38
1 29 2
164 40
1 15 4
104 167 232 250
1 24 2
59 133
2 14 5
37 5 124 1 41
2 18 4
8 236 14 207
2 19 3
65 256 161
1 18 4
76 188 120 105
2 17 6
88 232 241 270 179 15
2 24 4
110 87 179 104
1 12 4
182 216 226 37
1 10 4
72 66 226 164
3 18 6
146 205 90 21 176 202
1 14 5
49 170 115 286 293
1 28 2
258 36
1 13 4
181 174 9 252
2 20 5
75 43 187 178 239
1 12 4
9 67 210 277
1 32 2
21 78
2 14 5
181 236 81 113 218
2 15 5
67 209 230 72 243
2 24 4
195 180 61 108
1 11 5
37 175 117 75 54
1 11 6
50 166 205 255 58 272
2 16 6
72 188 74 47 171 88
1 12 5
214 64 40 123 62
1 25 3
295 98 131
1 21 2
21 37
1 20 2
251 192
1 30 2
265 39
1 25 2
240 3
2 15 6
276 296 121 264 165 102
1 23 2
268 123
1 21 3
296 80 63
4 17 6
173 19 61 92 7 144
2 16 5
253 57 138 124 86
2 18 3
160 149 292
1 11 6
202 99 250 117 245 106
1 9 6
37 182 64 149 231 80
3 24 5
106 223 206 13 21
2 17 5
248 260 33 204 274
1 16 3
122 100 69
1 14 5
221 85 16 285 206
3 21 5
276 288 0 256 266
1 30 2
115 221
1 33 2
271 176
1 15 4
211 213 215 272
1 19 2
275 3
1 14 5
58 290 180 212 120
1 14 2
89 231
1 23 3
85 125 271
3 18 6
54 295 44 274 258 9
1 17 4
295 297 69 277
2 32 3
187 77 170
1 24 2
35 219
3 24 5
171 172 92 209 39
2 20 5
283 187 266 104 128
1 27 2
266 133
1 12 5
34 260 117 15 200
3 21 5
50 210 264 105 223
2 23 4
108 270 186 118
1 13 5
120 95 79 237 144
1 20 3
259 151 146
2 27 3
141 101 77
2 21 4
283 41 30 15
1 19 2
217 118
1 31 2
164 139
1 19 2
118 42
2 17 6
265 238 108 5 156 146
1 11 5
277 173 18 226 192
3 22 5
29 290 279 92 266
1 16 2
46 158
1 25 2
209 175
2 23 3
163 8 19
1 11 4
37 36 18 144
1 20 3
117 63 88
1 15 3
208 198 154
3 22 5
108 125 171 83 177
1 27 2
142 86
1 15 4
263 13 190 152
1 33 2
165 293
4 26 6
71 182 269 286 217 245
2 27 3
18 271 232
1 18 3
59 125 43
2 20 3
14 28 110
1 12 5
279 220 54 255 43
3 26 5
47 295 293 84 219
1 12 5
180 35 63 84 83
2 30 3
266 85 241
1 10 6
258 57 8 56 27 280
3 21 5
17 85 231 27 102
1 22 3
116 56 179
1 8 3
93 65 294
1 17 3
125 75 200
1 35 2
40 132
1 14 3
154 15 32
2 20 5
58 287 236 241 166
1 27 2
87 129
2 16 5
16 236 139 29 45
1 10 6
217 266 67 59 145 189
1 32 2
40 221
2 12 4
50 208 66 32
1 12 6
145 28 111 206 193 293
2 24 4
92 90 271 236
3 20 5
21 59 233 197 121
1 13 3
276 148 216
3 18 6
253 118 280 55 265 114
1 15 4
245 163 181 101
1 31 2
278 193
2 14 3
290 167 50
3 22 5
262 269 79 56 77
1 11 6
191 282 292 68 214 195
3 13 6
126 79 261 66 236 276
1 21 2
255 28
1 19 3
177 11 48
2 28 4
59 139 189 142
1 13 5
182 45 246 222 160
2 18 5
32 80 27 203 212
1 19 4
181 22 2 206
1 11 6
18 189 61 204 225 25
2 16 5
46 125 1 272 3
1 15 3
112 69 210
2 12 6
169 229 13 292 285 141
3 21 6
57 104 38 291 298 62
1 19 3
137 271 284
1 17 3
160 129 98
1 21 3
240 236 212
1 24 2
209 202
1 13 2
46 157
2 20 4
130 73 103 276
1 14 3
243 227 110
1 14 3
94 6 11
1 11 5
6 30 12 8 75
1 15 3
25 28 67
1 27 2
152 8
1 22 3
97 296 143
1 16 2
66 210
2 24 4
97 291 272 33
2 17 5
263 8 102 126 165
1 30 2
268 265
1 26 3
163 127 206
1 19 2
235 84
3 19 6
234 5 278 155 285 95
1 11 6
283 239 63 80 99 152
1 17 2
110 188
2 27 3
32 239 232
2 17 3
44 76 205
2 16 6
4 266 42 5 247 270
1 23 2
107 98
1 11 6
258 84 59 69 175 132
2 25 3
253 163 36
4 26 6
229 243 9 85 257 240
2 23 4
51 277 268 107
4 21 6
28 279 294 116 1 207
1 15 5
296 25 151 189 285
2 17 3
112 111 98
1 14 5
85 150 286 77 48
2 17 6
139 243 12 158 246 184
1 13 3
114 208 196
2 34 3
132 297 47
1 21 3
222 241 34
1 14 5
293 244 160 1 111
2 28 3
264 270 219
1 21 2
34 72
2 26 3
290 4 278
1 26 2
181 1
1 11 6
159 126 24 90 164 10
1 15 2
235 9
3 22 5
218 296 32 34 84
2 31 3
138 228 298
2 17 6
195 115 159 8 83 22
3 26 5
234 104 196 215 38
3 18 6
76 31 168 215 160 218
3 20 5
240 159 34 253 126
3 20 5
24 205 122 5 9
1 30 2
33 298
1 26 2
106 65
2 13 4
217 14 248 42
2 28 3
61 152 209
4 27 6
63 77 22 123 204 35
1 22 3
296 117 286
2 30 3
94 77 33
1 17 2
158 207
2 19 5
205 222 203 286 201
2 17 5
266 125 114 295 98
3 19 6
25 40 175 101 262 291
2 22 4
182 279 108 272
2 20 4
94 154 260 293
2 14 5
35 86 146 26 201
3 21 6
133 239 225 276 204 30
1 15 5
77 125 234 257 251
4 15 6
49 81 218 65 186 136
1 21 3
2 100 106
4 21 6
284 63 206 223 294 37
3 18 6
91 185 280 208 92 186
1 23 2
212 172
2 16 5
209 175 96 210 99
1 27 2
154 168
3 16 6
207 250 262 135 48 170
2 36 3
120 48 58
4 24 6
43 179 122 239 89 126
2 17 6
1 212 62 174 206 169
1 17 3
11 209 10
1 11 6
242 48 42 166 71 72
1 16 4
91 38 133 121
2 18 5
213 223 296 35 209
3 17 6
55 272 7 64 166 196
2 13 6
20 36 252 168 16 223
1 11 6
100 234 142 191 184 52
2 24 4
275 295 272 273
2 11 5
3 251 236 161 12
3 15 6
9 274 37 108 52 255
2 22 5
12 142 96 60 259
2 16 5
108 261 10 101 56
3 20 6
140 193 84 50 157 85
1 19 2
184 111
1 16 4
208 248 4 138
2 20 5
109 49 229 297 195
1 27 2
291 21
1 28 2
298 256
1 33 2
183 297
1 16 3
219 232 220
1 22 2
180 9
2 25 3
154 102 140
2 22 4
23 166 284 133
2 17 4
271 19 69 74
1 23 2
83 229
3 19 5
141 28 209 16 61
2 16 6
223 268 297 40 108 61
1 15 4
281 23 48 46
1 11 6
225 190 107 293 37 56
1 16 4
278 138 180 134
1 13 3
154 49 93
2 18 6
273 23 131 82 16 293
3 16 6
143 83 55 216 266 241
2 24 4
297 68 66 212
1 22 2
36 233
1 13 4
243 267 216 7
1 18 3
84 152 231
1 16 4
78 2 209 103
1 9 4
46 216 236 74
2 22 4
257 213 145 261
1 23 2
36 220
2 15 4
41 238 94 79
1 20 2
56 21
1 13 5
73 291 223 187 88
1 20 2
289 164
2 25 4
11 176 273 206
2 17 6
236 48 189 15 168 199
1 30 2
123 22
1 15 4
294 37 192 215
1 13 4
275 3 256 111
2 21 5
174 294 182 131 73
1 11 6
143 113 245 48 218 68
2 25 4
270 85 144 130
2 24 4
166 293 134 242
2 16 4
254 46 140 149
2 15 5
263 248 287 196 260
1 15 4
90 288 168 182
3 22 6
160 212 142 102 62 109
3 25 5
59 152 155 139 8
2 22 3
204 145 220
1 8 6
129 255 227 207 178 62
1 22 2
160 281
1 26 2
264 41
1 15 5
280 106 17 64 132
2 9 4
282 207 235 250
1 22 2
117 217
2 23 3
1 135 27
1 15 3
18 192 102
2 17 6
60 96 110 43 100 44
1 13 6
141 156 132 268 232 219
4 22 6
220 171 157 40 167 129
1 14 5
96 67 131 231 51
1 29 2
262 60
1 20 2
54 99
1 16 4
215 297 19 232
1 14 3
30 250 0
2 14 6
225 102 107 280 146 27
1 12 5
275 184 135 294 48
1 16 2
99 292
1 29 2
10 61
2 16 4
102 76 16 174
2 24 4
189 287 265 252
1 17 4
94 282 77 273
2 20 5
24 115 139 209 277
1 14 4
54 98 281 183
1 9 6
258 23 181 281 44 149
2 15 6
99 10 177 246 264 232
2 18 3
287 83 200
1 21 3
165 263 163
3 22 5
297 206 274 129 136
1 15 2
224 233
1 25 2
61 281
3 16 6
182 144 55 54 234 274
1 18 3
148 113 266
1 13 5
50 194 151 243 125
1 11 3
110 287 15
1 16 3
211 170 236
2 14 6
152 37 109 161 50 23
2 17 6
46 110 295 16 34 212
2 16 6
38 204 203 115 111 18
2 30 3
191 188 197
2 20 5
183 190 269 111 232
4 26 6
199 237 168 48 244 134
2 16 6
85 243 221 184 280 100
3 21 6
240 291 221 206 218 173
3 15 5
218 261 54 69 281
1 21 3
155 158 240
2 18 5
267 246 162 124 26
1 34 2
169 131
1 10 6
262 264 297 36 137 128
4 20 6
128 42 182 137 121 206
1 15 4
8 290 34 97
2 21 4
135 4 50 104
1 24 3
155 115 257
1 14 2
251 5
1 14 4
170 186 111 108
2 21 5
242 269 73 179 46
2 18 3
10 55 208
1 14 5
131 162 107 71 160
3 18 5
143 299 281 172 209
2 19 6
142 201 86 239 132 133
2 24 3
64 103 165
2 14 6
247 124 92 117 160 111
1 28 2
113 160
1 12 2
292 7
1 14 4
54 77 157 121
1 21 2
133 259
2 13 6
49 42 7 297 264 69
2 19 4
17 148 146 260
1 16 4
147 163 73 98
2 20 5
105 152 62 249 275
2 16 6
112 16 119 148 277 140
2 22 4
120 192 0 114
3 21 6
283 57 83 296 25 243
1 23 3
116 92 270
3 18 5
159 196 109 41 99
1 12 2
294 285
1 17 3
159 105 88
1 15 4
255 223 189 70
1 14 3
39 32 80
1 10 6
17 193 90 124 209 21
1 21 3
101 205 263
1 10 5
172 17 233 250 177
2 19 4
91 214 4 157
1 13 5
67 283 61 49 123
2 22 4
129 116 92 236
1 26 2
189 136
1 22 2
274 277
2 22 5
265 140 22 115 277
3 20 6
295 277 39 198 23 279
1 16 3
281 126 240
3 23 6
86 212 25 92 249 244
3 20 6
126 92 152 44 51 225
2 22 4
144 48 57 211
2 20 5
241 48 85 34 284
3 22 5
246 19 58 236 181
1 14 2
275 42
3 19 6
140 164 74 85 82 136
2 24 3
222 194 299
1 14 4
212 31 147 12
1 17 4
71 77 58 40
1 18 4
151 265 95 50
2 32 3
193 131 90
3 23 5
117 182 196 137 156
2 19 5
83 295 34 291 128
2 29 3
27 1 166
1 25 2
251 22
4 24 6
262 17 203 51 284 90
2 21 4
123 146 110 156
4 21 6
222 194 177 198 132 255
1 22 2
37 298
1 16 3
83 291 157
2 17 5
253 21 274 297 279
2 17 6
132 275 12 52 221 243
1 13 5
33 69 96 188 208
2 17 4
47 114 110 250
2 22 3
202 141 90
1 11 6
274 56 283 126 292 77
1 14 3
89 193 259
1 19 2
145 158
3 23 6
179 270 240 298 269 6
2 20 5
10 174 212 111 58
2 27 4
22 173 127 221
1 17 4
109 274 132 146
1 30 2
203 204
1 18 4
201 166 78 276
2 19 3
55 209 49
3 19 6
170 101 24 32 52 6
2 23 3
109 290 75
2 32 3
223 265 60
2 34 3
96 269 182
4 20 6
64 138 98 172 97 281
1 9 6
114 57 144 3 19 126
1 12 4
5 54 210 52
2 17 6
242 49 279 212 38 167
1 18 2
224 21
2 29 3
137 131 222
2 19 3
172 79 273
2 22 4
286 96 210 245
2 27 4
156 257 203 209
1 10 6
261 125 264 184 30 43
1 11 6
184 158 14 208 257 51
1 13 3
149 98 100
2 15 6
165 149 193 183 299 45
2 21 4
144 235 166 78
2 23 4
191 232 264 221
2 16 6
58 45 35 71 254 32
1 18 2
32 50
1 11 4
89 208 80 68
2 23 4
12 48 92 268
2 31 3
53 241 295
3 25 5
90 61 23 286 174
2 23 4
151 242 289 212
1 10 5
244 224 233 242 0
1 19 3
134 256 101
2 29 3
206 265 144
2 21 4
272 89 277 237
2 18 4
138 134 44 214
2 19 5
7 225 254 191 206
1 19 3
274 295 220
3 27 5
61 151 134 283 105
1 17 3
92 200 6
1 15 4
245 24 280 128
2 13 4
230 208 7 233
1 15 4
49 213 235 47
1 31 2
106 211
1 15 3
149 136 116
2 13 6
58 242 9 245 11 42
1 27 2
133 114
1 12 5
111 128 43 116 287
1 21 2
7 174
3 16 6
216 4 28 220 161 255
2 21 3
91 274 233
2 14 6
11 39 220 294 106 146
3 18 6
49 278 37 146 141 151
1 22 2
37 8
1 26 2
269 259
3 24 5
32 186 68 241 244
3 18 6
20 153 270 148 99 49
3 24 5
85 5 209 35 273
1 16 3
173 157 33
1 28 2
238 142
1 28 2
156 9
1 23 2
264 18
1 10 6
243 6 203 262 248 52
2 23 4
133 250 64 73
3 21 5
116 2 138 72 261
2 17 5
242 164 47 136 229
1 25 2
230 133
2 10 6
292 167 261 93 89 91
1 22 3
43 246 27
1 13 5
127 79 21 275 178
2 15 4
235 275 81 25
1 18 4
60 140 214 56
3 21 5
43 82 114 295 55
2 27 3
60 47 224
1 12 6
3 171 38 155 165 50
1 10 6
43 285 40 93 35 273
2 21 3
143 282 109
2 28 4
132 169 166 206
1 10 6
30 56 34 160 69 81
1 21 2
16 25
1 16 3
292 221 157
2 19 3
264 250 5
2 19 3
86 115 208
3 13 6
289 267 217 23 16 69
1 25 3
142 220 270
2 27 3
67 97 156
1 26 2
219 73
2 22 4
62 97 133 209
3 19 5
36 289 160 129 181
3 25 5
206 223 181 288 183
2 21 4
212 32 173 96
1 11 5
223 277 169 43 108
1 9 5
207 194 88 176 66
1 11 5
84 114 282 42 169
2 23 3
255 219 117
2 18 5
25 90 117 234 200
1 21 3
246 10 23
2 12 4
128 214 103 54
1 21 3
172 203 97
2 17 5
292 186 71 153 70
2 12 5
194 122 281 49 253
1 16 4
278 163 194 62
1 24 2
30 233
2 14 3
285 294 102
2 27 3
238 278 273
1 16 4
115 137 43 166
3 20 6
90 52 10 56 6 206
1 14 5
197 56 293 33 222
2 19 5
84 42 97 269 32
1 16 4
237 57 119 18
1 10 6
245 222 188 93 133 144
4 22 6
87 282 166 187 42 175
1 31 2
38 129
1 16 4
88 106 144 10
1 16 4
279 4 256 234
1 24 3
253 155 38
1 12 6
105 98 120 258 205 102
1 12 4
114 80 175 83
1 22 3
41 106 256
2 17 6
28 92 155 50 48 95
1 14 3
255 202 233
1 13 5
199 116 175 85 188
3 20 6
61 220 243 133 222 237
1 12 6
82 162 107 132 292 133
1 10 5
13 205 188 299 196
1 19 3
293 46 210
1 11 6
155 200 79 65 98 119
2 24 4
175 232 193 127
1 27 2
116 148
1 23 2
28 160
1 14 4
66 161 127 227
2 27 3
273 76 195
1 22 2
161 87
1 12 2
46 235
2 19 5
133 79 195 64 50
1 27 2
187 284
1 19 3
136 202 271
1 17 3
193 2 94
2 18 5
57 79 68 262 288
1 19 3
258 217 180
1 10 6
176 208 20 148 213 44
2 15 3
177 157 9
2 28 3
157 78 30
2 17 5
73 247 72 94 105
1 10 3
136 145 251
3 22 5
113 160 243 93 27
1 10 4
194 98 31 7
1 12 5
204 76 278 80 169
1 24 2
295 250
1 14 3
289 108 42
2 15 6
184 189 159 250 113 218
2 18 5
152 20 288 253 297
1 23 2
284 114
2 22 4
33 198 91 176
1 14 5
221 219 203 235 142
2 29 3
280 115 195
4 26 6
102 139 171 81 113 179
3 17 6
74 235 237 159 85 28
1 22 3
4 30 286
1 25 2
87 94
1 18 3
70 181 117
2 14 5
90 153 44 111 88
2 20 3
260 115 248
1 15 4
154 93 280 38
1 16 3
20 255 41
1 33 2
24 291
1 16 4
10 0 215 104
1 11 3
93 173 32
2 12 6
32 16 187 260 157 274
2 26 3
42 151 232
2 24 4
31 186 133 127
1 30 2
166 160
2 20 3
284 8 200
2 15 5
80 175 169 15 181
2 17 5
245 205 101 90 84
4 22 6
16 118 188 53 174 222
1 16 3
88 297 5
1 23 2
251 278
1 16 4
17 278 208 190
1 12 4
79 182 44 223
2 14 5
108 112 259 16 59
1 36 2
127 174
1 28 2
232 130
2 22 4
112 129 238 171
1 11 5
207 133 234 148 114
2 21 4
164 13 193 34
1 10 6
148 237 110 26 85 207
1 19 3
94 295 198
1 11 6
264 216 241 260 64 22
4 20 6
158 195 167 251 57 276
1 13 5
32 183 126 121 162
2 17 5
39 109 86 225 62
1 16 3
207 243 74
1 11 4
46 173 8 32
1 22 2
47 93
4 29 6
138 257 140 299 4 295
1 14 5
136 48 215 72 105
1 19 2
88 23
2 23 4
247 215 186 183
2 22 4
265 209 10 170
2 16 6
202 22 145 182 107 52
1 9 5
266 12 220 137 65
1 20 3
175 157 24
1 32 2
30 73
3 18 6
50 169 278 264 55 59
1 26 2
105 276
1 21 3
163 138 129
2 27 3
38 203 42
2 22 5
106 245 169 187 197
1 16 4
204 263 161 138
2 33 3
212 113 155
1 9 5
31 72 255 52 276
2 19 5
193 294 187 77 154
1 17 4
250 88 189 163
2 19 4
6 220 222 23
3 23 5
48 231 211 119 236
3 21 6
183 117 125 130 112 138
2 19 5
223 197 165 134 35
1 11 5
199 227 198 295 31
1 26 2
174 247
1 14 5
177 201 211 77 286
4 24 6
233 49 48 168 222 117
1 11 5
1 254 218 122 125
1 13 4
21 158 217 279
1 11 3
136 26 46
4 27 6
9 58 263 281 246 271
1 23 2
65 166
1 23 2
253 229
1 21 2
275 36
3 21 5
33 181 249 224 227
2 18 5
286 257 26 121 294
1 21 2
149 240
1 12 6
247 106 147 170 189 194
2 28 3
52 283 53
1 19 4
219 156 239 1
1 25 3
60 48 53
1 11 5
284 194 67 272 113
2 15 5
225 49 196 174 12
2 29 3
296 170 133
2 18 5
288 6 34 62 196
2 30 3
265 210 109
2 17 5
108 32 180 298 215
2 20 5
237 97 159 78 36
3 22 5
65 134 56 113 171
2 18 3
224 44 97
1 24 2
209 202
1 14 4
159 275 278 54
1 16 4
77 248 165 130
2 19 5
228 152 100 296 99
1 17 2
238 274
2 16 6
61 259 232 101 246 260
3 18 5
93 20 73 285 50
1 16 4
212 233 86 109
1 15 5
127 91 207 295 115
2 18 5
104 198 154 64 92
3 17 5
251 238 261 243 26
4 21 6
246 58 231 35 69 89
1 26 2
97 94
1 18 4
59 197 257 21
1 13 5
295 282 264 11 256
1 21 2
42 68
2 14 6
260 91 96 125 19 268
1 11 5
243 252 39 251 149
1 12 2
177 294
2 14 6
87 41 109 289 150 93
2 19 4
176 93 68 124
1 15 4
3 193 155 154
2 12 6
154 115 157 261 126 185
1 21 2
103 62
1 11 2
69 282
2 21 4
8 124 84 92
2 16 5
88 161 139 285 191
1 13 5
128 105 241 84 237
2 30 3
96 138 180
1 21 3
178 213 166
2 17 5
78 248 88 198 205
1 23 2
174 89
1 11 5
163 54 9 99 84
1 11 6
73 49 177 17 180 285
4 25 6
221 8 53 171 242 243
2 22 4
170 113 191 14
3 23 5
108 28 131 182 56
3 17 6
159 242 164 216 103 249
2 26 3
54 35 101
1 19 3
62 91 191
1 14 4
245 284 102 187
3 21 6
148 107 285 36 258 156
1 16 2
136 137
1 27 2
85 45
1 16 4
278 67 273 162
1 21 2
126 158
1 14 5
198 249 1 221 80
1 14 3
7 3 276
1 12 6
52 290 278 293 24 294
3 22 5
97 196 35 31 288
1 19 4
131 161 24 220
1 24 2
229 185
2 17 6
138 43 57 41 282 78
1 22 2
39 185
2 28 3
265 61 86
2 25 4
107 179 187 99
1 21 2
26 143
1 23 2
1 141
4 18 6
46 214 165 38 88 219
3 15 6
218 178 158 214 45 51
2 20 3
130 5 89
3 24 5
200 228 247 68 140
2 14 6
290 152 114 18 162 148
2 25 4
244 179 20 203
2 19 3
277 259 274
1 15 4
253 258 40 136
1 21 2
117 0
2 18 5
81 64 183 164 152
3 20 6
244 54 66 212 235 47
1 19 4
209 48 127 53
2 23 4
226 119 127 227
3 18 5
190 39 281 104 49
2 25 3
81 199 197
3 20 6
218 22 109 161 144 244
3 20 5
212 245 110 47 88
1 23 2
205 6
3 20 6
197 223 144 133 28 283
1 17 3
123 122 108
3 21 6
276 4 288 44 273 241
2 21 4
78 116 103 110
1 12 6
76 40 185 293 195 115
2 26 3
54 96 154
1 22 3
212 167 191
1 25 3
87 77 171
1 11 4
44 192 56 50
2 23 3
5 75 84
2 18 4
179 190 276 236
2 16 5
296 214 255 256 226
1 28 2
182 84
1 20 2
126 137
1 23 3
297 45 271
2 17 5
164 20 155 281 274
2 17 5
133 262 53 209 215
1 13 6
258 86 194 234 156 142
2 16 3
20 144 0
3 20 5
274 29 272 122 211
2 19 5
62 69 138 176 195
2 17 4
207 94 168 194
2 22 4
170 167 58 243
1 22 3
151 180 152
1 11 6
1 25 204 245 203 228
3 20 5
27 76 163 64 218
1 14 3
53 99 32
2 20 5
142 295 66 240 144
1 18 3
54 138 12
4 26 6
298 278 24 106 199 144
4 24 6
279 46 288 269 191 178
1 9 6
103 164 6 122 68 18
1 18 3
185 66 212
1 11 5
178 6 157 193 30
2 13 6
251 287 69 245 155 79
2 18 5
96 237 63 145 282
2 28 3
70 169 17
2 24 3
284 99 107
1 22 3
66 293 34
2 19 5
166 189 200 175 180
1 18 3
85 28 110
1 18 2
50 18
1 18 3
298 229 111
1 17 4
160 17 156 145
2 23 4
33 150 260 239
2 16 6
119 168 166 196 186 88
1 22 3
265 68 43
2 23 4
133 145 197 186
2 16 5
42 234 117 230 18
1 12 3
173 3 69
1 12 6
71 235 264 297 270 179
1 25 2
205 53
2 24 4
165 133 114 197
3 18 5
227 46 256 156 98
2 27 3
128 191 120
2 12 4
158 196 128 161
1 9 3
42 82 161
1 29 2
293 6
2 17 4
31 124 128 272
1 14 5
253 116 269 107 290
3 21 5
45 23 199 48 266
1 25 2
62 11
1 33 2
271 64
2 27 3
122 10 263
1 19 2
185 49
1 9 6
166 137 102 136 208 124
2 20 4
184 234 145 160
1 24 2
84 148
1 22 3
246 91 279
4 20 6
69 57 229 222 285 121
2 28 3
156 221 88
1 17 2
5 238
1 21 2
39 99
1 9 6
255 227 14 11 16 30
1 13 3
266 89 93
1 10 6
262 141 225 233 160 140
2 12 6
12 170 235 258 220 247
1 13 5
171 110 29 181 260
2 16 3
172 29 72
1 13 2
216 217
2 15 4
190 199 172 211
1 9 5
267 76 260 3 111
1 12 6
146 183 112 257 167 139
1 17 3
212 93 135
2 19 4
17 275 124 160
1 9 6
64 70 115 39 112 89
1 21 3
12 61 47
2 19 4
273 154 287 261
1 16 4
258 244 141 290
3 24 5
6 147 151 48 101
4 23 6
279 269 238 150 120 93
1 14 5
82 171 25 219 61
4 27 6
106 172 249 165 151 254
1 36 2
106 297
4 20 6
252 21 33 214 3 8
1 22 2
10 74
1 12 5
218 77 190 54 123
2 23 4
162 20 57 283
1 15 4
188 280 89 195
3 16 5
29 235 5 178 2
4 25 6
226 11 104 113 222 228
1 15 2
102 216
2 18 6
95 206 54 58 164 257
3 20 6
62 221 169 213 44 52
1 23 2
91 59
1 25 2
162 276
2 25 4
109 173 57 22
2 18 4
272 16 235 29
1 23 2
3 280
1 11 6
73 181 136 56 168 183
2 15 6
27 292 231 140 50 1
1 15 2
218 13
1 18 2
12 54
2 18 3
12 57 7
1 14 4
151 216 276 5
1 21 2
208 35
1 20 3
33 67 91
1 22 3
6 104 119
1 25 2
77 136
3 21 6
242 272 210 187 105 1
2 30 3
168 151 28
1 19 4
132 77 101 1
1 23 2
9 192
1 14 3
260 54 252
1 27 2
8 234
1 12 4
217 103 96 82
4 20 6
168 11 39 227 144 73
2 22 4
134 266 38 284
2 20 5
95 257 71 36 256
2 19 5
215 190 291 45 239
2 15 6
223 30 165 85 16 18
1 16 4
175 194 215 179
1 21 2
243 110
1 27 2
124 183
1 16 4
166 43 266 103
2 14 6
285 186 159 43 2 130
4 23 6
46 146 106 47 94 280
2 38 3
119 78 131
1 31 2
152 187
4 28 6
241 106 151 205 197 21
1 22 3
287 113 139
2 22 4
91 272 65 244
1 13 2
224 200
3 21 5
128 261 243 272 115
1 10 6
87 83 1 50 18 130
2 26 4
271 33 85 11
2 17 6
59 119 87 4 138 13
1 18 3
65 116 245
3 16 6
83 253 279 260 224 209
1 32 2
138 288
2 34 3
279 269 116
2 18 4
169 80 98 62
1 21 3
195 125 134
3 23 5
62 221 66 260 183
1 27 2
266 30
1 32 2
151 84
1 15 4
105 268 180 259
1 26 2
129 240
1 14 2
259 16
2 20 3
207 190 191
2 18 3
292 141 188
1 14 4
214 251 271 194
1 17 3
190 183 231
3 16 6
18 56 116 117 173 55
1 22 3
251 4 107
2 19 5
189 166 25 202 285
1 14 4
262 184 34 290
1 26 2
258 6
1 16 2
147 252
2 21 4
174 205 176 226
1 20 4
249 170 253 127
1 13 4
14 172 233 39
1 31 2
118 77
1 13 4
61 82 248 210
1 33 2
176 195
3 17 6
254 44 52 263 161 14
2 21 4
8 197 81 245
1 11 5
146 138 275 50 70
2 26 4
180 283 244 151
1 14 4
287 267 138 298
1 13 5
32 85 91 88 4
2 24 4
25 295 167 119
1 27 2
142 56
3 24 5
249 8 100 215 102
1 11 3
148 224 93
1 29 2
64 176
3 21 5
211 89 185 20 38
3 23 6
270 285 179 181 291 142
4 23 6
293 6 111 129 108 256
2 21 3
129 272 172
1 13 4
180 177 52 208
1 14 2
177 161
1 16 4
170 32 153 265
1 26 2
197 103
2 25 4
270 92 105 176
2 30 3
192 118 106
1 12 4
299 20 188 41
2 20 4
30 41 188 108
1 23 3
68 198 156
1 13 4
158 220 174 260
1 11 6
18 270 145 96 149 31
2 27 3
136 237 132
1 16 2
208 276
2 22 4
165 248 192 33
1 17 3
146 35 65
1 12 6
171 227 283 174 259 49
1 21 2
113 252
1 12 3
173 6 289
1 16 2
210 294
3 15 6
161 160 276 44 4 86
3 20 5
115 11 247 223 176
2 29 3
91 85 100
2 33 3
164 131 283
3 23 6
65 270 193 187 225 120
3 24 5
215 122 106 90 76
1 9 5
86 217 245 112 275
2 18 4
154 66 74 68
2 17 6
61 279 153 244 143 206
2 19 5
150 52 26 24 241
2 17 4
94 145 222 56
1 24 2
288 190
4 22 6
119 114 207 139 118 12
1 18 4
84 282 295 48
1 21 3
125 162 71
2 17 4
95 133 11 226
1 27 2
175 68
3 18 5
209 32 40 89 218
2 21 4
267 219 112 187
1 22 3
162 185 24
1 18 3
229 277 52
1 15 4
163 174 209 186
2 15 6
75 266 76 77 95 291
1 16 4
97 166 28 209
2 16 6
191 85 76 25 33 15
2 29 3
34 114 162
1 13 5
238 219 24 232 225
1 17 4
271 264 292 61
2 20 3
235 161 241
1 14 3
59 41 111
1 26 2
91 266
2 24 3
138 137 39
2 26 3
28 130 272
2 25 3
124 123 138
1 11 4
93 95 20 124
1 21 2
55 234
1 23 2
96 136
1 19 3
123 223 155
2 20 3
177 267 211
2 13 6
69 112 37 219 230 278
1 16 2
262 208
2 22 3
76 154 162
2 27 3
117 222 94
2 24 4
45 174 239 75
1 10 6
109 247 213 111 230 260
1 27 2
245 109
1 20 3
140 175 177
2 16 6
63 15 284 30 172 78
1 13 4
149 15 165 11
2 28 3
153 184 163
3 20 5
266 111 127 70 252
1 12 5
208 157 191 230 215
1 17 3
210 81 222
2 26 3
147 52 221
1 12 6
221 81 113 239 269 39
2 21 4
291 238 271 207
1 10 6
254 236 161 265 122 259
2 18 4
110 5 99 197
1 25 2
32 273
1 10 6
272 10 250 244 198 62
2 22 4
40 21 7 258
2 25 4
192 285 263 120
2 21 4
256 90 245 36
2 13 4
79 19 194 26
2 15 4
40 214 218 282
1 13 2
82 285
4 22 6
34 240 274 139 3 137
1 30 2
78 45
1 17 4
224 283 266 271
2 15 5
70 100 169 50 149
1 33 2
38 279
3 23 6
291 220 96 48 249 279
1 10 6
288 55 252 175 279 152
1 30 2
162 165
3 14 6
218 149 128 164 129 86
3 16 6
290 203 27 194 210 94
1 13 5
276 148 109 96 228
1 23 3
47 86 246
2 24 3
107 143 274
1 15 2
65 102
1 24 3
105 40 156
2 19 3
116 66 173
k 20
