300 1500 465
11 38 29 33 36 27 25 31 15 27 27 18 13 35 25 25 18 23 24 14 32 20 21 37 32 24 29 22 14 14 37 36 14 38 19 13 14 26 16 31 18 38 28 16 33 26 11 37 21 24 27 30 14 33 12 15 18 12 31 18 31 39 35 11 22 23 15 18 36 31 34 18 14 32 27 14 23 34 13 29 29 15 21 16 36 32 23 29 23 13 14 14 11 26 31 26 35 29 29 24 35 38 17 13 16 22 35 15 31 21 15 29 32 25 28 16 34 33 37 31 27 22 19 18 23 27 12 24 38 22 22 21 24 22 13 16 32 23 22 12 28 17 23 13 33 16 15 40 35 24 30 24 37 27 18 23 29 25 13 27 15 17 38 21 12 23 28 22 27 37 26 37 36 24 33 31 36 35 34 14 22 35 40 18 38 25 25 21 30 34 27 26 35 23 37 31 34 17 29 17 33 17 39 14 19 26 39 34 15 39 38 39 23 21 40 38 40 39 24 37 20 21 37 20 25 38 24 15 20 34 19 31 13 19 31 21 34 39 23 12 21 12 25 25 25 23 12 12 33 19 30 39 12 32 16 40 30 27 27 12 27 29 24 23 35 33 39 29 31 22 30 29 25 26 17 33 37 27 16 31 17 22 36 30 40 34 19 28 26 26 17 27 35 21 27 16 12 22 23 25
1 28 19 23 26 17 15 21 5 17 17 8 3 25 15 15 8 13 14 4 22 10 11 27 22 14 19 12 4 4 27 26 4 28 9 3 4 16 6 21 8 28 18 6 23 16 1 27 11 14 17 20 4 23 2 5 8 2 21 8 21 29 25 1 12 13 5 8 26 21 24 8 4 22 17 4 13 24 3 19 19 5 11 6 26 22 13 19 13 3 4 4 1 16 21 16 25 19 19 14 25 28 7 3 6 12 25 5 21 11 5 19 22 15 18 6 24 23 27 21 17 12 9 8 13 17 2 14 28 12 12 11 14 12 3 6 22 13 12 2 18 7 13 3 23 6 5 30 25 14 20 14 27 17 8 13 19 15 3 17 5 7 28 11 2 13 18 12 17 27 16 27 26 14 23 21 26 25 24 4 12 25 30 8 28 15 15 11 20 24 17 16 25 13 27 21 24 7 19 7 23 7 29 4 9 16 29 24 5 29 28 29 13 11 30 28 30 29 14 27 10 11 27 10 15 28 14 5 10 24 9 21 3 9 21 11 24 29 13 2 11 2 15 15 15 13 2 2 23 9 20 29 2 22 6 30 20 17 17 2 17 19 14 13 25 23 29 19 21 12 20 19 15 16 7 23 27 17 6 21 7 12 26 20 30 24 9 18 16 16 7 17 25 11 17 6 2 12 13 15
1 13 5
283 297 84 22 27
1 16 3
241 171 246
3 25 5
114 217 258 268 6
1 25 2
46 266
2 26 4
4 196 16 172
1 21 2
161 37
2 21 4
271 242 69 52
1 23 3
119 32 216
1 13 5
292 32 38 57 175
2 22 3
100 83 146
2 18 4
135 288 272 293
1 12 6
195 47 124 105 96 214
1 20 2
6 135
2 23 3
197 17 58
1 17 4
169 281 178 105
3 18 6
267 52 80 197 33 208
2 17 4
282 179 81 197
2 25 4
89 84 215 273
1 27 2
82 77
2 17 5
167 23 19 93 197
1 33 2
7 172
1 31 2
18 162
1 21 3
24 127 20
1 15 4
56 148 191 105
1 29 2
111 150
3 20 5
221 278 154 193 237
3 21 6
76 189 183 27 53 47
1 18 2
29 121
1 18 3
26 93 17
2 23 4
265 235 138 128
3 20 6
98 83 99 140 217 185
3 16 6
96 8 207 203 139 46
1 23 2
102 283
1 14 4
139 151 21 53
1 27 2
102 169
3 22 5
13 171 35 221 141
2 21 4
11 31 7 59
1 33 2
277 214
4 19 6
102 156 110 175 120 81
1 18 3
156 9 159
1 22 3
175 235 47
3 24 5
127 86 152 173 266
1 20 2
261 259
2 23 4
243 51 163 266
2 18 5
258 158 3 113 175
1 21 2
108 241
2 23 4
146 84 207 193
3 20 5
258 179 149 204 268
1 34 2
270 237
1 36 2
44 237
2 27 4
222 229 276 149
1 17 2
103 109
1 13 6
184 282 62 284 147 250
2 15 6
263 70 159 297 87 105
1 25 3
61 219 98
2 18 5
273 263 219 39 143
1 8 4
83 247 92 104
2 24 4
143 186 13 30
2 26 3
87 53 135
2 24 4
117 211 244 235
1 12 4
28 233 246 271
3 19 6
246 44 261 209 161 123
2 20 4
223 63 175 198
1 31 2
265 97
4 25 6
239 81 217 173 47 147
1 22 2
154 10
1 23 2
127 86
2 19 3
185 143 230
2 16 4
59 29 71 119
4 19 6
110 178 5 154 233 293
2 20 5
47 90 133 298 284
2 18 4
50 163 170 67
2 14 6
283 203 289 126 156 232
1 17 2
193 139
1 28 2
41 59
1 12 6
219 33 189 193 115 144
1 19 2
263 83
1 27 2
144 297
2 13 5
48 43 173 228 81
2 27 4
169 215 44 145
1 21 3
292 51 11
2 18 4
21 157 107 9
1 20 2
43 224
2 17 6
239 117 255 73 164 142
2 20 4
151 278 221 101
1 15 3
48 246 262
1 16 5
175 189 150 284 214
1 28 2
76 196
3 19 6
93 161 162 95 299 104
1 24 2
122 261
3 17 6
234 145 297 193 123 79
1 18 4
275 100 88 266
4 21 6
232 219 27 56 221 24
1 23 3
234 255 138
2 16 6
267 88 171 15 110 283
1 17 3
208 109 268
2 21 3
76 155 56
2 17 5
2 149 66 96 92
2 20 4
86 185 196 141
1 11 3
55 141 183
1 22 2
37 59
2 18 5
90 57 199 206 276
1 13 5
5 202 262 97 123
2 16 3
91 109 208
1 15 3
254 201 150
3 26 5
181 140 230 234 216
1 17 4
113 206 235 256
2 25 4
190 116 84 275
1 29 2
25 13
3 27 5
7 181 74 284 283
1 18 4
211 275 264 296
1 28 2
235 181
1 15 5
14 61 44 18 30
2 29 3
18 256 285
1 23 2
241 196
1 19 3
42 65 26
2 16 6
203 237 218 72 123 31
2 21 5
286 124 3 136 214
1 11 3
35 221 139
2 24 4
119 271 264 188
1 24 2
172 126
3 26 5
211 236 158 116 170
1 24 3
222 145 264
1 12 4
81 49 109 99
1 14 3
141 59 15
1 18 4
192 190 280 41
2 16 6
69 255 286 90 16 242
3 24 5
150 220 223 202 177
3 20 6
29 298 11 111 100 23
1 19 3
199 294 112
1 14 4
197 235 97 156
1 14 5
190 174 215 91 87
1 15 4
280 286 279 188
1 11 4
129 246 133 167
1 12 4
131 166 221 78
2 24 3
40 290 118
1 15 4
149 148 120 223
2 20 4
231 10 154 49
1 21 3
187 266 244
3 21 5
132 271 142 256 21
2 21 5
202 219 188 14 57
3 25 5
237 288 152 90 15
1 17 4
181 265 7 115
1 20 3
217 238 83
2 13 6
29 265 241 135 32 116
2 18 6
79 94 182 118 80 83
1 24 2
51 56
1 19 2
146 49
1 16 2
102 227
2 21 5
196 53 33 0 201
1 22 3
121 265 264
2 19 6
211 199 88 216 255 36
1 12 3
12 16 223
1 11 4
267 274 296 107
1 22 2
87 145
4 22 6
286 220 28 6 248 31
2 22 4
245 79 7 287
2 21 4
139 287 245 13
2 21 5
138 23 207 116 276
2 23 4
265 269 280 214
1 13 4
162 252 38 52
2 17 6
156 205 271 37 70 217
1 19 2
107 238
2 19 3
186 71 90
1 12 5
97 196 109 29 16
1 10 6
79 239 244 175 155 72
3 15 6
127 35 103 15 204 49
3 18 6
122 73 78 275 249 261
1 26 3
211 62 206
2 18 6
215 108 51 64 251 282
1 12 6
86 14 173 285 169 276
1 24 2
54 222
2 16 6
5 30 76 150 95 53
2 20 4
46 80 88 166
1 23 3
264 283 96
3 19 6
142 144 107 278 213 210
4 27 6
159 58 84 177 240 172
1 21 2
91 98
2 17 6
159 205 118 115 80 216
1 11 4
213 193 55 8
1 15 4
96 257 64 161
1 18 4
176 130 151 61
1 32 2
147 226
2 24 3
235 248 16
1 32 2
198 292
1 20 3
248 241 50
3 20 5
70 245 269 149 137
1 20 2
244 38
3 17 6
92 139 105 116 180 267
1 17 4
26 255 286 119
1 21 3
144 260 60
2 18 5
10 154 14 108 68
1 12 6
259 221 144 85 242 206
1 26 2
279 121
3 20 6
101 17 279 167 63 98
3 17 6
88 157 283 239 107 289
1 17 4
140 85 23 226
2 16 6
281 8 60 69 244 202
2 27 3
100 56 2
2 21 3
275 290 232
1 15 5
174 122 214 224 237
2 29 3
222 257 49
2 19 5
9 150 222 125 140
1 21 3
265 122 94
1 21 3
31 37 291
1 22 2
296 144
3 22 5
94 192 63 293 50
2 20 3
32 129 273
1 21 2
223 130
1 14 3
11 213 76
1 18 4
144 206 53 256
2 34 3
58 47 176
1 19 4
264 202 214 61
2 12 4
204 32 141 35
1 11 6
36 211 56 218 112 59
2 26 3
121 16 255
1 9 6
288 2 114 267 65 11
2 19 4
142 228 60 245
3 19 6
294 89 135 109 282 196
2 17 5
291 141 206 65 38
1 11 6
180 151 13 85 100 142
1 11 5
51 149 271 103 115
1 20 2
110 185
1 21 3
77 156 226
1 30 2
61 240
4 26 6
279 31 207 53 50 223
1 15 4
153 263 287 96
1 28 2
230 101
2 13 4
0 110 131 199
2 18 4
273 6 36 82
1 11 5
72 75 89 124 229
1 11 5
42 218 134 79 261
4 23 6
24 233 41 105 247 175
3 23 5
224 121 58 171 145
3 19 6
14 168 141 155 178 195
1 25 2
234 228
2 18 5
15 169 261 159 91
3 19 6
220 60 64 65 230 211
2 23 4
44 192 50 199
2 33 3
51 292 96
1 27 2
18 256
1 19 2
27 102
2 16 5
21 130 102 138 41
1 13 4
42 99 145 143
1 20 2
205 36
2 23 3
156 57 271
3 23 5
74 271 250 234 290
3 23 5
114 125 156 100 232
1 10 6
248 98 173 270 238 123
2 18 3
8 34 27
1 13 2
104 46
1 13 4
242 49 291 163
4 20 6
208 76 120 175 288 201
3 19 6
260 1 230 242 74 103
1 28 2
209 197
2 22 4
234 18 161 13
2 18 4
83 188 98 103
2 29 3
127 234 44
1 27 2
168 153
1 13 5
259 172 73 122 297
2 29 3
5 251 238
1 11 4
45 252 72 220
2 21 3
269 289 254
3 18 6
247 6 38 195 149 188
2 13 3
179 28 143
3 20 6
230 158 215 73 260 95
4 24 6
144 168 94 171 197 161
2 17 4
88 81 76 242
1 13 6
52 257 165 61 216 226
1 13 5
272 141 211 98 0
1 10 6
238 94 267 250 20 245
1 15 5
202 170 247 284 25
3 21 5
207 280 273 10 249
2 12 5
179 167 223 221 109
4 22 6
276 275 227 135 174 52
1 10 5
0 82 240 15 191
3 24 5
276 41 9 83 138
3 21 5
251 92 128 199 72
2 23 4
187 118 83 23
3 20 6
172 282 290 269 273 183
1 11 3
92 0 193
1 17 4
224 188 296 225
2 14 6
129 190 266 298 254 247
3 23 5
64 225 224 108 133
1 33 2
114 251
1 8 6
296 124 220 183 244 157
2 15 5
90 296 196 17 109
2 23 4
13 235 1 180
1 37 2
41 30
2 22 4
22 163 268 276
1 12 6
1 199 187 234 193 189
2 20 4
116 110 208 77
2 14 4
107 293 137 55
3 23 6
23 119 276 223 185 275
1 23 2
35 196
1 15 3
160 82 170
1 11 4
154 37 19 163
1 22 2
141 125
3 22 6
68 211 156 16 110 231
2 24 3
3 297 199
1 24 2
141 253
2 19 5
7 265 174 288 135
1 13 5
267 6 10 282 288
2 17 4
146 139 20 262
4 21 6
38 46 112 208 45 61
2 16 4
90 9 99 179
1 13 5
129 273 117 291 70
2 34 3
182 214 149
1 12 5
14 201 27 144 195
2 15 6
6 234 35 235 48 31
1 27 2
56 169
1 19 3
255 34 71
2 16 6
175 229 285 296 218 24
1 29 2
20 288
1 12 6
78 264 272 183 216 17
2 18 6
19 285 215 278 23 267
1 17 3
65 241 97
1 30 2
236 10
1 26 2
134 237
1 23 3
13 221 172
1 20 3
96 103 243
1 18 2
88 78
2 24 3
160 181 238
1 18 4
272 147 253 279
3 18 6
214 298 187 15 27 64
1 12 4
54 205 157 233
3 21 5
218 123 84 273 238
1 16 4
264 156 143 246
2 13 5
157 91 27 269 28
3 24 5
25 33 289 148 35
1 12 5
263 110 29 20 7
1 12 5
299 54 223 229 95
1 9 6
185 76 42 39 223 168
1 14 5
182 29 256 103 149
1 30 2
192 288
1 8 5
233 201 286 109 227
3 24 5
231 132 10 182 197
1 13 4
153 277 78 90
1 12 5
249 40 169 120 273
1 14 5
263 35 132 147 117
2 24 4
222 156 256 135
2 19 4
187 53 48 121
3 18 5
197 78 259 17 284
1 23 3
119 171 236
2 21 4
265 91 188 82
1 19 4
171 147 297 121
1 14 3
244 183 259
1 27 2
99 175
4 26 6
108 259 225 231 48 23
3 21 6
243 241 94 192 211 204
3 24 5
155 162 241 101 15
2 21 4
25 238 24 267
4 18 6
166 107 296 90 171 59
1 24 3
270 219 68
2 17 6
53 287 290 148 138 33
1 16 3
129 22 114
3 21 5
110 68 283 29 9
4 25 6
148 296 200 212 93 275
1 11 5
190 71 83 267 12
2 21 4
156 38 41 21
2 28 3
131 258 225
1 13 4
102 46 201 1
4 20 6
57 91 38 30 73 288
1 14 5
198 94 169 150 207
1 12 6
113 13 119 91 118 186
1 16 4
7 271 243 100
2 22 3
95 239 156
2 16 5
115 13 297 37 122
1 19 2
19 226
3 19 6
32 168 50 245 194 64
3 25 5
213 10 194 178 79
2 19 3
123 158 42
1 14 2
55 75
2 25 4
140 292 161 225
1 9 6
98 288 28 104 130 10
2 18 5
153 51 77 170 278
1 24 2
281 258
4 28 6
276 232 156 188 248 255
1 25 2
190 49
2 23 4
285 299 9 60
1 19 3
181 48 27
1 32 2
195 229
2 24 4
198 189 275 261
3 21 6
240 212 176 245 13 3
2 17 6
296 84 77 48 47 274
4 25 6
9 286 266 175 261 95
1 20 3
237 64 121
2 19 5
22 266 134 210 252
1 20 3
80 7 42
2 19 3
297 72 82
1 26 2
243 74
4 23 6
225 86 141 207 7 160
1 16 2
164 220
2 19 3
183 75 153
1 10 5
154 140 27 48 299
2 23 3
121 281 153
1 30 2
271 69
1 20 3
10 253 42
1 21 3
160 189 26
1 24 2
175 201
3 18 6
190 3 99 277 220 129
1 8 6
185 16 163 18 15 81
3 18 6
204 170 283 279 63 25
1 23 2
16 97
1 35 2
265 128
1 14 5
31 129 77 295 286
1 18 3
114 124 153
2 24 4
212 282 237 55
1 35 2
256 214
2 15 6
214 72 243 242 220 19
1 13 4
134 279 280 193
3 15 5
38 14 0 141 11
2 24 3
107 205 136
1 19 2
180 141
1 32 2
200 195
1 13 4
10 186 149 49
1 23 2
76 65
3 25 5
209 92 206 89 152
4 21 6
67 26 97 43 49 270
2 30 3
80 293 284
1 13 3
35 183 238
1 14 3
92 7 54
2 17 4
132 60 104 52
1 17 4
2 270 289 184
1 12 5
120 161 260 17 282
1 13 4
232 126 21 144
1 12 5
234 64 232 265 16
1 9 4
56 146 239 22
1 16 4
189 289 248 88
2 19 5
70 2 177 8 51
2 29 3
196 227 266
1 32 2
210 45
1 17 4
258 125 3 41
1 12 4
212 15 66 228
2 20 5
33 153 29 259 128
1 24 2
11 58
1 33 2
42 206
3 21 6
87 4 53 6 10 44
1 19 2
90 15
2 15 6
289 258 81 232 229 87
3 21 6
112 233 256 44 148 16
1 14 3
102 120 208
1 26 3
211 255 47
2 27 3
18 189 14
1 20 2
187 21
1 33 2
112 70
1 37 2
276 222
2 22 3
128 92 280
2 14 6
251 187 35 125 107 66
2 18 5
273 129 88 250 194
1 27 2
67 23
2 16 6
184 132 139 114 275 168
2 17 5
291 23 36 82 52
3 22 6
174 10 41 273 280 61
3 18 5
230 246 283 198 81
1 26 2
128 160
1 32 2
148 26
2 27 3
85 197 73
3 20 5
190 113 109 18 93
1 22 3
39 153 292
4 25 6
41 276 191 63 240 73
1 28 2
173 85
1 30 2
162 142
1 21 2
168 66
2 25 4
257 24 215 69
2 23 4
53 14 179 207
2 17 6
288 23 187 22 65 216
2 18 4
249 269 247 275
1 11 6
144 3 201 107 270 269
2 18 5
126 266 274 68 43
3 26 5
91 49 147 33 283
1 25 2
31 52
2 24 3
95 6 163
2 17 3
14 239 110
1 12 6
254 85 116 209 177 180
1 25 2
241 162
2 19 5
137 264 151 30 278
1 10 6
2 134 256 174 17 268
1 15 2
72 141
2 17 4
24 139 105 36
2 18 5
35 170 15 211 160
2 28 4
214 251 151 172
1 14 5
230 73 269 36 251
4 18 6
262 110 124 81 91 70
2 14 6
77 252 290 115 163 98
1 10 6
45 135 225 66 185 139
1 28 2
150 125
2 18 4
146 27 9 273
1 26 2
22 60
4 20 6
151 195 137 40 235 105
2 24 4
92 238 1 282
1 27 2
30 40
2 20 5
145 291 244 70 206
2 20 4
132 111 65 270
2 13 6
46 272 179 195 91 45
1 8 6
235 51 165 8 78 228
1 12 6
266 190 153 76 53 277
2 17 6
90 292 63 151 108 251
2 21 3
9 220 183
1 18 4
201 96 1 88
1 12 5
90 245 94 174 87
2 21 4
5 279 277 167
3 19 6
10 68 179 291 208 153
3 22 5
19 235 176 126 209
1 8 4
141 252 71 135
2 15 6
12 98 291 234 264 191
2 15 5
74 287 269 245 56
1 14 2
232 295
3 18 5
76 196 91 228 280
1 13 5
246 11 138 276 231
3 22 5
188 111 5 272 104
1 23 2
248 103
1 23 2
107 136
1 12 6
132 98 106 10 155 171
1 11 5
17 85 212 46 139
3 20 5
226 223 14 267 289
1 19 2
221 154
1 13 5
17 185 73 173 248
1 26 2
275 249
1 22 3
67 70 253
1 16 3
63 186 243
1 20 3
244 172 99
1 15 5
28 46 182 14 169
1 15 2
123 158
1 23 2
157 293
1 18 4
184 70 197 99
1 11 5
299 173 247 55 51
2 15 6
262 95 245 250 12 118
2 16 6
177 78 10 96 191 92
1 15 4
125 35 39 51
1 12 6
216 148 73 6 120 253
1 12 6
15 179 185 211 126 248
1 31 2
6 41
2 17 4
4 146 16 83
4 20 6
78 46 59 183 177 222
1 16 4
36 269 236 3
2 11 5
55 124 52 158 249
3 20 6
215 51 56 76 293 248
2 23 3
98 155 280
2 27 3
6 16 101
1 25 2
297 267
1 36 2
200 211
1 18 4
118 215 149 64
2 29 3
220 234 194
1 21 3
108 44 56
1 17 4
171 200 76 155
2 25 4
176 265 178 40
2 18 3
299 141 139
2 24 3
118 122 280
1 13 4
191 154 91 26
3 22 5
59 157 289 237 49
2 15 5
55 280 185 20 220
1 19 3
2 287 168
3 24 5
216 273 250 113 65
3 21 5
114 107 45 44 11
2 23 5
262 61 96 101 1
1 20 3
63 214 130
1 23 2
212 127
1 22 3
94 118 50
3 23 5
187 35 140 112 176
2 24 3
197 251 43
2 26 4
69 264 24 219
3 29 5
4 284 251 191 265
1 24 2
136 197
1 36 2
33 177
2 21 3
76 16 27
1 12 4
13 254 29 55
4 23 6
17 174 229 32 9 88
1 30 2
226 118
1 15 4
65 30 224 203
1 30 2
284 131
2 22 4
76 13 75 175
1 24 3
96 60 217
1 16 4
170 45 94 148
1 11 5
208 131 234 18 259
1 15 4
173 203 152 146
4 23 6
185 69 186 74 239 231
1 22 2
231 91
1 14 5
267 225 249 8 116
1 13 5
73 111 71 270 171
3 15 5
133 110 241 199 127
1 10 6
38 109 83 183 270 174
1 15 4
122 38 236 273
4 25 6
294 251 98 91 223 194
4 26 6
94 30 74 23 198 78
1 24 2
243 262
2 19 5
237 293 9 253 45
1 32 2
152 114
1 12 5
42 176 105 48 298
2 20 5
267 209 239 263 62
1 30 2
33 105
1 17 3
163 129 279
1 10 6
299 153 245 19 41 201
1 13 4
207 286 179 8
2 18 6
27 6 217 274 214 229
1 18 4
182 102 20 135
1 24 2
3 135
4 26 6
208 152 222 79 168 114
3 27 5
13 97 219 293 236
3 22 6
283 151 109 41 200 265
3 23 5
115 106 132 221 33
1 16 4
26 175 148 34
2 22 4
45 150 70 35
3 15 6
28 75 168 43 127 45
1 13 5
24 30 114 232 90
2 23 4
200 22 231 51
3 17 5
81 199 175 59 223
1 11 5
146 113 108 122 227
1 26 2
113 9
2 19 5
217 102 195 88 26
2 25 4
44 270 108 30
3 21 6
266 93 172 95 103 54
1 20 3
217 124 27
1 21 2
272 154
3 18 5
113 83 254 133 159
1 22 2
213 165
2 20 5
291 164 292 294 101
2 19 5
219 264 164 132 52
2 29 3
8 248 147
1 31 2
100 166
2 21 4
180 3 49 166
1 29 2
283 80
3 21 5
58 20 158 208 9
4 25 6
289 189 261 239 10 84
1 22 3
213 168 251
3 22 5
16 101 121 153 6
2 16 4
36 205 160 272
3 24 5
256 62 296 97 205
3 12 6
224 19 232 22 90 145
2 16 3
252 239 149
1 15 4
193 283 24 17
1 15 5
255 114 1 163 238
4 19 6
254 270 240 14 75 37
2 18 5
87 257 292 289 277
1 20 3
120 17 207
2 17 6
274 294 128 4 39 78
1 16 4
19 240 119 207
2 19 4
163 173 71 265
4 17 6
25 280 63 183 80 34
1 20 3
257 70 232
1 11 5
66 134 268 18 166
4 22 6
203 48 111 232 3 292
1 22 3
58 177 146
1 26 2
212 261
2 22 3
9 235 56
3 26 5
206 45 80 251 21
1 12 6
206 51 247 150 177 68
3 24 5
165 45 128 3 259
1 21 2
66 277
2 16 6
220 53 7 77 8 92
1 18 3
254 124 58
1 13 5
110 146 7 207 174
2 22 3
137 263 22
1 13 3
227 170 247
3 23 5
191 35 33 23 227
4 25 6
26 1 27 136 188 124
3 19 5
32 21 109 76 177
2 21 4
211 164 188 146
3 16 5
143 158 88 144 29
2 12 6
163 22 74 92 93 290
2 19 5
141 106 135 93 148
2 15 6
23 76 252 145 79 244
2 15 4
158 78 49 76
1 15 2
278 66
2 20 4
23 163 249 76
2 30 3
47 148 16
3 18 6
60 163 167 261 277 82
2 18 3
164 92 234
1 26 2
287 113
1 23 2
292 247
1 34 2
178 196
1 22 3
0 60 96
1 26 2
281 270
3 27 5
292 193 256 13 211
1 15 4
130 235 269 266
3 19 6
226 141 72 176 231 287
1 13 4
83 11 169 38
3 18 6
291 146 68 197 131 111
1 13 3
71 27 63
3 22 5
32 207 181 42 239
2 24 4
261 108 41 90
1 36 2
176 194
2 23 4
256 128 104 294
3 25 5
126 285 97 248 111
3 21 5
91 195 27 282 102
2 18 5
127 129 264 67 148
1 23 3
128 85 40
1 30 2
206 163
2 13 6
293 199 254 253 245 263
1 33 2
93 216
1 12 3
158 280 187
1 17 4
174 60 87 96
2 14 5
281 114 16 21 78
1 22 3
132 144 189
2 14 6
249 241 108 239 0 31
4 20 6
182 12 83 223 39 115
1 23 3
284 249 234
1 10 4
241 52 249 133
1 17 4
69 277 0 251
2 23 4
9 153 34 128
1 18 4
243 233 169 177
3 23 6
171 125 152 14 222 146
2 19 5
100 226 118 135 274
1 20 3
206 238 167
1 25 2
54 128
1 17 4
2 280 59 211
4 25 6
198 94 76 289 37 237
1 16 4
95 286 237 241
4 20 6
208 40 268 150 91 287
1 15 3
29 279 55
4 29 6
70 270 169 101 168 1
1 26 2
270 245
2 28 3
217 195 203
2 16 5
203 121 114 281 53
2 21 4
130 142 266 183
2 16 5
28 180 254 14 236
2 23 3
126 285 157
2 14 6
238 29 169 190 199 232
2 20 3
265 102 239
1 15 4
250 173 275 257
3 23 5
224 261 191 242 84
1 27 2
162 38
2 12 6
160 66 51 263 54 21
1 20 2
294 158
2 16 5
218 244 77 40 27
2 26 4
79 279 181 33
1 10 6
83 226 75 89 207 191
1 14 4
109 195 173 191
1 30 2
188 7
1 20 2
204 163
2 19 4
197 102 266 155
2 21 3
56 75 3
1 10 5
240 228 22 53 227
2 23 4
159 68 126 112
2 18 6
107 84 117 166 209 198
1 20 2
145 14
1 13 5
201 51 278 276 262
1 16 3
134 207 107
1 23 2
17 173
1 29 2
37 73
1 23 2
201 256
3 22 5
138 242 136 58 36
1 24 2
32 285
1 10 5
96 280 286 249 233
2 27 4
42 68 85 182
1 15 3
287 286 295
3 27 5
194 111 116 84 60
3 21 5
273 291 221 271 88
2 27 4
117 202 88 211
1 13 3
262 107 139
1 26 2
163 268
3 24 5
175 142 198 298 206
1 18 4
134 207 61 246
2 24 4
147 91 159 80
1 24 2
179 189
2 16 5
122 79 124 239 51
2 14 6
191 295 97 14 9 98
1 29 2
163 30
1 33 2
234 84
1 29 2
76 181
3 26 5
172 188 153 120 128
3 20 5
139 150 163 188 228
1 11 6
35 3 56 106 77 113
1 17 4
2 40 296 217
2 24 3
148 78 191
3 20 6
165 207 275 140 6 67
1 18 4
294 141 112 182
4 23 6
111 209 297 43 149 226
2 14 6
167 45 127 14 170 53
3 20 6
141 156 8 171 9 119
1 34 2
206 111
4 28 6
88 184 106 243 253 206
1 24 2
56 188
2 14 4
10 8 179 247
2 19 4
1 95 252 241
1 35 2
195 211
2 30 3
159 210 168
1 21 2
168 295
3 21 5
185 73 223 20 139
2 17 6
197 23 130 30 54 94
1 12 6
214 261 176 278 78 228
1 19 3
149 183 53
4 26 6
210 51 128 267 113 240
1 17 3
1 0 78
1 12 6
219 126 3 14 78 31
1 11 6
59 115 62 198 181 208
3 18 6
142 214 46 129 75 212
2 13 6
296 149 180 73 247 293
1 20 2
154 105
2 16 5
267 268 208 38 293
4 21 6
32 74 268 39 123 34
1 12 5
142 4 281 120 185
3 23 5
7 125 232 263 101
2 28 3
194 191 240
2 21 3
252 56 265
3 22 6
216 152 239 263 192 274
1 19 4
6 2 251 222
1 21 2
127 67
1 25 3
215 46 210
1 13 5
1 83 52 120 241
2 14 5
193 164 203 120 22
2 14 5
96 179 72 230 249
2 27 4
189 4 81 202
2 19 5
159 161 230 101 3
2 16 4
179 271 131 239
1 23 3
3 282 233
1 12 4
186 205 126 64
1 16 3
3 241 280
3 19 6
71 103 133 236 181 74
1 16 4
273 258 202 223
1 14 5
165 251 100 81 253
4 23 6
97 10 234 180 185 168
1 12 4
19 45 110 238
1 10 5
40 37 258 186 56
1 16 4
70 265 269 193
2 31 3
266 137 248
3 23 5
117 173 230 159 144
1 18 4
30 249 227 210
1 13 3
133 71 115
1 16 2
126 48
4 25 6
73 216 138 239 41 122
2 18 6
22 125 214 13 33 257
3 21 5
286 75 182 53 102
1 27 2
262 268
2 15 6
234 16 246 65 178 291
1 24 2
24 135
2 16 6
68 19 10 123 103 53
3 23 6
104 158 216 209 74 176
4 23 6
261 275 158 255 92 50
2 23 4
14 264 132 253
2 24 3
211 71 115
1 12 6
96 296 236 219 254 245
3 20 5
171 227 274 108 71
1 17 3
180 94 254
2 27 4
196 23 64 184
2 31 3
18 30 285
1 34 2
216 166
1 30 2
210 86
2 32 3
87 196 174
2 22 4
157 76 41 140
4 22 6
218 35 43 21 33 77
1 20 3
268 42 60
1 15 2
158 280
4 16 6
110 154 161 258 92 124
2 15 4
187 242 115 89
1 14 4
291 153 97 201
1 26 2
182 89
1 9 6
108 141 233 203 132 78
2 19 4
80 69 19 274
2 17 5
224 90 64 35 184
1 23 2
289 21
4 21 6
257 204 197 199 251 37
1 15 5
209 31 169 153 72
3 14 6
232 119 213 63 92 297
3 20 6
13 239 193 173 1 263
3 23 5
190 77 129 90 172
3 22 6
23 99 262 80 285 117
2 26 4
211 278 282 2
1 34 2
209 150
1 24 2
114 131
2 22 4
196 138 179 292
2 15 5
201 73 254 145 2
1 25 2
258 245
1 18 2
245 29
1 25 2
263 153
3 20 6
93 36 28 210 69 257
1 13 3
299 107 134
3 22 5
89 188 219 246 189
2 32 3
119 250 172
1 22 2
180 105
2 19 6
146 2 237 159 209 251
4 29 6
236 257 229 182 61 90
4 28 6
47 194 42 282 60 290
1 17 4
64 60 229 148
2 14 5
76 109 140 238 107
1 21 2
294 115
1 24 2
13 203
3 25 5
48 85 77 265 26
2 16 6
105 26 201 224 219 207
1 33 2
231 148
3 17 5
164 25 172 160 32
1 10 5
201 137 28 289 151
1 8 5
102 40 278 95 254
1 13 5
101 234 108 212 164
1 18 3
153 9 56
3 21 5
294 12 34 117 170
1 30 2
229 277
1 26 2
202 89
1 20 2
74 19
3 23 5
269 213 13 205 106
1 13 5
213 116 108 67 95
3 21 6
146 72 112 225 290 237
2 31 3
53 85 250
1 12 5
265 143 279 104 165
2 17 5
139 19 171 175 48
1 9 4
164 167 280 32
1 27 2
23 201
1 32 2
211 273
1 26 2
234 281
1 25 2
46 237
1 14 4
24 294 149 227
1 10 6
165 172 226 11 54 239
1 18 2
29 193
1 11 5
82 186 231 90 25
1 28 2
214 290
2 18 4
146 109 7 64
2 24 3
50 46 96
2 20 5
213 267 158 207 216
4 24 6
296 58 69 266 234 164
2 25 3
12 191 84
1 12 5
176 74 263 99 50
2 27 4
147 4 11 181
1 22 2
218 48
1 19 3
64 161 106
1 12 6
59 98 23 36 237 137
1 16 4
0 275 268 278
3 21 5
264 87 226 82 145
1 16 4
244 228 30 5
1 15 2
83 32
2 14 6
241 271 134 95 250 25
1 26 2
202 12
2 24 3
30 262 126
1 18 3
82 258 10
2 24 3
47 52 130
1 29 2
150 42
4 21 6
79 88 74 230 274 87
1 24 2
60 71
1 20 3
243 200 294
2 14 6
67 195 220 183 14 3
2 21 3
99 8 173
1 22 2
248 164
1 15 2
38 32
3 20 6
14 180 164 147 100 238
2 20 4
88 144 65 291
1 15 5
50 96 152 214 295
4 23 6
166 74 75 233 256 206
1 21 2
22 129
3 21 6
211 8 119 154 112 190
1 20 3
126 190 148
2 16 5
208 244 280 80 257
1 13 4
139 78 266 110
1 19 2
158 170
1 23 2
269 185
2 12 5
247 290 203 224 249
1 18 4
90 135 171 222
1 23 2
163 288
2 15 6
64 100 223 127 172 245
1 29 2
82 276
4 17 6
164 49 66 290 140 105
1 17 3
42 297 226
2 21 5
3 242 251 74 194
3 23 5
248 125 169 0 221
1 33 2
184 267
1 16 3
64 137 5
3 16 6
127 268 185 139 8 161
2 15 6
104 150 58 153 119 208
2 30 3
100 189 221
1 26 2
281 150
1 12 6
33 198 249 235 251 228
1 15 4
166 292 123 29
1 13 5
101 280 97 188 39
1 7 4
143 203 8 295
2 23 4
238 145 250 214
2 21 4
278 110 196 77
2 23 3
223 161 144
1 26 2
119 105
1 13 2
36 126
1 13 5
5 163 267 287 23
1 10 6
99 120 101 21 145 34
1 14 4
157 8 232 174
2 16 6
292 287 21 111 112 239
1 39 2
182 206
3 22 5
144 83 100 190 90
2 28 3
189 127 273
1 30 2
106 186
3 26 5
182 243 207 96 48
1 10 6
109 181 17 12 223 224
1 16 3
6 244 204
1 26 2
97 124
1 32 2
148 271
2 17 5
129 63 62 98 109
1 23 2
53 72
1 12 5
146 293 279 65 195
1 27 2
45 140
1 17 4
126 76 152 236
3 20 6
52 234 17 149 261 147
4 24 6
84 125 221 214 220 238
2 15 5
83 230 90 157 85
2 24 3
43 51 10
1 37 2
182 178
2 27 3
152 71 273
1 10 5
127 103 10 281 78
1 10 6
161 158 119 110 69 245
1 12 5
185 30 160 102 218
2 25 4
38 206 267 77
1 14 4
8 0 149 96
2 22 4
68 154 73 131
1 14 3
8 83 50
3 22 6
46 257 84 238 3 225
1 17 4
211 21 89 108
1 16 2
296 22
1 18 4
266 18 200 117
2 29 3
243 152 258
1 10 6
204 247 252 12 162 277
1 20 3
80 130 3
2 30 3
195 206 130
4 24 6
93 244 171 23 64 259
1 11 6
189 171 186 239 129 69
3 14 6
296 86 197 88 90 226
3 21 6
76 29 266 85 107 31
2 18 4
26 89 16 42
1 22 2
167 212
2 15 6
92 84 204 221 35 101
1 12 2
158 296
2 22 3
145 203 33
1 16 4
36 98 276 150
4 23 6
132 294 60 297 266 295
4 18 6
254 205 183 287 245 143
2 14 6
265 179 41 104 197 72
1 23 3
236 100 199
1 9 5
17 239 88 296 72
2 19 5
251 268 289 29 143
2 13 6
142 64 167 269 16 264
2 14 4
110 238 11 36
4 24 6
207 205 24 85 134 137
1 24 2
247 176
4 26 6
35 136 174 196 84 155
3 23 6
1 148 220 182 36 120
1 18 2
269 208
1 16 3
22 111 8
2 17 6
251 100 291 265 185 250
1 18 3
146 99 85
1 16 3
123 42 27
1 18 3
28 244 198
2 20 4
88 263 136 14
2 8 6
54 223 75 179 199 36
1 21 2
115 294
4 25 6
291 277 74 13 86 184
2 29 3
221 175 192
1 33 2
266 50
1 13 5
45 282 158 39 11
4 16 6
252 32 164 111 60 203
3 17 6
280 210 103 293 153 57
2 18 4
75 29 112 257
4 23 6
149 94 52 194 2 220
3 20 6
253 54 286 100 270 10
1 13 5
248 144 63 137 189
2 24 4
150 73 139 106
1 32 2
7 174
1 21 3
159 101 130
2 18 3
12 79 28
4 17 6
293 288 197 290 17 29
2 12 6
191 135 280 32 283 103
2 26 4
270 174 169 106
3 19 5
35 65 278 223 128
3 27 5
68 101 24 188 290
1 19 2
18 203
2 16 5
122 276 246 6 115
1 15 4
72 153 236 179
3 21 5
117 235 275 295 34
1 30 2
297 251
1 21 2
89 98
2 27 3
141 69 292
3 25 5
178 4 40 41 208
2 15 6
90 42 241 248 252 271
1 12 6
91 234 50 255 77 276
1 12 4
37 110 138 254
2 18 6
157 23 178 230 169 108
1 30 2
171 212
4 23 6
191 36 116 266 158 150
1 11 5
155 20 160 127 247
2 21 3
21 82 151
3 21 5
274 5 182 18 252
2 18 5
193 265 146 288 96
2 22 4
27 207 98 191
1 33 2
291 61
2 19 4
180 102 62 240
3 22 5
136 197 59 294 222
1 32 2
62 283
2 24 4
153 184 275 240
1 21 2
250 134
2 15 5
282 32 38 221 228
1 24 3
210 231 68
2 18 4
78 51 246 267
2 16 4
10 32 289 72
2 28 3
3 286 112
1 17 3
71 187 39
1 24 2
178 146
2 16 6
12 147 254 229 14 110
1 17 4
173 73 171 88
2 19 6
251 202 40 70 209 169
2 22 4
19 285 80 277
1 12 4
92 263 59 260
2 17 6
214 104 189 38 111 257
1 11 6
140 66 36 42 206 268
1 12 5
292 120 218 142 28
1 28 2
168 188
1 10 6
139 216 252 187 272 185
1 17 3
185 5 12
2 25 3
11 117 218
2 20 4
85 19 120 25
1 34 2
195 101
2 21 4
225 142 245 238
4 26 6
88 261 47 54 20 209
1 13 3
105 12 199
1 20 2
257 103
1 29 2
131 171
2 20 4
16 144 98 163
2 30 3
284 145 62
2 18 4
185 18 165 204
4 19 6
236 297 203 280 138 218
2 21 3
208 278 44
2 17 5
282 78 267 226 123
2 24 4
99 237 142 181
2 20 4
90 67 7 3
2 14 5
66 12 128 249 134
1 19 3
150 156 132
4 14 6
38 63 75 203 2 227
1 27 2
42 159
2 17 6
118 27 271 265 105 116
2 26 3
61 146 185
1 14 5
2 66 214 236 275
2 22 5
171 110 30 27 101
1 25 2
96 278
3 21 5
45 200 228 257 295
1 19 2
0 291
1 12 6
158 18 183 70 128 196
1 17 2
246 88
2 25 4
254 192 162 166
1 15 4
42 177 75 89
3 23 5
68 218 9 175 233
2 24 3
247 192 168
3 19 5
263 287 175 143 135
1 19 3
130 219 48
1 13 3
157 145 232
3 22 5
18 102 275 240 24
4 26 6
4 93 253 118 250 88
1 14 5
131 130 178 75 251
2 23 4
47 273 16 256
4 26 6
32 148 13 96 297 116
2 18 6
194 90 35 248 22 101
1 14 4
274 162 293 203
1 13 4
107 185 54 260
1 38 2
61 162
3 21 5
175 30 134 272 32
1 25 2
170 157
2 17 5
188 142 141 132 77
2 19 5
269 171 125 161 207
3 16 5
145 183 77 54 134
1 22 3
178 53 120
2 31 3
242 73 276
2 23 3
294 149 183
1 26 2
267 262
1 21 2
16 49
1 14 5
275 88 225 86 142
1 13 5
108 77 29 43 257
1 14 3
12 168 104
1 23 3
7 12 41
1 29 2
111 267
2 24 3
272 18 242
1 20 2
201 149
1 15 5
139 222 168 237 14
1 13 5
139 117 44 34 17
1 14 4
241 167 231 170
2 12 6
82 283 298 35 43 146
3 22 5
213 207 158 256 273
2 23 4
256 181 260 126
1 14 4
22 106 17 104
1 27 2
186 156
1 19 2
170 143
1 27 2
161 222
3 17 6
207 258 280 249 297 56
1 17 2
180 259
1 32 2
284 299
1 14 5
180 217 195 85 204
4 22 6
50 137 86 166 65 265
1 22 3
153 174 292
2 21 4
137 113 207 125
4 20 6
282 230 48 170 137 247
2 15 5
158 259 170 104 219
2 18 5
19 276 18 5 87
1 28 2
157 69
3 18 5
150 254 283 154 208
2 28 4
217 31 195 202
1 23 2
13 63
3 18 6
176 11 274 280 212 73
1 23 2
129 99
2 21 4
148 59 9 157
1 22 3
39 192 240
3 24 5
96 20 38 64 207
1 26 2
260 242
4 26 6
296 181 166 222 105 264
1 16 4
158 211 260 193
1 27 2
115 210
2 17 6
242 68 26 171 133 11
2 14 3
91 56 239
1 17 3
254 141 96
3 27 5
32 175 177 106 128
2 34 3
100 181 196
3 17 6
45 247 0 91 77 73
2 23 3
21 241 194
3 21 5
268 7 293 185 139
1 12 6
172 104 184 23 232 193
2 14 5
90 33 141 208 36
2 17 6
263 262 1 2 61 267
1 8 6
48 281 27 278 185 5
4 25 6
236 199 118 69 95 269
1 17 4
163 100 181 199
1 12 4
111 55 121 254
2 24 4
221 253 30 80
1 14 5
62 265 104 61 20
3 23 5
49 289 13 149 69
1 16 4
174 275 111 92
2 15 6
262 229 170 18 103 7
2 18 5
91 264 240 117 298
2 20 3
124 232 37
1 19 2
149 29
1 21 2
278 50
1 28 2
188 291
2 17 4
94 67 286 179
1 17 3
125 124 224
1 9 6
44 15 185 32 233 143
1 21 2
87 91
1 15 4
85 80 159 134
4 24 6
298 192 230 266 256 274
2 23 4
237 162 295 145
3 22 5
152 5 130 50 131
3 22 5
123 266 151 73 92
1 14 5
44 31 107 189 227
3 25 5
166 26 251 248 103
2 17 6
255 108 195 27 235 139
1 38 2
33 128
2 19 5
282 265 257 124 159
1 31 2
101 226
1 35 2
136 184
1 21 2
140 90
4 17 6
42 81 10 142 143 91
3 22 5
74 174 267 52 76
1 16 4
80 221 97 41
3 20 5
57 260 102 265 125
1 18 4
222 33 247 163
2 20 3
71 90 2
1 15 3
97 115 46
3 12 5
107 115 35 19 199
1 34 2
202 98
1 10 4
204 28 158 124
1 11 6
261 184 102 231 2 85
1 22 2
223 299
1 31 2
96 42
2 19 5
100 138 109 102 266
1 13 6
21 162 229 245 198 214
3 25 6
68 33 217 225 254 100
2 13 5
76 75 105 141 298
2 13 5
239 274 156 180 72
1 12 6
165 75 51 284 244 116
3 17 5
164 127 75 231 123
1 17 4
127 225 20 63
1 27 2
14 250
4 19 6
8 160 273 70 65 135
1 16 4
103 94 44 269
1 17 4
234 211 253 270
1 21 3
294 94 3
3 24 5
13 105 0 277 255
3 21 5
163 2 145 53 165
1 27 2
73 298
3 22 5
49 70 69 54 165
1 22 2
186 223
3 19 5
145 88 97 199 10
2 13 4
55 298 241 83
1 12 5
96 241 72 198 27
1 30 2
51 60
1 18 2
129 107
4 21 6
255 143 237 208 115 21
1 20 2
109 230
2 15 4
92 72 57 4
2 18 6
177 22 17 210 20 222
2 16 5
164 132 218 24 92
2 20 5
274 112 176 116 89
3 18 6
127 64 240 233 195 20
1 20 2
55 273
1 22 3
172 24 102
1 17 2
64 239
3 25 5
29 37 70 256 192
1 32 2
222 190
1 18 4
73 135 255 132
1 18 2
52 76
1 19 3
156 48 2
2 24 3
170 201 51
1 17 4
100 13 110 78
2 13 4
145 135 223 204
2 24 3
86 97 187
2 22 4
284 31 179 55
1 26 3
211 95 255
2 19 4
104 179 166 20
1 25 2
253 122
1 19 2
205 126
4 19 6
146 128 241 272 208 243
2 14 5
37 29 86 246 76
1 26 2
273 258
3 23 5
88 181 166 286 283
1 31 2
271 117
1 19 2
0 287
2 12 6
71 81 280 213 210 16
2 19 5
272 118 220 68 201
1 23 3
39 20 128
1 32 2
181 256
1 24 2
274 175
1 18 4
202 146 196 177
1 19 4
209 237 78 1
1 13 3
141 67 235
1 14 5
75 285 46 180 284
1 34 2
101 231
1 11 4
259 59 273 0
1 14 5
128 132 96 270 233
1 24 3
288 285 217
1 27 2
116 163
2 12 3
75 247 239
1 30 2
225 105
1 15 5
220 92 190 251 152
1 27 2
165 60
2 25 4
259 188 147 136
2 21 4
49 126 245 30
1 22 3
265 189 260
2 28 3
166 272 94
2 26 3
14 168 190
2 19 5
182 3 281 64 127
4 16 6
187 247 145 193 99 143
1 16 4
168 6 296 255
1 21 2
138 163
2 16 5
215 135 240 293 16
1 13 5
138 156 3 123 100
2 14 6
94 246 167 291 262 111
1 18 4
177 147 145 42
1 14 5
277 164 285 1 103
1 15 4
276 193 290 8
2 25 3
261 13 241
4 24 6
63 109 118 39 191 136
2 26 3
20 185 17
1 34 2
182 261
2 16 6
75 119 91 276 2 239
1 30 2
275 120
1 18 3
157 180 80
2 20 4
45 283 224 297
4 24 6
210 54 155 274 153 237
3 17 6
72 99 125 228 271 212
1 16 4
138 80 169 135
1 17 3
0 267 226
2 23 3
125 0 144
3 21 6
191 200 13 265 272 244
1 27 2
58 193
3 16 5
64 244 208 297 203
3 23 5
287 285 56 134 148
4 18 6
108 135 168 141 57 180
1 15 4
85 270 66 119
2 26 3
42 48 119
1 36 2
202 70
2 16 5
212 105 141 248 166
1 23 2
16 271
2 23 4
267 125 210 66
3 17 6
123 34 91 243 132 189
1 11 6
237 279 22 105 238 187
2 22 4
173 185 209 76
2 30 3
138 1 51
2 18 4
259 257 60 295
1 33 2
150 171
1 14 2
28 72
1 12 6
194 168 265 171 74 145
1 15 4
83 289 112 256
2 19 5
207 41 10 165 241
2 18 4
226 45 71 242
2 13 6
79 81 105 137 193 95
1 19 3
96 90 297
1 25 2
258 86
1 16 4
42 62 246 175
2 23 4
159 211 15 87
1 14 5
29 32 247 31 96
1 10 4
129 154 203 278
2 14 4
278 42 75 35
2 18 4
112 295 25 8
1 12 4
267 180 274 21
2 27 3
288 215 141
2 23 4
133 79 6 101
2 17 6
218 211 156 281 62 233
4 25 6
78 166 128 175 43 237
1 19 3
17 89 285
1 19 3
91 96 65
2 23 3
87 183 263
2 15 3
75 35 11
1 14 4
218 212 178 164
2 18 3
92 72 58
2 24 3
38 178 155
2 15 6
259 279 205 108 188 283
4 19 6
82 180 167 12 270 64
3 21 5
288 18 94 67 205
1 10 5
19 22 267 243 63
1 16 4
95 206 46 48
2 23 3
71 98 180
1 19 3
201 183 61
2 19 5
136 229 253 271 144
1 19 3
37 22 144
1 21 2
86 220
1 15 3
130 155 139
1 20 3
157 250 175
1 31 2
271 44
1 18 3
221 10 291
1 20 3
289 148 54
1 14 5
31 49 56 276 155
1 26 2
61 232
1 11 5
102 294 261 37 105
1 19 4
128 255 75 17
1 29 2
236 6
1 11 6
233 130 253 288 195 13
1 18 4
290 42 1 77
2 19 5
17 90 96 196 26
2 16 6
90 234 138 150 117 13
2 20 5
256 96 265 285 105
2 20 4
263 245 133 181
4 20 6
94 273 30 75 278 8
1 19 3
141 223 266
1 25 2
274 189
3 22 5
241 149 3 97 262
2 19 5
261 179 266 2 283
1 19 2
137 81
1 18 3
112 145 86
3 18 6
272 214 238 165 160 122
2 22 4
260 9 97 196
1 19 3
230 68 65
2 18 5
73 191 68 274 142
3 23 5
282 21 31 281 272
2 15 6
243 194 75 188 45 35
2 21 5
235 216 130 268 171
2 16 6
24 70 106 173 232 157
1 18 3
43 107 209
1 16 4
50 81 60 200
2 26 3
67 152 165
1 32 2
257 276
1 13 4
297 174 102 16
3 21 6
14 108 110 248 36 118
2 16 6
208 65 133 251 121 106
3 25 5
207 164 292 140 231
1 19 2
233 230
1 30 2
240 61
2 18 3
272 278 158
3 23 5
68 20 204 221 277
1 6 5
246 278 66 158 126
3 16 5
139 103 295 66 211
1 14 5
20 290 76 1 82
4 23 6
296 73 189 9 54 62
1 19 4
47 189 211 197
3 22 6
177 67 246 229 172 85
4 23 6
258 175 283 281 54 60
1 10 6
286 239 121 183 299 30
1 26 3
5 182 147
1 30 2
209 297
2 34 3
225 10 101
1 20 2
11 137
4 26 6
237 264 1 81 272 180
4 18 6
67 291 122 5 141 0
1 27 2
216 66
2 20 4
252 155 157 144
1 33 2
62 136
3 16 6
259 274 104 86 273 279
2 15 6
182 46 49 104 130 80
2 17 4
80 122 35 142
1 32 2
188 148
3 18 6
200 113 291 246 155 244
2 21 5
227 106 25 181 41
2 18 4
69 160 295 277
1 24 2
170 269
3 21 5
249 114 204 231 287
2 21 4
120 229 95 121
1 15 4
11 117 66 271
1 15 4
96 260 45 125
1 20 3
207 294 89
3 19 5
180 48 112 72 238
2 19 5
97 268 272 4 137
1 9 6
92 37 238 80 126 79
1 19 3
217 40 36
1 9 6
40 86 50 131 87 18
1 12 5
16 185 149 63 96
2 22 4
38 42 188 283
2 26 3
205 67 196
2 20 5
233 33 52 119 20
2 26 3
45 171 38
1 19 3
48 232 225
3 28 5
116 194 126 47 100
2 30 3
254 202 62
1 15 4
274 270 10 253
2 19 4
159 86 8 261
1 37 2
194 171
2 21 4
253 164 288 289
1 7 5
278 59 199 28 11
3 18 5
228 123 79 243 71
2 11 5
46 235 179 280 228
2 16 4
55 67 247 136
1 20 2
151 201
1 24 3
181 211 299
1 21 3
225 294 241
3 25 5
104 24 14 264 44
1 20 2
120 232
k 20
