300 1500 465
26 7 15 9 19 22 7 24 16 24 26 18 4 10 4 27 26 7 13 27 12 25 25 17 29 24 27 22 22 19 23 18 8 6 13 26 16 14 5 5 6 13 12 30 21 28 9 9 2 15 28 7 14 23 28 21 6 5 27 23 26 13 13 20 1 1 26 5 24 19 8 18 24 18 13 20 8 25 24 18 26 6 5 30 13 20 7 11 11 25 15 20 6 26 25 27 17 23 16 1 23 24 12 21 25 14 10 18 22 7 23 9 8 11 14 6 24 1 18 5 9 3 24 11 3 13 8 2 2 30 2 18 22 2 28 28 27 6 10 8 8 22 19 22 21 26 26 6 13 29 19 1 1 14 3 5 16 9 2 9 23 25 13 2 22 30 29 17 7 13 19 16 2 20 3 24 2 19 21 17 7 26 1 20 28 7 3 29 6 9 27 9 17 17 19 1 24 11 28 9 10 8 20 2 14 25 30 15 15 4 3 30 1 16 20 9 25 29 26 15 20 29 21 4 3 7 6 9 13 16 26 30 12 30 19 7 27 25 7 14 18 12 15 19 29 26 7 1 15 30 21 12 16 21 20 12 10 17 1 4 23 3 30 19 23 21 30 15 12 1 29 11 3 30 18 15 19 6 9 18 12 4 25 27 16 3 21 23 10 25 15 2 19 21 23 30 17 13 6 11
1 21 5 6 10 10 22 7 16 2 1 20 30 21 24 7 10 26 23 16 29 22 8 12 4 30 5 5 16 17 20 22 15 30 5 26 29 17 12 2 22 6 10 15 1 27 29 18 29 5 15 26 6 15 1 16 29 2 11 27 25 13 12 16 10 4 14 15 26 2 4 28 28 2 11 13 22 23 21 16 19 11 4 22 21 23 18 15 12 2 18 24 16 13 19 17 27 9 27 22 24 22 1 19 17 25 5 6 10 15 13 13 4 15 25 26 16 27 21 12 8 16 28 14 25 5 17 17 8 3 11 19 15 18 27 17 7 6 29 11 19 17 23 1 13 2 7 23 25 27 6 14 10 9 6 28 11 7 8 4 3 1 8 20 9 30 21 25 2 19 19 12 23 22 2 2 18 9 29 8 3 10 17 3 12 9 12 15 27 23 20 21 6 5 26 27 17 8 25 11 9 17 25 19 9 9 5 27 6 20 26 13 28 11 22 14 5 13 27 22 16 7 3 19 26 5 1 21 21 13 21 11 16 13 16 13 4 21 22 17 3 30 18 23 16 7 12 7 17 17 24 19 26 6 29 20 1 9 19 6 15 8 25 23 3 25 5 8 23 25 28 7 26 18 23 18 9 3 22 1 3 19 22 7 26 18 9 15 1 11 7 14 6 24 24 26 20 4 5 14
3 19 5
194 246 136 186 61
1 6 2
260 247
2 3 3
192 174 102
1 6 2
178 21
1 13 3
201 142 77
2 6 3
263 293 58
1 12 4
111 69 141 151
3 1 6
73 293 197 192 103 249
1 11 4
257 277 185 202
1 2 3
60 22 29
1 7 2
159 85
1 14 2
234 262
1 18 2
153 7
1 19 4
237 205 72 171
2 17 3
211 77 120
3 14 5
291 169 132 155 287
2 3 6
154 203 232 258 177 170
3 9 6
183 34 27 43 211 128
2 3 3
61 96 47
1 10 4
153 223 252 4
2 8 5
22 244 31 42 221
1 14 3
297 22 165
2 14 3
223 13 101
2 1 5
144 79 192 53 201
1 15 5
32 4 181 184 149
1 8 6
168 154 24 142 30 57
3 6 6
65 76 244 261 21 170
1 15 2
116 44
4 16 6
31 49 223 79 45 148
1 12 6
15 160 217 22 169 257
1 19 3
188 77 80
2 9 4
248 216 201 168
2 19 6
165 135 284 195 232 270
2 5 5
298 123 55 52 64
2 11 3
64 105 285
1 17 5
151 145 206 65 41
1 15 2
222 65
1 20 4
13 104 33 297
2 12 4
168 2 69 105
1 5 5
187 136 149 140 38
1 19 6
236 128 109 60 233 130
1 14 3
247 254 39
1 2 2
141 43
1 13 5
139 237 30 4 291
2 10 4
103 36 13 63
1 18 5
192 168 95 55 282
1 20 3
25 222 19
2 15 3
199 21 279
1 5 6
158 8 172 202 155 193
2 18 3
125 239 167
2 5 3
163 214 79
1 14 4
21 287 195 137
2 19 6
292 54 42 281 20 1
2 8 4
31 70 264 107
1 8 5
276 101 9 11 299
1 2 5
123 158 208 55 111
2 12 5
282 216 177 175 182
1 17 4
28 229 65 134
2 2 5
256 216 188 211 177
2 3 6
87 222 50 254 109 260
1 16 3
23 97 60
2 1 3
79 95 227
2 11 4
290 238 43 84
2 1 4
12 60 190 37
2 1 5
5 136 60 201 167
1 15 2
12 237
1 14 6
85 65 84 132 177 216
2 12 3
290 7 91
1 2 6
122 42 123 196 293 125
4 18 6
260 182 160 181 212 27
1 12 5
81 61 181 85 104
2 1 3
178 17 68
4 18 6
89 52 204 10 55 263
1 9 4
22 88 28 268
3 8 6
103 89 22 258 189 157
1 1 3
6 246 278
2 13 5
296 197 179 257 101
1 17 2
283 21
3 13 5
18 88 64 101 78
3 2 5
220 287 166 208 140
1 4 5
130 57 188 64 246
2 19 5
292 135 53 172 277
2 3 3
197 60 116
1 4 4
198 23 81 253
1 10 5
54 199 105 23 262
3 13 6
202 99 107 46 63 95
1 2 2
84 135
4 3 6
44 213 111 162 60 209
2 9 5
20 106 98 42 66
1 15 4
91 146 25 44
3 19 5
66 37 222 182 142
1 14 4
59 165 37 227
1 18 2
225 89
1 17 6
279 12 53 212 104 143
2 3 4
230 89 73 283
2 6 3
226 289 233
2 3 5
281 204 268 127 62
1 9 2
292 9
1 16 3
28 228 227
2 17 5
258 25 101 150 108
2 14 6
295 166 159 31 186 52
4 2 6
90 107 167 130 207 247
2 11 4
8 287 173 17
3 6 5
41 262 156 18 166
3 20 6
251 195 241 238 98 237
3 1 5
6 265 163 105 170
1 19 2
299 62
3 2 5
39 61 248 172 296
1 1 2
124 118
1 8 2
271 149
2 9 3
181 281 66
1 4 4
112 156 29 255
2 19 3
86 293 236
1 20 2
228 149
1 14 2
84 162
2 9 3
101 73 198
2 15 4
291 146 86 181
1 2 6
90 180 108 183 63 110
2 12 4
90 245 223 190
1 18 6
151 66 262 13 114 93
1 17 5
132 218 43 200 88
4 15 6
152 97 17 94 3 105
1 2 2
237 82
2 3 4
203 41 287 99
3 12 6
20 213 3 297 163 81
1 1 2
140 138
2 14 3
274 118 72
3 9 6
181 37 78 277 0 245
3 13 6
293 220 66 175 29 106
1 10 2
9 100
2 8 4
183 298 148 48
3 14 5
89 212 187 54 62
1 5 4
214 238 127 158
1 5 6
43 155 77 299 165 30
1 17 2
264 288
2 3 4
94 126 62 116
3 14 5
45 272 99 98 212
1 16 2
254 272
1 16 2
91 169
2 17 4
26 256 87 267
2 4 4
123 82 87 283
1 9 2
196 41
1 4 2
218 280
2 6 6
31 197 51 53 18 154
2 14 4
228 241 248 245
1 12 6
64 74 1 104 133 107
2 3 5
101 292 231 221 285
2 7 4
227 87 205 12
1 14 5
59 120 20 170 77
1 16 6
51 129 286 235 99 144
1 7 3
94 258 277
1 13 5
217 210 263 41 203
3 12 5
47 86 125 251 164
1 10 4
57 151 16 294
1 17 4
195 210 56 212
3 18 5
275 288 270 108 112
2 6 3
272 67 7
1 12 2
160 262
2 5 6
141 88 168 49 109 187
1 19 3
89 229 150
1 8 3
282 205 144
1 1 6
235 106 103 129 292 278
1 1 4
25 237 34 160
3 1 5
219 64 127 192 45
1 10 4
269 122 85 123
2 19 3
130 152 133
1 12 3
262 257 264
1 4 2
89 72
1 18 3
194 105 89
2 6 3
216 274 5
1 9 2
110 78
2 8 3
126 253 19
1 10 3
159 53 213
1 12 3
19 33 54
3 7 6
27 46 190 137 201 28
3 7 6
78 68 161 164 243 175
2 2 6
242 248 115 114 30 19
1 5 5
87 130 131 191 238
1 18 2
153 253
1 2 4
107 38 62 195
1 2 5
19 189 202 62 290
1 6 6
101 209 51 7 55 177
1 2 4
145 73 232 129
1 16 3
148 202 268
1 18 3
256 153 78
1 9 4
173 126 211 190
2 5 5
248 54 97 182 223
1 20 5
38 47 89 198 274
2 18 3
171 75 262
2 15 3
21 261 267
2 4 5
246 249 83 211 205
1 10 5
238 211 116 41 177
2 15 6
155 204 140 74 24 256
1 19 2
176 69
2 18 6
98 92 35 165 195 163
2 13 5
276 199 4 245 15
1 13 2
221 213
2 16 3
51 19 124
1 10 2
203 34
2 6 3
238 203 151
1 17 5
280 128 151 98 242
1 7 6
253 248 260 154 97 198
1 8 2
143 188
1 8 3
289 266 177
2 18 3
118 0 206
4 15 6
3 8 220 238 235 134
2 18 6
247 26 2 101 22 218
2 16 3
178 82 107
1 18 3
290 61 163
1 12 4
158 33 185 176
2 6 4
10 210 36 258
1 20 2
274 50
4 20 6
253 18 188 299 100 143
4 20 6
37 10 93 182 123 235
1 14 2
228 195
2 3 6
191 294 103 218 259 197
1 18 2
185 49
1 10 2
286 200
1 13 2
140 198
1 8 4
1 31 248 8
1 5 2
241 160
2 17 6
113 139 50 221 200 253
2 19 3
137 262 181
2 7 6
19 232 158 34 168 52
1 20 3
67 157 164
2 4 6
105 254 294 166 1 174
1 13 3
35 113 255
1 14 6
196 260 29 99 18 232
4 14 6
6 119 105 207 73 269
3 3 5
141 220 93 230 177
1 17 3
29 212 246
2 3 6
160 83 213 165 151 267
2 6 4
44 6 282 268
1 3 5
173 88 298 120 48
4 15 6
38 159 0 39 296 169
1 13 6
194 93 38 239 180 139
3 2 6
250 17 68 63 66 138
1 16 2
200 36
2 20 3
1 37 271
1 11 2
266 212
2 20 4
45 182 3 172
1 14 2
266 166
3 20 5
119 168 100 14 222
2 18 4
207 294 132 22
1 13 4
176 143 3 69
3 14 6
192 175 57 238 296 173
1 14 2
182 217
2 1 3
256 37 270
1 18 4
206 250 63 40
1 11 2
177 97
1 12 6
134 26 21 76 66 102
1 17 3
265 45 5
1 5 6
265 35 78 186 130 119
1 13 2
268 212
3 8 5
125 123 273 160 30
2 18 3
214 267 56
4 19 6
129 14 104 226 59 206
1 12 2
14 146
3 10 5
80 105 94 89 139
1 7 6
55 32 72 136 296 53
1 8 2
172 142
2 3 4
254 285 113 145
1 10 3
187 247 274
2 19 3
253 33 18
3 10 5
293 139 110 255 159
2 20 4
114 21 265 127
2 5 3
252 50 281
2 13 3
99 107 243
1 9 2
231 67
2 18 4
51 89 154 253
1 1 4
213 228 196 82
2 4 3
232 105 172
1 17 4
38 167 138 118
1 6 2
180 114
1 15 2
6 13
2 17 5
25 63 219 237 139
1 15 4
12 91 138 192
2 20 4
295 272 29 3
3 9 5
176 241 149 271 278
1 19 4
88 222 38 161
1 7 4
58 78 277 156
1 1 3
218 64 100
2 16 4
105 182 167 209
3 14 6
181 50 48 172 68 195
2 17 4
265 139 245 129
1 5 3
231 224 261
2 13 3
118 211 96
1 3 2
201 166
1 2 3
253 54 40
4 10 6
199 93 67 52 232 45
1 2 3
32 122 67
2 7 4
45 286 225 230
2 5 4
136 135 105 168
3 13 6
228 229 142 203 184 173
1 12 2
262 84
1 19 2
198 234
2 8 3
94 218 245
1 17 2
114 275
2 19 5
166 220 258 41 282
1 19 3
44 154 149
1 14 6
127 190 241 180 108 31
4 18 6
107 150 85 5 239 87
2 6 6
51 34 87 251 104 162
2 12 3
141 58 44
4 12 6
81 142 66 223 270 178
1 13 4
135 265 210 60
1 18 4
67 18 249 135
1 11 5
36 162 278 59 257
1 2 2
125 211
3 20 5
109 61 202 57 243
1 11 4
25 80 264 12
4 6 6
171 65 54 8 242 281
1 2 4
12 81 162 61
1 14 2
282 0
1 14 2
15 61
2 3 4
114 22 59 71
1 9 3
174 221 33
3 15 6
28 217 100 1 140 45
2 4 4
184 68 75 263
3 14 6
127 3 192 200 206 195
1 16 5
135 89 137 253 79
1 16 3
15 116 211
1 10 2
217 127
1 20 6
108 23 191 146 293 254
2 1 6
90 37 158 93 204 31
3 3 6
103 32 244 240 296 0
1 3 3
98 137 227
1 9 5
173 61 29 90 238
1 20 6
6 280 190 262 138 25
1 15 3
269 203 119
2 3 3
28 176 298
2 17 3
129 136 228
1 17 3
233 269 38
3 1 6
108 251 269 2 38 277
3 3 6
141 4 198 80 62 111
2 16 5
100 62 118 32 188
1 15 2
250 156
2 2 6
81 145 132 193 191 136
2 5 5
4 264 250 81 221
2 16 3
239 17 4
2 7 3
97 262 92
1 5 4
226 170 65 93
3 12 5
276 85 98 79 263
2 11 6
214 25 124 182 76 70
1 13 4
248 72 110 199
2 18 3
118 178 279
1 20 2
137 172
1 14 6
150 207 166 159 171 111
1 10 3
65 97 215
2 13 4
50 200 291 68
1 17 2
30 33
1 18 3
81 278 89
1 19 5
130 90 221 28 151
1 18 2
53 113
1 10 2
73 34
2 16 6
183 243 23 220 218 85
1 10 3
11 136 7
3 6 6
20 120 43 99 201 213
2 20 4
146 211 171 245
2 11 4
199 263 256 44
1 1 2
70 258
1 13 5
242 235 46 81 8
1 11 6
170 235 107 219 156 186
1 5 2
143 236
1 2 4
131 2 288 141
1 17 2
289 143
1 7 5
21 294 154 213 54
1 3 2
141 107
1 17 5
172 250 64 244 111
1 3 2
116 85
1 9 2
89 10
2 19 4
245 74 273 62
1 16 2
122 55
3 3 5
97 201 93 54 26
1 14 5
69 73 6 25 105
1 2 2
62 283
1 2 2
69 271
3 7 6
152 139 237 260 179 72
1 6 4
70 96 292 208
1 7 5
66 252 63 176 218
1 2 2
254 258
2 1 4
245 218 278 41
1 5 4
29 102 270 276
1 12 4
205 23 36 143
2 17 4
91 257 166 175
2 12 6
95 160 167 267 264 135
2 9 3
102 269 76
1 14 5
3 97 148 244 130
2 8 5
178 128 235 24 75
1 18 2
283 202
1 1 4
158 78 273 22
1 13 2
205 299
3 14 5
123 243 21 85 14
1 4 5
151 64 16 108 252
3 3 5
286 165 294 284 29
2 4 5
199 34 54 106 171
1 2 5
197 13 299 254 88
1 11 5
37 282 97 265 249
1 19 5
160 129 148 255 297
1 14 3
59 299 225
1 7 2
85 284
1 14 3
43 63 143
2 12 3
103 184 47
1 16 4
86 109 51 2
1 9 4
99 169 295 116
1 20 5
120 251 65 76 202
3 19 6
261 67 258 185 32 109
3 3 6
203 72 45 28 161 241
1 16 2
250 227
1 8 2
105 155
2 4 6
293 38 26 2 242 269
1 13 5
171 169 9 4 184
4 6 6
244 144 49 38 277 222
2 6 5
116 162 4 79 86
1 10 2
106 60
2 13 3
70 197 290
1 7 2
247 182
2 7 6
164 76 95 1 45 180
1 13 3
20 11 141
1 11 2
31 235
3 9 6
170 231 256 189 21 3
3 15 6
95 63 65 164 264 31
1 9 5
177 124 12 118 61
1 14 4
261 56 132 171
2 1 3
244 10 281
1 3 4
60 169 182 104
3 18 6
211 34 161 116 42 245
1 6 2
203 254
1 5 2
198 104
1 11 2
108 197
2 10 4
40 57 26 61
3 14 6
288 217 151 86 153 241
1 4 5
125 29 278 23 231
4 1 6
130 51 107 14 151 216
1 1 4
128 127 76 163
2 17 5
281 209 140 242 243
1 15 2
25 135
1 18 2
208 32
1 8 2
179 39
3 15 6
186 98 261 14 178 250
1 5 3
204 4 165
1 17 4
53 56 43 188
1 1 2
160 268
1 7 3
15 240 231
3 6 5
128 186 147 169 109
1 3 2
265 233
4 1 6
261 61 227 26 132 125
1 9 4
175 137 199 106
1 17 2
192 50
1 20 4
29 139 226 154
1 3 4
235 296 5 67
1 13 4
86 150 219 256
3 14 5
264 177 134 62 117
3 1 5
98 212 154 168 65
3 15 6
122 298 272 127 287 199
3 12 6
291 233 292 101 152 176
1 8 5
194 253 71 251 233
1 8 3
128 200 297
2 5 6
202 0 210 277 295 95
3 5 6
24 272 103 145 150 171
1 18 2
276 1
2 11 3
168 50 283
1 10 2
242 267
1 12 4
66 204 226 99
4 16 6
297 106 80 69 262 167
1 8 2
160 97
1 8 4
287 0 262 145
2 11 5
44 255 277 221 217
1 8 2
181 140
3 9 5
43 33 42 225 20
1 1 4
92 40 93 202
2 10 4
74 212 119 1
3 6 5
3 286 141 51 222
1 4 3
55 191 12
2 16 5
242 201 115 205 275
2 20 5
19 1 186 23 240
1 3 2
179 237
1 7 5
244 217 32 42 204
2 18 5
189 65 67 263 179
3 11 5
140 212 81 23 50
1 9 6
153 102 90 232 271 64
1 13 4
231 194 254 159
2 5 3
188 168 176
1 15 2
137 136
1 7 4
31 106 13 30
1 7 2
148 58
1 1 2
36 212
1 5 4
47 194 53 252
2 14 6
155 18 251 228 113 178
2 8 5
117 272 126 235 241
1 8 4
191 279 211 161
2 11 3
101 57 41
1 18 3
9 84 101
1 16 6
2 144 188 229 75 275
1 17 2
256 167
4 4 6
177 169 116 256 181 55
1 16 5
35 140 172 190 209
2 18 3
186 293 28
1 3 5
266 120 183 23 116
3 2 6
133 295 255 109 112 85
3 20 6
192 289 73 46 183 223
1 9 2
202 31
1 10 5
117 96 207 53 74
1 12 2
53 282
1 6 2
236 266
1 13 5
95 85 197 145 132
1 1 4
13 273 27 15
2 8 3
297 53 83
2 14 3
159 196 28
1 3 2
103 19
2 11 6
153 3 225 110 77 162
4 20 6
227 53 82 122 196 72
2 19 4
191 226 299 189
1 1 4
55 30 149 25
2 17 3
118 55 119
3 15 5
80 298 4 226 194
1 2 3
84 154 207
1 2 2
172 194
4 16 6
263 105 13 98 156 162
3 14 6
89 286 25 197 1 19
1 20 5
102 22 256 274 168
1 6 4
254 283 162 55
4 18 6
260 160 249 72 119 207
1 16 3
215 161 216
4 19 6
248 46 262 197 221 25
2 9 4
173 221 19 4
1 2 2
173 268
3 10 5
25 283 242 60 30
1 9 3
5 249 148
1 19 2
270 28
2 15 3
186 86 171
2 4 3
248 188 126
2 11 3
156 107 25
1 10 5
261 214 103 132 96
1 18 6
169 193 191 111 218 117
3 16 5
56 188 247 46 183
2 5 4
11 78 200 83
1 16 3
81 91 48
2 12 4
199 145 70 223
1 17 2
84 61
1 9 2
15 68
2 11 3
56 34 25
1 6 3
298 275 86
2 3 5
1 214 278 197 104
1 7 5
126 155 49 277 11
4 17 6
68 43 188 202 223 174
2 5 6
4 295 59 71 116 81
1 12 5
146 2 280 143 160
2 10 6
183 228 153 132 241 49
2 4 4
178 76 222 138
1 20 2
58 233
1 17 5
174 41 293 176 70
1 9 2
78 58
2 10 6
140 31 82 12 297 211
2 16 6
64 91 39 287 225 27
1 10 6
280 97 279 217 171 196
3 5 5
139 266 101 105 73
2 12 5
209 8 118 102 185
1 15 4
72 8 47 209
2 19 4
43 202 244 232
1 2 6
246 43 231 6 244 208
2 16 3
272 18 299
1 7 2
33 66
1 2 4
228 252 150 250
3 2 6
12 125 252 150 130 190
1 10 2
191 152
2 5 3
160 36 206
4 8 6
142 220 278 205 159 8
1 4 2
233 166
3 20 5
53 256 252 73 246
2 12 5
202 16 170 184 92
1 18 4
179 19 48 247
3 9 6
213 59 28 266 235 61
1 6 6
32 214 167 5 51 188
2 12 3
275 243 172
4 6 6
259 73 91 84 285 40
1 10 2
1 263
1 15 3
294 226 251
1 7 2
86 44
1 4 6
288 293 290 232 6 60
2 6 5
290 187 143 101 251
1 10 6
158 116 2 276 182 181
3 15 5
236 43 142 40 88
1 14 3
29 107 127
1 7 3
43 45 197
1 8 2
215 31
1 10 5
258 98 249 225 134
2 17 6
272 223 84 165 89 185
2 6 6
228 229 49 45 279 73
2 19 6
186 143 256 246 286 69
3 11 5
21 9 196 63 187
2 7 3
184 63 291
2 1 4
209 287 158 220
1 13 2
239 107
1 13 2
282 162
3 14 6
232 204 178 230 31 188
1 11 2
221 152
2 9 3
16 185 291
1 20 2
270 195
2 1 6
240 200 45 40 275 135
2 10 3
14 206 63
2 13 3
165 76 30
1 16 4
145 215 182 185
3 15 5
185 259 245 252 125
3 12 5
261 153 36 56 58
3 12 5
274 9 144 75 167
1 12 6
148 133 143 59 32 299
2 9 4
197 117 261 283
1 11 4
152 169 251 96
1 16 4
37 287 43 152
2 1 3
219 294 131
1 9 4
45 159 250 30
3 14 6
176 242 30 135 88 172
1 2 2
113 172
2 4 3
228 177 212
1 3 2
103 156
1 1 2
224 66
2 2 4
90 55 7 123
2 14 3
138 66 105
1 2 4
169 6 197 26
3 20 6
162 60 226 273 150 299
1 19 4
152 229 117 278
1 9 5
277 88 100 132 68
1 4 2
72 12
1 14 2
0 232
1 1 2
26 220
2 20 5
198 160 139 71 57
1 7 2
149 275
1 8 3
99 227 298
3 13 5
299 163 79 24 154
2 12 6
183 169 204 127 167 55
1 20 2
190 79
1 15 4
268 152 37 95
2 1 3
40 120 3
1 18 2
151 249
3 16 6
144 209 166 52 227 257
1 13 4
269 208 70 234
2 12 3
69 40 75
1 1 4
258 79 268 215
1 5 2
147 273
3 15 5
152 258 27 227 98
1 3 2
188 120
2 17 4
168 176 38 252
2 1 4
249 101 125 271
1 6 6
275 188 238 229 212 251
1 2 2
3 31
3 14 6
216 34 36 179 62 296
1 12 4
181 199 282 232
2 16 3
99 294 102
1 20 3
107 167 189
2 6 3
23 84 58
3 1 6
204 223 259 8 42 71
2 9 4
278 167 97 93
3 12 5
256 22 62 139 85
2 13 5
77 44 273 32 217
1 12 5
261 212 245 27 41
2 10 6
224 132 170 139 165 290
2 5 5
113 210 90 238 166
2 15 4
46 36 18 187
1 3 5
169 292 153 230 56
1 8 2
284 181
1 17 5
172 208 57 47 110
1 15 2
254 119
1 1 6
53 105 3 16 188 237
2 8 6
137 37 143 267 89 288
1 8 4
249 122 140 115
1 3 2
81 127
3 11 5
46 125 56 60 194
1 1 2
79 169
2 4 5
189 262 12 220 297
2 10 6
151 285 280 26 42 177
2 8 3
171 276 258
2 20 4
298 91 28 286
4 6 6
1 80 167 285 2 296
2 13 6
104 257 106 149 254 73
3 15 6
16 230 294 136 285 266
1 6 5
33 212 31 74 251
3 3 5
245 113 88 287 108
1 11 5
259 245 107 220 12
2 16 4
53 218 276 100
1 19 4
16 53 72 282
1 12 6
162 138 13 77 217 103
2 4 5
170 168 291 213 157
1 1 2
112 221
1 8 2
248 235
1 10 3
257 299 259
3 4 5
90 266 104 21 70
1 2 5
216 38 281 197 186
1 14 5
229 41 246 23 264
2 9 3
88 210 54
4 19 6
128 72 290 31 75 67
2 20 6
271 138 63 59 227 189
2 7 6
214 164 42 280 252 253
4 10 6
296 156 169 173 32 286
1 9 4
29 186 144 81
4 2 6
98 195 64 35 285 31
1 11 4
74 111 165 197
4 14 6
42 69 75 240 118 48
2 8 6
131 263 165 71 282 130
1 19 2
286 61
1 2 2
91 80
1 2 6
106 192 81 102 266 159
2 10 4
33 271 86 162
1 5 2
257 148
2 4 6
83 289 34 14 241 292
3 16 5
119 138 93 239 105
2 20 6
297 94 46 201 242 187
1 13 5
74 86 178 123 38
3 9 5
210 102 284 133 60
1 4 6
121 218 259 203 44 105
2 8 6
206 293 288 226 35 297
2 4 3
25 28 51
2 8 5
297 189 238 234 123
3 19 6
195 266 217 172 140 2
2 3 6
275 25 226 4 259 142
1 12 2
276 262
1 2 2
264 29
1 2 2
155 26
1 16 4
184 234 109 232
4 11 6
229 75 199 25 11 204
2 9 5
261 82 158 81 27
2 1 6
28 99 291 23 107 229
3 11 5
167 132 212 150 82
1 14 6
69 203 161 143 140 248
2 15 3
244 1 116
2 9 3
117 144 18
2 20 5
35 5 227 75 107
1 17 5
155 90 70 46 202
2 16 6
157 203 115 40 140 297
2 8 5
275 109 44 117 29
2 2 4
25 72 5 175
3 4 5
202 189 224 100 173
1 18 2
98 208
3 1 5
114 117 235 218 161
1 2 2
91 145
2 15 4
172 175 100 292
1 13 4
261 41 46 81
1 4 3
47 147 29
2 12 6
9 260 79 164 64 143
4 6 6
236 136 34 118 199 74
2 1 6
145 84 197 245 129 109
2 17 3
65 52 236
1 18 4
173 17 266 32
2 12 5
33 128 156 184 226
1 12 4
18 54 106 276
1 18 2
180 37
3 5 5
295 276 142 242 251
2 13 3
84 192 237
2 12 4
149 281 276 81
1 13 5
200 92 285 224 91
2 9 4
203 83 179 79
1 15 2
270 21
1 11 5
149 142 203 48 31
1 20 2
229 116
1 4 6
117 139 197 32 268 221
2 3 6
259 58 49 226 104 247
1 9 3
107 84 90
2 1 3
297 124 136
1 6 5
267 96 4 84 32
4 1 6
168 143 235 211 247 109
1 9 4
261 174 264 253
1 7 3
155 137 279
3 4 6
195 7 28 263 52 178
1 4 6
265 244 132 80 48 261
1 8 2
290 94
1 19 2
188 139
3 3 6
211 201 242 289 79 51
1 4 2
159 232
2 2 4
149 276 131 212
2 4 5
126 46 49 235 119
2 3 3
155 79 245
1 1 6
97 239 153 173 42 275
2 11 5
256 255 122 146 66
1 17 2
37 54
2 3 5
40 177 7 202 105
1 12 2
197 171
1 7 2
41 156
2 3 6
145 120 24 298 236 3
3 9 5
73 212 88 33 238
2 3 3
276 7 214
2 5 6
297 268 258 201 46 225
2 7 3
94 8 135
1 19 3
118 48 91
3 4 5
234 2 211 83 253
2 2 5
242 47 208 4 90
2 1 4
64 0 143 278
1 1 2
84 48
1 15 4
174 89 272 276
1 12 2
217 286
1 13 2
35 280
1 1 2
64 243
1 17 3
145 148 146
1 3 2
35 159
1 19 3
113 209 77
1 5 3
60 76 274
1 7 4
58 244 283 270
2 13 5
161 195 273 66 282
1 10 6
29 86 78 159 127 149
1 10 2
16 114
3 3 5
231 53 276 97 121
1 20 2
232 58
1 6 5
158 80 166 3 230
1 15 2
136 107
1 4 3
79 23 142
1 5 6
141 149 33 172 206 151
1 5 4
115 143 141 118
1 17 4
16 185 73 48
4 20 6
75 202 292 121 54 270
3 1 5
35 184 159 164 230
4 20 6
226 181 267 70 69 285
1 19 3
163 52 294
1 3 2
172 188
1 16 2
118 249
1 11 4
185 290 51 71
1 17 4
208 132 258 58
1 19 3
180 238 250
2 11 4
231 31 159 72
1 6 2
137 197
1 20 3
227 238 273
2 11 3
268 173 252
2 5 5
278 74 271 103 15
1 20 2
104 212
2 10 3
298 207 23
2 7 5
155 25 16 89 29
1 3 2
19 254
2 10 6
63 33 45 1 264 247
2 2 4
69 176 209 216
1 19 6
36 283 44 148 274 143
1 5 6
93 207 269 38 251 192
1 1 2
119 274
1 3 2
101 47
1 7 2
113 12
2 15 6
128 294 25 272 179 262
2 20 4
88 272 197 224
1 10 5
197 37 117 255 155
1 9 4
172 228 235 191
1 1 6
3 23 241 91 52 60
3 19 5
65 220 248 192 95
3 6 6
286 0 56 158 256 99
2 17 5
13 288 5 181 121
2 19 3
172 106 287
4 11 6
83 259 250 99 38 155
1 3 5
102 10 276 275 171
1 10 4
290 86 227 127
3 10 5
71 46 202 126 167
1 9 2
290 209
4 13 6
106 285 76 71 65 51
1 8 3
298 119 203
2 20 6
208 54 165 160 259 185
2 16 4
22 170 272 30
1 5 3
243 48 64
1 14 5
295 195 213 277 234
2 12 4
96 178 61 75
1 19 4
255 248 166 211
2 3 6
244 155 26 90 55 102
2 14 5
274 271 298 208 287
3 18 5
233 249 17 127 90
2 4 3
254 127 26
1 10 2
291 267
2 17 4
172 98 79 75
4 19 6
53 50 260 242 193 271
1 11 3
48 169 57
2 3 4
147 232 258 77
3 12 6
253 267 81 189 8 281
2 2 5
113 83 76 39 22
1 7 2
265 279
1 19 2
188 286
1 18 2
41 127
1 17 2
43 94
3 14 5
151 67 234 39 190
1 15 3
122 170 5
2 17 4
197 0 45 178
3 8 5
299 82 189 291 51
2 6 4
159 34 219 107
1 2 2
68 201
1 14 2
125 126
1 19 4
200 208 134 30
1 18 2
222 56
4 5 6
259 202 65 294 46 180
4 8 6
241 149 239 291 175 87
3 5 6
199 228 258 202 235 169
4 4 6
41 26 57 150 229 10
1 13 4
223 122 241 227
1 13 3
89 203 84
2 14 3
25 289 96
1 11 2
153 98
2 3 3
217 170 224
3 4 5
35 204 280 4 259
1 8 2
168 213
1 5 2
103 143
1 4 4
8 59 196 31
3 10 6
206 76 138 65 124 272
2 2 4
30 26 186 198
2 9 4
258 133 294 41
1 18 4
243 27 291 194
1 12 6
199 214 159 157 283 115
3 6 5
99 55 64 68 41
1 5 6
23 257 51 28 8 39
2 11 3
44 272 154
3 3 5
100 225 243 248 165
2 19 4
210 49 88 192
3 12 5
192 149 239 215 210
1 13 2
239 286
1 3 3
276 25 235
3 4 5
295 192 185 213 255
1 18 5
56 177 86 131 9
1 2 3
255 286 33
1 13 6
89 29 129 18 176 88
4 10 6
202 121 218 198 19 269
4 17 6
296 235 220 276 107 40
1 5 3
27 244 297
2 18 3
270 101 299
1 12 5
195 155 160 289 258
2 2 5
33 226 156 285 57
2 3 6
223 268 235 85 146 287
1 20 4
206 3 105 255
3 4 5
117 226 96 4 29
1 20 2
123 296
2 3 6
252 58 169 287 228 242
4 16 6
114 191 260 184 223 225
4 13 6
216 31 256 228 51 6
1 16 4
282 115 146 131
1 5 4
236 222 57 267
2 17 6
80 128 205 263 44 91
1 15 3
45 286 54
1 18 3
99 123 238
1 15 6
295 3 117 291 102 193
1 3 6
45 27 204 242 29 181
1 6 3
170 46 108
1 3 2
39 201
1 1 3
7 58 275
2 6 4
15 133 138 257
1 11 3
114 220 39
1 15 2
167 114
2 3 4
110 262 274 153
3 7 5
197 140 192 205 62
2 16 3
138 215 15
1 14 3
91 57 272
2 18 4
28 99 228 112
1 6 3
183 53 128
1 6 3
53 6 189
1 13 2
14 87
1 11 5
34 198 182 170 201
3 12 6
259 130 148 282 215 133
1 9 4
267 277 155 80
1 3 3
207 144 62
2 1 6
69 133 191 295 246 97
1 14 6
65 262 66 47 238 246
1 2 2
61 277
3 14 6
203 171 214 148 63 225
2 20 4
160 43 219 157
2 8 3
248 43 7
3 3 5
291 276 97 89 135
4 1 6
61 157 136 116 15 124
1 14 6
204 289 202 195 134 108
2 4 5
24 93 131 298 10
1 17 4
41 94 14 299
2 11 3
246 46 182
1 5 2
147 76
1 4 2
252 189
1 17 6
167 106 256 114 111 112
2 13 6
168 289 280 124 5 1
1 17 2
81 108
1 12 5
24 270 209 3 151
1 12 4
260 51 49 73
4 8 6
226 17 135 140 137 249
2 5 6
76 150 113 258 180 65
1 16 2
174 92
2 3 5
298 127 213 257 220
1 7 2
210 23
3 5 5
102 27 245 128 273
3 7 5
110 10 194 174 222
1 17 4
21 224 38 213
1 9 2
17 286
2 1 5
210 12 10 134 19
1 19 2
293 220
1 3 6
124 183 242 169 192 40
1 1 5
41 61 155 65 24
1 9 6
140 206 151 12 10 45
1 8 6
68 73 213 273 116 59
2 3 5
34 221 276 299 255
3 6 6
205 48 31 78 142 158
3 1 5
28 124 198 29 137
3 5 5
6 161 177 173 239
1 20 2
193 234
4 9 6
236 257 44 106 18 243
1 9 3
38 186 228
1 1 2
12 293
3 8 5
229 29 30 2 103
1 1 2
97 151
2 14 5
282 290 57 4 255
1 12 3
289 268 245
2 18 3
114 107 104
2 7 6
26 270 10 112 95 33
3 6 5
229 277 284 208 28
2 13 4
248 38 274 288
1 3 6
37 144 42 120 243 14
2 5 4
272 129 76 56
2 17 4
33 274 47 20
3 2 6
194 201 154 33 26 294
1 3 2
75 108
2 7 3
108 104 162
2 10 4
209 80 214 8
1 12 6
296 127 89 151 65 294
1 10 3
16 146 238
1 1 4
248 245 140 45
2 14 6
62 22 170 67 206 286
2 5 5
28 60 205 1 147
1 4 2
66 205
1 5 4
4 217 108 17
3 19 6
86 248 109 180 14 121
1 3 4
181 35 51 233
4 10 6
261 254 25 218 84 247
1 20 5
257 71 20 223 53
2 13 5
259 18 236 205 245
1 13 2
205 153
2 5 4
254 152 30 261
1 8 3
247 293 259
2 20 5
279 260 288 25 43
1 13 2
41 231
1 13 5
289 293 225 59 32
1 14 2
189 89
1 14 2
116 4
2 20 4
204 239 230 176
1 18 2
115 150
2 5 3
91 194 151
1 3 2
101 139
1 5 2
97 243
1 19 3
250 83 114
3 2 5
57 174 108 56 16
1 2 2
82 260
2 19 5
10 241 84 186 176
2 9 6
244 35 209 67 148 66
4 2 6
54 252 6 198 294 258
1 1 2
39 247
2 13 3
213 159 271
1 20 4
195 266 177 223
2 10 3
164 241 89
2 9 3
134 151 24
1 15 6
249 57 242 288 274 196
1 2 3
256 103 270
2 11 4
167 237 82 195
3 19 5
183 100 129 231 181
1 18 4
207 22 206 109
1 6 5
99 90 264 292 246
2 3 3
150 288 2
2 8 3
218 167 129
2 8 6
11 79 84 27 255 154
2 2 5
41 219 249 7 31
1 15 4
99 228 27 256
3 12 5
41 171 260 252 2
1 13 6
223 29 287 219 98 55
4 14 6
90 275 151 279 284 86
3 10 5
107 34 156 241 15
1 7 6
81 286 17 35 261 295
1 15 2
105 11
1 19 5
6 194 33 171 188
1 19 4
269 224 289 188
1 15 2
146 288
1 10 2
93 286
2 10 3
190 214 59
1 16 2
39 215
4 1 6
183 296 230 21 163 82
2 13 4
7 248 185 105
1 15 2
272 202
1 17 2
271 161
2 5 3
162 163 261
3 4 5
140 170 54 299 128
2 16 6
27 7 169 161 297 31
1 12 2
131 267
1 12 3
220 159 121
2 18 5
62 265 24 211 228
2 19 3
295 190 209
2 2 3
127 144 222
2 12 6
158 10 99 162 290 106
1 6 2
1 250
1 12 2
105 40
2 20 3
205 203 52
2 20 5
131 295 256 65 58
2 3 4
141 167 59 183
3 14 5
288 191 46 224 79
1 15 6
208 25 66 68 59 295
1 19 4
146 191 86 217
1 15 3
98 19 236
2 7 5
269 214 251 45 77
3 4 5
109 168 126 57 171
2 13 5
263 70 249 16 5
1 11 5
263 143 271 171 69
2 13 3
252 166 225
2 3 3
296 28 280
3 16 6
110 236 62 262 52 228
1 18 2
5 281
2 10 5
3 223 249 16 141
1 20 5
76 228 217 58 12
2 19 3
114 238 203
1 1 4
294 106 235 154
1 20 4
270 112 264 45
1 8 4
146 184 153 154
1 1 2
292 160
1 4 3
220 107 68
1 15 5
78 267 280 277 27
1 3 4
8 104 211 259
1 5 2
60 291
1 5 5
37 156 285 111 272
1 9 2
174 3
1 20 2
138 40
2 10 6
35 186 281 183 90 147
1 16 6
211 79 142 104 222 257
1 12 3
129 220 245
1 2 5
54 55 41 193 184
2 16 5
213 272 11 167 107
3 14 5
156 33 71 38 244
2 12 5
45 40 214 138 107
1 14 6
2 166 17 185 70 164
1 19 2
101 2
2 5 4
144 189 192 0
4 17 6
26 207 240 64 44 87
1 3 2
200 91
1 6 5
287 273 247 213 119
1 4 3
131 233 50
2 1 4
6 2 235 138
2 2 4
50 242 92 58
3 6 5
10 45 126 227 89
3 19 6
201 121 166 267 260 155
1 18 5
119 267 112 206 52
2 14 4
6 11 157 272
2 10 3
66 55 98
4 18 6
81 288 39 24 270 291
2 16 4
131 227 114 89
2 5 6
250 83 125 194 170 191
4 11 6
148 234 141 197 152 144
1 13 3
84 287 58
3 12 6
72 139 223 268 86 253
1 6 4
39 32 196 165
1 20 4
125 208 15 78
2 1 4
54 298 33 236
1 6 5
91 114 294 69 221
1 5 2
195 164
1 18 6
164 256 68 82 196 97
1 14 2
75 266
3 5 5
243 69 162 11 135
1 14 3
270 0 129
1 15 5
257 58 74 17 189
1 17 5
103 81 217 185 212
1 13 2
9 182
1 3 5
4 205 120 199 140
2 1 6
217 26 136 187 102 22
2 4 4
159 142 48 30
2 10 4
62 66 176 75
1 17 3
255 61 171
1 16 2
216 127
2 6 6
209 110 154 96 28 123
1 19 6
43 32 69 144 246 61
1 8 4
252 77 293 85
2 15 3
39 260 283
2 15 3
143 34 77
4 9 6
51 216 232 297 166 17
2 11 4
227 163 10 12
1 2 3
186 33 98
1 12 5
155 171 213 57 28
1 8 4
47 291 232 190
3 9 5
222 86 262 26 38
1 20 5
140 277 234 47 205
3 17 6
55 82 223 155 273 85
1 17 2
25 299
1 16 3
45 181 234
2 16 3
153 240 65
2 6 4
56 173 237 281
2 11 4
246 142 225 105
1 8 5
63 165 217 33 56
4 16 6
205 232 228 0 194 146
2 10 5
175 253 36 294 92
2 11 4
103 21 27 299
1 18 2
245 214
1 14 2
214 165
1 3 2
255 47
2 2 3
15 59 236
1 14 4
49 298 270 114
1 4 5
279 165 206 245 12
1 3 6
35 130 164 295 173 272
1 3 4
150 80 139 164
1 15 4
282 133 291 160
2 10 3
283 43 177
1 3 4
223 60 50 175
1 11 3
42 40 30
1 20 5
256 295 271 236 244
2 11 6
78 7 150 36 218 214
2 15 6
63 238 123 53 288 34
2 2 6
294 152 154 281 25 78
1 13 2
136 260
1 1 2
233 84
2 2 4
45 135 11 118
1 17 5
48 74 94 121 266
1 16 2
174 35
2 1 5
50 64 135 11 225
2 11 6
281 109 110 155 89 173
2 1 4
159 260 251 39
3 19 6
111 155 12 261 240 214
2 10 4
0 127 184 193
1 13 5
194 86 40 245 240
2 5 6
58 180 264 247 74 169
2 8 3
105 120 207
1 11 6
242 266 261 246 221 104
4 18 6
123 212 214 236 207 153
1 17 4
69 166 51 204
2 3 4
15 270 298 238
2 5 5
16 89 94 96 54
2 19 3
5 244 48
1 19 2
291 169
1 13 3
221 179 219
3 7 5
181 63 298 198 235
1 15 3
76 287 233
3 5 5
31 146 284 246 296
1 7 4
138 155 84 58
3 7 5
90 142 85 115 264
1 9 4
289 216 78 230
3 12 5
79 21 98 172 0
2 13 3
257 20 27
2 8 3
255 117 175
1 16 4
130 100 155 138
2 2 6
114 194 275 4 184 70
2 9 6
116 31 217 118 295 260
2 15 3
288 172 232
1 4 2
247 16
2 7 3
295 59 20
1 4 2
61 102
1 17 5
275 32 33 245 272
2 19 5
65 108 136 231 104
1 7 5
7 102 237 285 234
2 18 4
224 219 191 64
2 10 3
15 89 39
2 11 5
202 14 256 180 200
4 13 6
187 297 165 64 210 168
2 9 6
81 97 294 269 195 261
1 2 4
133 135 199 152
2 4 6
254 184 211 9 37 94
3 5 6
298 26 62 183 276 149
2 1 5
274 66 90 88 92
1 15 4
203 278 97 206
2 18 3
243 78 212
1 9 3
271 11 139
1 18 6
262 37 169 132 20 82
1 9 3
203 194 149
2 2 4
212 48 269 202
2 11 6
154 24 86 280 36 150
1 2 4
168 73 124 10
1 3 2
18 70
1 14 2
296 140
3 11 5
173 188 195 247 290
1 13 2
153 282
1 20 2
229 247
2 17 4
8 17 182 44
2 15 5
255 167 173 71 188
2 18 3
65 196 82
2 7 6
13 17 35 150 255 221
1 4 3
114 7 134
1 5 4
201 205 168 183
1 6 6
74 114 234 49 64 33
1 14 2
175 190
2 18 4
126 129 54 50
1 18 2
219 133
1 8 3
143 182 194
4 15 6
292 298 257 13 248 166
4 16 6
36 211 95 6 236 34
1 15 4
44 51 294 164
3 4 6
137 122 95 114 91 72
4 6 6
0 78 200 96 10 165
4 18 6
12 53 90 237 203 110
1 16 4
277 60 221 225
1 5 2
216 77
2 19 4
178 121 196 61
1 20 3
103 96 152
2 9 5
148 147 271 262 138
2 8 5
288 74 44 134 207
2 16 5
258 240 188 82 3
1 19 2
267 11
2 2 5
189 106 147 44 260
2 5 4
144 116 7 221
3 11 5
115 96 93 162 254
1 6 2
60 289
1 19 5
7 152 240 94 115
1 10 2
74 36
2 15 6
32 84 12 83 208 90
2 14 6
36 15 229 153 171 104
2 17 3
287 152 27
1 16 6
137 34 101 196 226 28
2 11 4
7 97 129 181
1 18 5
135 8 249 76 109
1 2 2
276 188
2 9 4
189 272 35 206
3 13 5
257 114 184 170 77
2 19 5
164 241 177 55 165
1 9 4
285 20 203 34
1 12 2
226 279
1 16 2
70 163
1 10 3
157 77 53
4 2 6
108 44 213 271 258 118
4 19 6
101 138 43 209 229 289
3 3 5
51 216 4 16 272
2 9 4
179 213 24 108
2 2 4
239 9 274 140
2 14 3
108 214 66
1 2 2
53 63
2 2 6
96 11 86 33 190 119
2 13 4
258 164 83 191
2 15 6
244 144 147 238 286 272
1 17 5
272 31 104 18 75
4 2 6
275 197 230 213 173 251
2 14 3
182 198 88
1 3 6
124 43 263 34 148 265
4 7 6
144 258 224 285 290 142
2 16 3
283 170 264
3 9 6
143 239 156 136 124 21
3 4 6
124 282 277 143 179 94
2 15 5
175 51 184 39 196
2 16 3
273 241 129
2 13 5
10 214 172 71 68
1 4 3
299 225 151
1 3 6
99 200 29 156 282 33
3 16 6
202 18 167 262 288 171
1 10 3
234 178 227
2 16 4
26 165 48 277
1 14 6
224 51 94 20 196 19
2 14 5
112 123 37 218 171
1 17 2
74 145
1 10 4
21 230 10 9
1 2 3
299 177 277
3 12 6
50 130 40 175 276 200
1 14 2
248 283
1 7 2
195 177
1 9 3
101 283 114
3 6 5
9 189 126 292 148
4 9 6
160 223 236 71 245 46
2 1 3
137 113 32
1 6 4
287 192 81 208
1 13 2
114 185
1 12 6
109 68 264 130 74 251
1 11 4
48 130 251 32
1 20 2
148 269
2 17 4
272 178 269 151
2 8 4
205 194 243 24
1 19 4
201 272 175 266
2 10 3
183 296 277
1 16 3
152 182 90
1 3 3
41 188 71
4 4 6
290 246 49 269 149 57
1 7 3
144 165 81
1 5 3
32 292 102
3 12 6
92 199 60 223 284 250
3 10 5
191 55 264 198 287
2 7 4
213 13 93 67
2 18 3
258 109 24
2 19 4
23 210 279 108
1 19 6
295 212 80 272 94 279
2 4 5
97 261 107 99 195
1 4 2
294 43
1 1 2
224 275
2 16 4
220 2 47 74
2 5 5
177 264 46 193 51
4 13 6
231 157 49 168 241 220
1 3 3
226 48 51
1 4 2
38 49
4 8 6
66 79 46 127 116 288
2 12 6
85 104 82 237 273 196
1 16 3
227 208 29
1 15 2
75 218
2 5 5
58 83 112 150 8
2 7 3
264 2 25
1 14 2
78 80
3 4 5
214 223 168 286 170
1 5 2
62 103
4 19 6
63 286 172 289 232 123
3 14 5
52 260 96 249 129
1 12 4
214 207 260 30
2 8 4
109 64 212 38
1 14 2
14 81
3 7 5
278 176 216 119 267
1 17 2
37 197
1 14 3
284 149 85
3 16 5
277 62 52 71 272
1 4 4
119 264 72 218
2 12 5
6 133 159 169 265
4 18 6
269 258 145 289 141 92
4 18 6
227 8 199 271 4 276
3 16 6
276 92 293 5 216 290
1 7 3
203 74 212
1 7 4
103 80 197 279
1 20 2
145 278
2 2 3
16 291 66
1 20 5
124 205 161 92 6
1 20 3
132 156 197
2 9 6
265 119 76 216 80 245
3 8 5
60 157 67 186 44
2 18 4
33 50 80 217
3 17 5
258 138 215 91 190
1 17 3
52 295 33
2 18 5
77 184 255 232 72
2 14 5
286 63 269 289 11
2 8 5
222 160 226 96 229
4 13 6
233 159 62 280 253 236
1 17 2
220 64
2 19 5
284 88 189 0 21
3 16 5
60 140 157 267 37
1 13 5
22 195 234 220 241
1 8 3
22 160 124
1 3 4
270 34 182 221
1 14 5
98 163 285 169 93
2 1 5
6 69 186 91 170
1 4 2
7 162
2 19 4
130 278 155 291
2 12 3
45 67 265
2 1 5
3 150 281 270 164
1 19 4
192 131 221 184
2 11 4
245 53 238 22
2 19 3
287 89 42
2 16 3
271 146 36
1 10 5
80 115 254 128 258
1 9 5
13 58 41 47 296
1 15 3
171 177 176
1 16 4
29 163 58 59
3 11 5
155 218 287 216 244
1 14 2
236 171
1 2 5
173 199 36 11 159
1 5 3
148 160 173
2 17 3
78 119 83
1 11 4
138 144 211 212
1 10 2
211 137
3 2 5
200 28 196 175 279
2 17 5
145 100 176 210 217
2 12 4
117 146 104 262
1 18 2
57 79
1 8 2
46 273
1 17 2
266 238
1 17 2
60 265
1 18 5
211 146 52 114 11
1 3 6
191 108 105 81 8 18
1 19 2
32 190
1 18 2
206 99
1 13 5
206 232 213 113 189
1 16 3
140 10 12
1 13 5
98 201 60 141 298
4 2 6
63 73 84 60 231 283
1 14 4
191 284 198 152
2 15 6
297 231 66 104 20 246
2 3 5
198 39 28 139 241
1 6 2
24 37
1 15 5
235 173 125 43 155
3 6 5
249 89 213 0 224
1 16 2
112 118
1 2 6
222 191 47 26 122 189
1 11 4
192 229 210 47
1 17 2
236 49
2 20 5
269 5 266 34 172
3 14 5
227 231 232 61 36
2 4 6
100 248 265 105 171 146
3 3 5
239 254 247 287 57
1 7 4
139 235 127 108
3 9 6
170 220 134 225 124 241
1 3 6
121 259 127 234 103 252
1 9 2
50 145
1 18 3
146 121 227
1 9 6
9 230 172 123 11 220
2 6 3
199 41 237
2 16 3
108 128 227
1 12 6
173 180 202 277 81 151
2 11 4
249 152 132 172
1 5 4
163 237 130 249
1 17 3
89 154 261
1 11 3
208 10 47
3 13 6
156 291 89 177 204 66
1 12 4
195 213 24 287
1 2 2
210 23
1 2 6
239 82 60 42 103 285
2 16 4
60 73 220 94
1 18 3
190 188 146
1 6 3
290 56 83
2 5 4
128 195 47 274
1 18 4
94 296 43 250
1 15 3
67 16 3
3 7 5
56 116 195 159 58
1 11 2
217 244
2 11 4
255 182 49 132
1 1 2
169 9
1 16 3
235 226 289
1 6 6
96 264 192 246 267 105
2 19 3
99 100 52
2 10 5
60 167 280 94 279
3 10 5
99 212 192 155 23
1 14 2
206 209
1 12 2
174 267
1 12 4
137 136 179 9
2 9 4
42 265 286 94
2 12 4
216 271 159 274
1 15 3
251 75 141
3 9 6
228 90 73 236 65 11
3 15 5
34 82 22 298 156
4 14 6
250 74 84 125 187 209
1 10 2
207 287
2 8 4
159 294 35 132
1 5 3
204 25 31
k 20
