300 1500 465
11 38 32 33 21 37 21 13 28 28 39 38 33 38 33 35 16 37 36 17 16 17 19 30 20 29 17 19 25 37 23 21 14 35 16 14 31 30 30 39 20 36 31 14 26 39 27 36 40 12 20 34 29 26 39 20 38 34 15 39 37 32 20 25 28 27 22 34 31 16 20 31 11 24 36 24 35 36 27 28 14 34 20 15 35 14 21 36 22 20 21 35 23 35 33 14 39 39 12 34 28 24 32 40 27 18 34 16 19 33 24 19 27 35 32 27 26 32 25 30 13 15 24 26 12 36 19 13 39 33 25 14 30 39 29 35 17 23 17 30 28 25 21 14 32 14 35 24 17 18 39 12 27 32 33 35 21 16 40 27 18 19 30 33 34 23 29 12 21 38 26 38 24 21 13 39 19 12 27 37 32 23 20 13 30 29 38 35 37 19 20 22 24 19 40 37 35 35 23 26 34 12 15 21 17 15 32 16 24 17 14 24 18 36 40 28 35 12 31 12 21 21 15 19 11 32 16 34 25 32 13 40 18 34 15 32 39 15 31 23 15 37 40 31 33 20 40 23 17 37 31 11 17 13 30 25 19 12 13 12 35 15 17 23 23 15 40 30 29 13 33 23 19 39 24 12 19 21 39 37 11 13 27 30 37 34 29 36 16 19 33 16 13 11 35 22 23 13 37 39
1 28 22 23 11 27 11 3 18 18 29 28 23 28 23 25 6 27 26 7 6 7 9 20 10 19 7 9 15 27 13 11 4 25 6 4 21 20 20 29 10 26 21 4 16 29 17 26 30 2 10 24 19 16 29 10 28 24 5 29 27 22 10 15 18 17 12 24 21 6 10 21 1 14 26 14 25 26 17 18 4 24 10 5 25 4 11 26 12 10 11 25 13 25 23 4 29 29 2 24 18 14 22 30 17 8 24 6 9 23 14 9 17 25 22 17 16 22 15 20 3 5 14 16 2 26 9 3 29 23 15 4 20 29 19 25 7 13 7 20 18 15 11 4 22 4 25 14 7 8 29 2 17 22 23 25 11 6 30 17 8 9 20 23 24 13 19 2 11 28 16 28 14 11 3 29 9 2 17 27 22 13 10 3 20 19 28 25 27 9 10 12 14 9 30 27 25 25 13 16 24 2 5 11 7 5 22 6 14 7 4 14 8 26 30 18 25 2 21 2 11 11 5 9 1 22 6 24 15 22 3 30 8 24 5 22 29 5 21 13 5 27 30 21 23 10 30 13 7 27 21 1 7 3 20 15 9 2 3 2 25 5 7 13 13 5 30 20 19 3 23 13 9 29 14 2 9 11 29 27 1 3 17 20 27 24 19 26 6 9 23 6 3 1 25 12 13 3 27 29
2 19 3
228 275 168
2 17 6
111 188 99 2 244 114
1 29 2
60 31
2 15 6
219 12 50 298 202 259
2 29 3
299 57 145
2 17 5
56 104 40 262 239
1 15 2
161 72
1 12 5
173 229 71 176 203
2 24 3
157 63 235
1 14 5
118 54 261 3 37
1 21 2
239 82
1 11 6
94 114 185 269 109 204
2 25 3
44 76 20
2 15 3
149 237 131
4 20 6
85 68 137 145 138 76
1 29 2
294 101
1 9 5
43 26 238 210 85
3 15 5
229 16 43 240 217
1 12 5
222 41 70 262 141
2 29 3
45 24 166
1 11 5
114 248 247 22 118
1 14 5
18 222 171 268 115
1 17 4
84 106 159 73
2 27 4
113 18 97 202
3 23 6
29 75 155 91 6 206
1 16 4
98 60 115 131
2 17 6
163 129 240 51 155 207
2 31 3
132 139 260
1 16 4
275 19 23 294
3 21 5
2 177 189 112 25
1 24 2
15 210
3 26 5
164 28 94 13 34
2 24 3
191 41 202
1 24 2
257 41
1 16 3
123 30 212
1 13 5
119 200 144 3 121
2 22 3
176 43 135
3 15 6
295 233 221 292 262 34
3 17 6
185 32 60 123 43 251
1 15 3
264 183 208
2 24 3
118 235 205
3 23 5
288 96 257 184 206
1 13 5
148 114 244 26 177
1 23 3
110 139 96
3 20 6
169 256 250 153 147 120
1 12 5
186 198 75 256 90
2 23 4
153 247 86 299
2 17 4
156 107 108 132
3 21 6
18 118 3 161 260 31
2 19 5
276 266 155 69 208
1 12 5
203 39 232 50 296
1 15 4
65 219 116 99
1 18 4
10 27 37 15
2 18 6
214 199 115 195 77 100
1 37 2
11 77
1 15 4
68 204 173 25
1 30 2
250 267
2 17 6
286 52 59 99 264 104
1 17 4
75 179 164 190
3 26 5
54 282 288 106 200
1 22 2
129 124
1 32 2
93 286
2 22 4
279 74 183 148
2 18 5
277 5 22 58 285
2 24 3
68 228 136
2 19 5
70 29 22 276 56
1 12 6
257 188 1 269 183 12
1 15 4
92 101 47 80
2 16 4
104 111 90 237
2 21 4
108 159 198 200
4 24 6
24 140 241 160 75 74
1 23 2
80 229
1 38 2
179 231
3 21 6
64 145 88 99 52 273
2 28 3
103 140 248
2 25 4
163 249 218 132
1 22 3
234 218 93
2 23 4
197 71 140 181
1 20 3
207 156 158
2 30 3
134 25 51
2 25 3
44 67 252
1 12 6
183 281 221 126 18 54
2 15 6
219 84 152 165 215 65
1 25 2
258 1
2 29 3
102 175 105
1 25 2
195 292
2 17 5
166 271 209 294 19
4 24 6
97 182 82 176 135 244
1 27 2
194 205
1 10 6
297 64 256 126 190 225
1 12 6
289 213 201 39 262 38
1 17 4
95 97 2 114
1 18 4
187 114 61 273
1 18 3
229 293 92
2 19 5
106 34 130 99 250
1 14 5
213 87 157 56 53
1 9 6
165 69 280 21 65 153
1 16 4
176 138 214 116
2 27 4
128 56 61 173
3 14 5
265 24 182 136 131
2 29 4
293 97 249 158
2 16 4
226 294 143 240
1 12 6
169 100 241 116 204 40
1 15 2
148 127
1 16 2
0 90
1 14 5
16 246 14 136 88
2 17 5
261 243 191 77 83
1 35 2
298 129
1 10 5
209 288 239 78 73
2 25 4
12 201 61 213
1 13 5
85 32 114 23 47
3 16 6
263 206 110 280 89 108
2 20 3
132 224 89
2 23 4
8 86 169 152
1 17 2
210 55
2 22 5
10 287 40 17 38
2 26 3
56 257 286
1 17 3
159 121 147
2 13 5
143 167 65 263 193
4 24 6
241 41 83 201 92 12
2 24 3
5 160 189
1 14 5
33 208 36 155 154
1 12 5
270 66 44 245 38
1 30 2
255 294
1 11 6
222 177 91 155 251 240
1 29 2
76 247
2 19 5
76 234 22 203 299
2 36 3
74 5 93
1 26 2
253 97
1 18 4
121 48 75 113
3 22 6
71 150 64 285 140 211
2 16 4
131 277 210 153
1 22 3
233 157 144
1 13 4
254 176 192 259
1 16 3
47 210 297
2 21 5
251 10 121 144 56
3 25 5
27 93 171 295 23
1 10 6
95 248 221 117 259 68
2 26 4
35 155 67 84
1 33 2
185 249
1 21 3
53 122 17
1 10 6
104 285 92 181 263 73
1 27 2
40 57
1 13 4
215 174 161 274
1 21 2
207 123
4 18 6
8 113 20 83 21 252
3 21 6
19 54 122 225 247 294
2 17 6
117 101 183 33 61 231
1 17 3
223 244 111
1 19 4
229 273 13 21
2 23 4
125 8 95 267
1 18 2
198 7
1 27 2
22 18
2 15 6
115 104 282 22 178 158
1 24 2
216 143
1 32 2
139 99
1 16 3
297 267 276
1 16 2
138 107
1 31 2
128 198
2 30 3
58 284 175
1 26 2
150 143
2 20 4
107 115 186 20
2 16 6
27 167 97 190 63 155
1 24 3
57 158 202
1 15 5
179 187 134 283 246
4 22 6
70 148 27 119 285 68
1 17 2
70 240
1 27 2
194 240
3 19 6
28 129 250 58 100 265
1 36 2
216 279
1 18 3
183 181 218
1 37 2
196 194
1 17 4
191 115 135 155
1 10 6
71 105 281 44 83 119
1 24 3
226 249 93
1 20 3
78 14 256
2 21 5
200 188 86 47 240
1 20 2
288 75
2 34 3
60 59 178
1 14 5
7 117 158 70 277
2 32 3
6 214 77
1 20 3
220 97 182
3 22 5
163 5 151 38 219
2 27 3
217 77 244
3 24 5
117 78 152 12 68
2 19 5
6 2 166 187 92
3 18 5
80 229 210 37 230
1 9 6
255 19 244 110 272 108
1 25 2
288 187
2 16 3
148 297 176
1 17 2
220 127
1 16 4
163 109 67 191
1 14 5
146 170 82 45 30
2 21 5
33 241 8 153 12
1 23 2
227 269
1 11 6
192 148 76 71 223 283
1 11 4
141 90 176 121
2 19 3
221 21 256
1 30 2
115 81
1 21 3
97 16 211
2 14 5
42 221 161 131 277
1 34 2
187 94
1 35 2
195 270
1 22 2
162 237
1 24 3
15 265 54
1 11 6
271 189 76 80 213 38
2 27 4
106 113 52 299
3 26 5
286 183 106 81 188
1 35 2
144 299
2 17 4
205 37 130 7
1 23 2
58 36
2 17 5
162 292 124 169 276
1 24 3
109 150 131
1 20 3
221 194 105
1 17 4
51 2 17 180
3 22 6
195 17 35 47 178 237
1 16 3
259 91 237
2 24 3
268 215 69
1 17 4
192 36 45 82
1 23 2
65 245
1 24 2
291 144
2 27 3
109 239 44
1 36 2
106 54
2 23 5
67 96 273 228 279
2 15 6
105 70 53 115 255 11
2 37 3
74 125 39
1 19 3
21 270 75
2 24 3
78 238 121
4 25 6
227 119 61 20 282 104
1 28 2
208 2
2 22 3
223 235 157
1 10 5
105 258 209 74 148
2 20 5
178 112 199 299 241
1 19 4
35 211 249 96
1 14 4
250 104 274 263
1 12 6
19 128 205 201 245 94
1 17 4
78 285 279 109
4 27 6
25 9 206 134 74 186
3 18 6
260 288 191 297 34 169
1 19 2
199 183
2 23 5
114 194 171 186 177
1 14 5
48 250 120 255 293
1 19 4
214 198 125 39
2 15 5
55 17 0 217 173
1 15 4
183 198 30 17
3 21 6
240 182 294 290 33 53
2 17 4
55 218 261 256
1 18 2
124 28
2 21 3
205 100 31
2 21 5
244 57 259 76 13
2 20 4
123 256 193 18
2 23 4
190 139 59 30
1 23 3
248 114 188
1 17 3
174 66 119
2 31 3
116 278 134
1 11 6
238 201 274 215 134 103
1 12 6
26 108 85 171 89 81
4 22 6
281 183 233 27 61 113
2 20 4
143 10 30 40
1 28 2
296 14
1 13 4
200 138 105 226
2 17 4
198 86 118 89
3 15 5
297 293 234 121 67
2 14 6
136 67 34 193 176 197
1 25 2
100 263
1 15 5
39 203 299 201 92
1 13 3
120 53 251
1 15 4
6 44 284 281
2 25 3
260 34 53
2 23 4
266 95 237 241
3 22 5
55 105 267 116 81
1 13 5
176 91 222 90 250
2 17 4
139 122 292 261
2 18 5
175 40 233 35 107
2 16 5
42 62 202 252 36
1 11 6
64 120 230 39 218 269
1 15 4
223 275 38 139
2 22 4
151 298 197 111
1 12 6
27 215 59 69 99 178
2 17 3
177 115 95
1 17 4
195 90 83 244
1 23 2
33 0
1 23 2
32 180
3 22 6
190 294 283 79 14 5
1 13 2
202 72
3 20 5
253 116 165 84 161
2 22 3
210 299 183
1 31 2
45 110
4 19 6
127 130 132 176 211 24
2 22 4
88 268 129 104
2 20 3
270 121 7
2 27 3
48 277 31
1 37 2
278 15
1 26 2
270 70
1 34 2
41 163
2 16 5
120 46 63 185 9
1 12 6
187 121 286 60 206 172
3 23 6
96 290 106 219 179 132
3 23 6
97 118 125 185 257 96
1 17 2
70 234
2 17 6
2 219 207 7 188 33
1 36 2
60 216
1 15 2
151 212
1 16 3
63 30 126
1 9 5
92 223 101 124 69
2 16 3
217 240 247
2 17 5
113 297 199 261 122
1 10 4
110 20 27 224
1 18 4
119 186 135 170
2 26 4
165 186 94 164
1 11 4
263 156 210 176
2 23 4
179 31 177 249
1 13 2
257 58
2 25 4
88 246 118 87
1 12 6
105 73 42 266 101 57
1 29 2
89 273
1 36 2
56 84
2 15 6
23 238 233 253 217 156
3 26 5
163 273 82 176 186
2 18 6
294 131 97 6 135 171
1 19 3
224 206 255
1 25 2
214 72
2 27 3
176 1 73
1 24 2
131 200
1 28 2
118 102
1 21 2
238 72
1 15 3
177 216 201
1 16 2
297 161
3 20 6
134 116 126 201 3 249
1 18 3
156 34 33
4 28 6
19 93 29 255 48 113
1 17 3
182 139 156
1 21 3
202 214 239
3 25 5
291 45 73 279 25
2 25 4
76 106 36 292
2 14 6
139 259 40 181 218 141
1 38 2
231 17
2 24 3
196 165 205
3 20 5
85 79 4 114 70
2 29 3
199 147 11
4 21 6
258 3 115 263 155 275
2 17 6
122 97 135 102 277 70
1 18 4
150 84 269 208
1 21 2
71 280
1 13 5
188 62 247 218 126
2 19 4
34 181 156 154
2 23 3
198 166 136
1 10 6
119 113 174 172 217 49
3 15 6
63 226 12 7 289 265
1 12 5
221 14 126 191 25
1 23 3
250 128 161
4 29 6
287 37 5 60 12 18
1 24 2
122 255
3 21 6
168 1 170 215 83 59
1 13 5
117 29 182 250 101
2 19 3
219 297 3
3 22 6
279 211 194 296 63 196
1 11 3
224 19 20
2 23 3
130 212 8
1 26 2
74 16
1 19 3
98 195 31
3 15 5
20 118 281 167 63
2 17 4
116 275 141 138
2 24 4
103 105 115 71
2 24 3
276 107 171
3 25 5
241 228 47 78 201
2 27 3
15 102 85
3 21 6
31 48 69 51 292 144
2 34 3
241 155 23
4 22 6
164 100 247 72 265 260
1 14 5
119 16 231 6 162
1 21 2
174 166
1 22 2
199 149
1 21 3
250 233 123
4 30 6
42 17 246 194 294 238
2 19 6
194 260 245 140 298 103
1 27 2
112 46
1 27 2
179 209
3 20 5
24 244 248 127 132
2 22 5
214 87 256 109 13
2 18 5
292 111 154 37 104
1 15 5
45 10 237 51 142
1 27 2
105 47
2 17 4
124 75 25 265
3 15 6
240 272 109 239 111 291
1 8 6
98 182 274 100 192 167
2 21 3
230 89 229
1 13 4
143 219 93 262
2 18 3
262 34 165
2 19 4
249 224 157 211
2 23 4
275 187 270 53
1 28 2
254 44
2 13 5
183 202 52 66 232
2 17 4
69 35 111 14
2 19 5
292 223 231 207 74
1 35 2
243 278
3 20 6
73 124 61 100 1 289
1 14 2
269 16
3 26 5
159 67 216 99 85
3 22 6
71 114 275 54 120 113
1 20 3
194 277 230
2 25 3
178 280 17
2 23 4
83 272 236 195
2 25 3
258 283 81
1 19 2
30 58
2 24 4
58 78 47 260
2 25 3
142 211 153
2 22 4
130 289 282 87
1 13 5
83 56 138 121 38
1 12 6
253 206 91 299 23 165
1 12 5
28 176 193 186 192
3 28 5
171 152 118 91 242
2 20 3
124 149 61
2 18 3
283 258 120
1 15 5
270 20 167 278 284
1 13 4
232 243 73 276
1 27 2
60 204
2 18 6
106 270 128 66 241 8
2 20 3
254 151 176
1 18 2
292 271
1 21 3
250 285 26
2 21 3
205 267 193
2 16 6
179 118 200 207 247 292
2 19 5
31 51 134 27 244
2 19 3
296 58 126
2 18 6
283 128 289 286 13 76
3 23 5
10 252 32 65 135
1 24 3
10 126 197
3 21 6
235 198 231 267 31 110
3 19 6
278 20 186 209 26 88
2 24 3
110 77 145
1 11 5
262 176 41 49 124
1 20 2
123 143
1 13 3
73 207 204
2 21 3
198 124 64
2 28 3
13 201 41
1 20 2
156 24
1 23 2
239 75
2 20 5
91 145 155 61 124
1 17 4
290 70 81 33
2 24 4
274 67 96 289
1 12 6
225 150 222 47 49 144
1 16 3
8 182 34
3 23 5
134 248 160 250 241
2 16 3
167 248 182
1 13 5
61 89 259 29 224
3 15 6
294 251 43 230 147 40
1 26 2
2 55
1 23 2
132 16
1 12 6
49 104 133 279 123 31
3 25 5
242 55 198 29 123
1 16 4
97 4 219 152
1 23 2
95 94
1 19 2
149 142
1 26 2
290 161
3 19 5
192 268 124 218 35
2 25 3
233 88 221
3 18 6
163 193 127 122 283 75
2 19 5
49 18 282 58 163
1 25 3
93 189 103
1 12 3
176 288 248
1 18 2
19 89
2 23 4
203 250 115 77
2 17 5
236 268 151 232 124
2 27 4
149 3 195 59
1 22 3
231 24 178
1 35 2
214 119
1 13 5
114 170 187 79 199
1 33 2
17 52
2 20 4
205 117 237 233
1 15 5
246 26 129 1 270
1 13 5
264 174 198 135 14
1 27 2
163 203
1 12 6
199 200 281 41 34 158
3 30 5
246 273 186 3 122
2 21 4
95 284 174 14
1 25 2
228 199
2 24 4
262 115 54 132
2 22 4
11 183 40 38
1 22 3
133 40 8
1 32 2
242 274
4 27 6
248 290 87 15 135 92
1 20 2
224 134
1 12 6
0 47 84 90 175 44
1 15 4
289 108 87 274
1 11 5
85 265 90 125 239
2 13 5
123 248 80 170 69
1 37 2
39 260
3 22 5
161 95 15 92 5
2 22 4
217 45 116 198
2 19 3
66 251 75
2 22 3
161 129 265
1 17 3
75 34 104
1 17 4
11 239 89 23
1 14 4
102 62 141 92
4 23 6
157 282 70 8 133 215
1 15 2
219 193
2 17 6
100 120 74 103 293 142
1 17 2
89 237
1 25 2
72 231
1 17 4
170 87 91 166
2 14 5
174 60 289 217 136
3 21 5
115 85 57 218 207
1 12 6
284 206 182 144 82 29
1 12 5
288 166 106 37 170
1 25 3
234 231 146
1 19 3
237 52 162
2 19 4
274 4 80 81
1 17 4
84 127 254 99
2 19 4
40 136 22 278
1 26 2
188 205
1 32 2
23 294
2 18 6
145 1 215 12 103 20
1 21 2
252 141
2 21 5
171 295 235 177 294
1 24 2
116 92
1 23 3
296 278 139
1 21 3
182 2 235
1 18 4
266 21 131 225
2 21 4
120 215 239 74
3 19 5
282 209 23 281 4
1 14 5
256 97 3 184 113
2 19 4
49 93 165 24
1 38 2
241 54
1 19 3
273 193 253
2 18 5
112 247 155 104 229
2 25 3
90 223 249
2 15 4
174 228 247 259
1 19 4
82 87 103 115
1 15 2
167 105
1 14 2
120 222
2 26 4
79 235 60 249
2 25 4
60 145 285 225
1 15 4
277 201 46 67
2 13 5
20 55 80 223 8
3 19 5
273 21 101 69 258
2 24 3
265 52 64
1 24 2
14 261
4 17 6
98 243 269 288 201 290
2 27 3
243 23 220
2 21 5
139 168 54 214 288
1 32 2
118 266
1 16 4
162 271 284 0
3 18 5
290 21 20 58 122
2 32 3
283 285 180
1 13 5
266 207 82 286 112
1 18 4
241 53 174 179
1 22 2
154 293
2 23 3
283 275 78
1 16 4
15 201 166 98
1 29 2
176 242
2 22 4
294 201 289 76
1 11 6
81 230 180 12 72 177
1 14 5
174 113 135 24 21
2 20 5
176 155 243 3 117
1 22 2
27 255
1 22 3
235 109 135
1 13 5
206 262 190 177 51
1 15 2
105 49
2 19 4
197 32 157 123
3 26 5
188 244 176 231 55
1 27 2
265 150
1 10 5
296 262 202 159 107
1 20 2
104 269
2 18 3
152 280 107
2 17 6
227 268 116 251 294 163
1 10 6
3 121 205 139 0 88
2 22 3
274 70 295
1 35 2
71 242
1 19 4
154 299 17 285
1 21 3
78 5 212
2 13 6
181 221 283 157 38 86
3 20 6
193 231 28 7 197 70
1 9 5
157 19 34 73 263
1 26 2
162 264
1 13 6
48 110 121 9 10 210
1 17 2
272 291
2 23 3
122 90 28
2 19 5
264 32 18 287 240
2 23 4
63 91 206 215
1 13 4
105 177 135 237
2 15 6
264 123 256 216 217 132
2 21 4
226 37 114 296
1 17 4
127 125 144 12
1 17 3
292 129 62
4 26 6
102 28 299 115 187 79
4 24 6
232 4 279 65 104 153
1 31 2
214 296
2 20 4
165 194 131 248
1 32 2
215 284
1 33 2
294 71
3 21 6
104 139 253 39 295 91
2 17 6
139 166 283 200 45 226
2 19 5
231 141 71 100 65
2 23 3
298 275 173
2 16 6
33 0 192 54 224 126
1 13 4
215 181 101 157
1 14 4
72 287 269 277
1 18 4
123 5 22 241
1 14 5
75 200 74 230 226
2 19 3
212 226 130
1 33 2
233 270
2 22 3
47 174 262
2 21 5
67 241 156 5 209
1 27 2
103 205
1 22 2
156 137
1 14 5
19 0 270 284 124
1 26 2
230 273
2 24 3
184 102 98
1 25 3
187 214 174
2 22 5
123 121 225 133 214
1 13 5
88 211 294 61 31
1 12 5
255 204 15 274 120
2 22 4
224 15 141 215
2 18 4
69 120 287 295
1 29 2
152 2
1 16 5
76 105 167 246 242
1 28 2
252 278
1 14 2
143 32
1 15 2
291 210
1 32 2
52 41
1 33 2
140 39
2 17 6
218 146 92 40 11 36
1 20 3
69 190 214
2 28 3
290 214 0
1 13 5
98 296 175 119 258
3 18 6
229 140 90 130 170 221
1 34 2
187 3
1 12 6
227 263 125 184 154 241
3 25 5
162 224 185 184 10
2 16 6
104 279 30 289 41 181
2 14 6
288 204 22 193 12 235
1 20 3
213 258 228
3 20 5
203 55 238 252 102
2 29 3
286 191 56
2 24 3
100 208 168
2 27 3
297 194 100
1 18 2
95 92
1 20 2
116 237
4 27 6
84 106 166 39 9 149
3 22 6
78 221 249 45 283 161
1 27 2
207 1
2 23 3
230 229 141
1 24 3
129 96 184
3 16 5
2 258 253 208 269
1 27 2
36 101
2 25 4
56 218 144 170
3 22 5
140 42 37 172 237
2 19 4
102 253 147 296
1 18 2
256 136
1 25 3
175 77 75
3 26 5
284 295 12 214 221
1 15 4
145 255 60 259
1 12 4
69 65 6 271
1 30 2
44 146
2 21 4
139 143 26 241
2 26 3
113 181 245
1 11 5
92 192 250 75 161
1 24 3
114 15 284
2 20 4
230 244 223 286
3 23 6
38 48 16 294 125 105
1 24 3
33 258 133
1 15 5
153 203 48 152 179
1 15 4
90 6 133 131
1 18 3
173 109 70
1 15 5
135 231 61 16 124
1 11 5
68 161 178 92 168
1 14 5
135 93 265 279 198
3 20 6
114 227 244 211 105 198
2 16 5
262 218 256 42 291
1 16 2
107 226
4 26 6
266 15 213 216 98 240
1 28 2
285 264
1 14 5
165 76 186 177 135
2 20 5
108 242 70 0 194
1 26 3
64 278 103
1 19 4
150 62 148 56
4 22 6
270 92 289 31 214 226
2 32 3
68 194 228
1 12 5
44 117 95 250 21
1 14 5
147 16 74 91 206
1 32 2
197 139
1 16 2
207 288
2 24 4
281 117 244 233
1 15 3
235 237 259
2 23 4
73 216 77 66
1 24 2
79 220
4 24 6
148 30 28 10 290 110
1 13 5
87 36 268 207 182
1 20 3
264 30 171
1 18 4
84 134 19 175
1 21 2
224 235
1 18 3
165 290 263
2 24 3
20 212 246
1 32 2
114 270
1 15 2
58 207
1 12 6
106 92 234 54 287 261
1 14 4
198 69 187 27
2 20 5
41 188 78 82 68
3 18 6
62 32 186 21 72 11
4 24 6
221 107 9 93 284 137
1 24 3
162 146 179
1 30 2
236 142
2 18 6
106 92 103 95 1 115
3 24 5
58 59 23 176 114
2 16 6
103 247 58 279 107 75
2 19 5
43 157 218 163 106
1 24 2
117 69
1 11 6
188 292 153 131 82 70
1 35 2
47 285
4 25 6
80 17 20 48 5 296
1 11 6
243 255 273 139 90 40
1 19 4
188 146 150 230
2 17 6
139 198 201 40 146 249
1 32 2
214 101
4 22 6
215 185 168 214 0 222
2 17 6
237 126 5 270 174 249
3 15 6
160 145 13 40 0 120
2 22 5
84 1 214 285 82
2 12 6
66 263 256 159 50 35
2 18 6
54 76 186 55 67 110
2 19 3
210 69 9
2 24 4
19 246 211 94
1 18 3
13 43 160
1 27 2
213 232
1 23 3
192 206 60
3 28 5
284 213 187 129 237
2 25 4
160 266 8 57
2 18 4
173 281 25 30
4 22 6
236 191 208 29 7 98
1 16 4
16 73 159 96
1 24 3
97 196 185
1 34 2
216 14
4 28 6
98 250 179 134 18 196
1 20 2
127 112
2 22 4
296 134 52 36
1 25 2
216 205
1 18 4
214 154 79 260
1 11 6
57 211 95 113 143 154
1 11 4
265 115 82 50
1 18 4
163 151 148 96
1 15 3
221 199 49
1 11 5
217 73 28 271 12
1 18 4
113 47 125 11
3 19 5
66 270 212 198 89
1 14 5
54 164 138 191 198
1 30 2
216 28
1 34 2
186 243
1 27 2
255 52
1 9 6
108 104 165 139 177 217
1 12 6
194 64 179 85 25 6
3 28 5
284 274 227 285 197
2 16 6
182 136 77 170 235 166
3 22 6
123 287 172 87 205 113
2 34 3
294 139 284
1 14 4
226 32 135 274
2 22 4
256 250 175 220
1 17 4
71 47 166 180
1 12 6
131 236 286 146 143 268
1 14 3
177 25 281
1 15 4
98 84 256 78
1 26 2
13 43
2 17 4
79 256 101 262
4 21 6
79 2 276 217 77 240
2 13 6
85 49 275 276 270 170
3 21 5
204 175 171 183 43
2 27 3
261 140 128
2 26 4
146 171 233 100
1 27 2
242 80
2 33 3
159 128 285
2 12 4
297 173 107 95
1 16 4
8 80 195 24
1 36 2
214 2
1 16 3
67 143 85
3 19 6
92 96 65 207 105 25
3 27 5
288 130 246 14 150
1 20 2
115 174
2 15 6
297 77 188 161 189 222
3 20 5
228 62 207 90 294
2 23 4
239 8 71 15
1 23 2
57 275
1 19 3
276 54 189
1 10 5
20 43 191 162 271
2 22 4
123 104 198 287
1 13 5
52 55 180 270 46
2 24 4
102 112 169 141
2 14 4
95 108 240 130
1 17 4
14 20 3 187
1 13 5
36 34 155 100 235
1 18 3
277 100 112
4 19 6
89 231 228 297 4 7
1 26 2
195 222
2 21 4
287 43 164 32
1 27 2
106 82
3 20 5
173 0 141 74 193
1 17 3
69 102 277
3 24 5
264 200 157 79 33
2 16 5
144 234 57 232 69
1 17 3
282 292 75
1 14 5
9 167 273 225 130
1 26 2
69 41
1 13 4
27 146 0 161
1 26 2
97 43
1 12 6
241 69 44 208 91 170
2 25 4
100 146 25 128
1 12 5
114 268 124 123 280
1 13 3
232 6 0
2 26 4
106 59 79 129
2 25 4
49 52 227 246
4 24 6
171 174 66 14 45 177
2 27 4
186 39 276 68
1 28 2
197 168
2 23 4
94 225 139 105
2 26 3
99 14 275
3 19 5
121 94 218 230 16
2 22 4
2 276 147 67
3 18 5
193 156 6 268 198
2 14 5
224 252 208 201 23
1 18 4
38 298 115 56
1 14 4
86 124 117 118
3 26 5
299 117 200 52 261
1 11 5
272 250 207 211 116
3 21 5
298 286 126 251 82
4 24 6
20 66 199 118 29 33
3 22 6
169 35 109 283 106 204
3 20 5
207 77 215 182 131
2 16 4
163 219 151 88
2 25 3
33 230 178
1 14 4
9 289 215 230
1 31 2
33 159
2 25 3
145 66 266
1 22 2
267 240
1 15 5
0 270 158 186 282
1 30 2
150 86
4 22 6
174 104 271 124 200 133
1 29 2
286 283
2 24 3
79 238 183
1 16 4
270 112 6 106
2 15 5
62 43 297 158 157
2 23 4
3 160 243 8
1 36 2
103 163
2 16 6
269 169 139 290 140 275
1 39 2
299 150
1 30 2
23 254
2 20 3
32 253 109
2 17 4
116 201 32 23
2 17 4
258 296 147 92
1 13 5
123 152 71 174 13
1 16 4
170 46 291 128
1 13 5
57 205 16 36 73
1 14 5
149 158 229 295 23
2 27 3
43 93 109
1 24 3
158 173 154
1 16 4
117 181 12 63
3 20 5
113 32 71 289 27
2 16 5
241 85 63 86 257
2 18 4
185 291 177 140
3 18 6
235 262 28 38 288 191
1 10 6
140 272 230 239 18 26
1 23 2
146 167
4 20 6
277 125 82 230 138 78
1 36 2
194 206
1 15 4
75 290 8 221
2 33 3
166 133 129
2 17 4
205 13 237 20
1 13 6
120 51 97 47 69 299
2 20 4
101 288 173 279
1 36 2
60 287
1 14 2
85 265
1 17 4
116 175 184 69
1 18 3
237 166 178
1 24 2
140 55
1 15 5
73 150 153 121 231
2 19 5
263 92 57 204 214
1 17 4
38 179 238 51
1 23 3
180 203 299
3 24 5
69 193 109 9 242
3 22 6
286 94 97 270 178 85
1 30 2
12 215
2 15 5
203 177 263 130 184
1 23 3
115 287 57
1 23 3
24 51 188
3 20 6
77 242 264 170 69 173
2 17 4
296 24 123 205
3 25 5
208 283 225 269 54
1 11 6
164 109 217 40 16 201
2 18 6
201 123 1 99 87 52
2 23 3
255 281 3
1 24 2
33 143
1 16 2
258 108
3 23 6
106 96 65 154 38 200
1 15 5
74 107 194 21 59
3 14 6
215 66 85 205 20 142
2 19 5
152 164 47 190 275
1 17 3
142 71 151
2 18 4
18 261 181 124
1 19 2
247 121
2 24 3
240 110 106
3 25 5
214 88 117 205 113
1 29 2
56 277
3 22 6
180 70 69 175 250 155
2 24 3
9 55 118
1 21 2
295 203
2 25 3
243 4 296
1 35 2
10 206
1 23 2
0 15
1 16 4
199 291 278 53
1 15 5
179 54 261 49 234
1 13 5
252 292 111 299 119
2 20 4
34 73 247 94
1 28 2
190 188
2 21 3
2 210 22
1 21 3
258 115 1
1 12 3
222 296 49
1 16 4
235 115 49 3
3 22 6
171 289 93 16 192 169
2 15 4
36 136 177 174
3 22 5
190 40 299 225 69
1 24 2
101 192
4 24 6
107 166 274 53 106 206
2 26 4
34 213 91 155
2 12 4
142 80 69 85
1 15 5
103 58 278 276 63
3 23 5
149 67 131 48 104
2 17 4
159 105 247 219
1 32 2
74 134
1 24 3
58 11 106
2 19 4
0 296 223 294
2 20 3
247 226 198
2 16 6
182 111 1 239 258 213
1 8 6
104 66 296 203 253 20
1 15 4
212 178 181 216
1 24 2
125 258
1 24 2
127 125
2 30 3
8 61 229
3 20 5
270 177 87 189 234
2 26 3
270 61 269
1 16 3
157 291 227
1 26 2
103 253
3 21 5
141 276 226 112 169
1 21 3
182 106 36
1 16 2
108 174
1 23 3
180 199 186
4 26 6
41 267 1 15 131 256
3 22 5
65 248 290 83 270
2 21 4
9 253 141 153
1 21 3
289 140 196
1 14 2
292 265
1 15 5
103 264 7 126 216
1 22 2
288 286
4 16 6
120 261 293 142 160 67
1 16 2
253 70
1 18 4
188 284 182 148
1 23 2
44 156
1 34 2
133 283
1 26 2
262 294
3 21 5
174 67 11 177 86
1 17 3
57 261 136
1 14 2
204 219
1 26 2
171 43
2 17 3
173 261 19
1 22 3
225 291 294
2 17 3
138 232 105
1 23 3
74 166 270
2 18 5
239 41 21 250 80
2 17 4
129 66 34 120
2 26 3
69 99 267
2 20 4
48 257 27 173
2 21 3
255 256 272
1 24 2
287 183
1 11 4
212 122 126 263
2 13 6
123 136 7 285 296 161
3 26 5
193 155 45 279 43
2 23 3
57 88 269
2 19 5
139 82 81 126 106
2 18 5
228 65 210 184 14
4 20 6
170 104 253 299 288 174
1 32 2
48 211
1 12 6
213 159 223 194 146 144
2 19 4
44 206 222 156
1 11 4
8 26 281 98
2 17 5
281 65 249 16 295
1 9 6
73 15 66 124 101 20
2 26 4
13 279 183 268
3 25 5
236 213 81 160 120
2 23 3
16 192 268
1 7 6
203 177 124 75 222 98
1 12 4
142 30 272 44
2 17 5
166 274 281 114 116
3 22 6
84 27 59 139 94 25
3 19 5
216 101 43 20 263
1 20 3
30 238 25
4 19 6
87 213 80 232 167 240
2 24 4
96 20 125 295
1 25 2
36 223
2 18 5
5 34 251 52 130
1 30 2
142 45
1 9 5
127 222 118 110 274
1 13 5
25 86 297 41 88
1 14 5
1 106 130 205 70
2 19 4
106 245 138 255
1 31 2
133 101
1 23 2
264 208
1 24 3
62 93 273
1 15 4
138 51 100 21
2 17 3
58 143 271
3 20 5
10 40 204 9 224
2 23 3
269 284 193
2 21 4
133 46 190 217
1 12 6
5 279 2 241 221 186
3 25 5
276 151 298 194 12
2 31 3
27 299 125
1 33 2
284 119
3 23 5
77 173 271 99 165
1 20 2
101 226
1 28 2
41 203
4 23 6
111 94 234 13 30 123
2 19 4
73 276 143 260
1 18 2
182 226
1 21 2
295 6
3 26 5
210 18 168 188 17
1 15 5
50 173 299 209 54
1 16 2
248 234
4 29 6
183 18 299 39 24 246
1 21 3
244 23 4
1 19 3
161 97 127
1 14 4
258 255 225 152
3 23 5
284 85 122 29 277
1 27 2
234 278
1 14 2
269 265
4 26 6
270 195 100 91 271 215
1 13 5
128 53 263 183 222
1 31 2
195 228
2 21 3
158 85 293
2 26 3
147 176 41
1 29 2
171 82
1 26 2
58 11
2 23 3
99 211 224
3 19 6
162 210 3 168 218 120
1 34 2
218 284
1 18 2
255 280
1 20 3
104 226 109
1 38 2
59 284
2 24 4
269 129 38 47
4 21 6
168 161 88 255 44 18
1 16 4
192 76 114 218
2 23 3
264 206 210
1 22 3
144 164 269
2 25 3
49 266 263
3 22 6
44 79 143 285 290 188
1 11 4
261 140 269 176
2 21 3
95 252 233
3 19 5
152 165 105 116 181
4 28 6
168 56 215 33 213 235
1 24 2
122 211
2 20 4
140 56 107 219
1 30 2
36 134
2 19 5
251 165 297 103 260
2 14 6
181 205 64 15 55 121
1 24 3
143 273 15
1 28 2
129 239
2 16 6
167 104 24 196 97 297
2 19 4
139 239 247 88
1 16 4
243 206 180 36
2 32 3
103 147 229
2 25 3
137 285 105
1 17 3
121 17 83
2 25 3
31 235 264
1 19 3
251 263 77
3 27 5
285 29 257 71 94
2 27 3
41 247 239
1 18 4
208 125 171 22
4 21 6
143 68 201 227 264 118
1 22 3
158 207 78
2 15 5
148 233 4 276 24
3 22 5
120 240 227 48 247
1 14 5
17 188 9 298 85
1 24 2
127 74
1 11 5
267 185 120 182 126
2 18 5
198 89 147 236 178
1 13 2
80 281
3 25 5
78 179 219 195 9
2 12 4
220 143 72 145
2 20 5
237 57 198 153 106
2 35 3
231 67 42
3 19 6
3 0 160 262 216 114
4 22 6
1 55 165 133 0 35
1 15 4
228 149 38 139
1 34 2
294 163
2 24 3
14 297 65
4 25 6
121 211 248 11 14 54
1 15 4
188 271 167 20
2 18 6
58 114 103 125 261 88
1 26 2
284 291
2 25 4
77 226 206 84
1 19 4
84 5 203 214
1 15 2
19 297
2 25 3
199 81 34
1 13 5
83 136 132 155 252
2 21 4
204 110 37 283
3 26 5
1 118 238 287 170
3 23 5
223 273 89 41 122
4 20 6
117 293 147 186 234 72
1 12 5
138 274 112 253 179
1 20 3
158 126 295
1 20 3
132 283 256
1 19 3
153 55 130
1 16 4
228 64 234 287
4 21 6
282 146 46 262 142 22
1 15 5
219 125 129 13 97
3 22 5
51 47 40 247 80
1 13 5
45 256 203 19 64
1 31 2
75 169
1 24 2
106 80
1 17 3
86 250 62
1 29 2
245 54
4 27 6
33 91 287 199 124 206
1 13 4
100 143 199 116
1 13 4
115 126 98 63
1 24 2
51 83
1 16 4
117 130 91 293
2 17 5
28 127 185 163 264
2 26 3
252 91 152
1 14 5
274 99 100 39 256
1 19 4
299 221 241 57
1 11 5
142 247 99 66 136
2 21 5
227 236 85 102 141
1 17 3
276 225 31
2 20 4
110 13 89 275
1 22 2
12 257
2 17 6
275 174 233 296 294 57
1 23 3
179 233 9
2 17 5
169 255 21 199 101
1 19 4
272 191 236 298
2 18 6
17 51 220 78 278 88
2 30 3
241 203 164
1 16 3
167 56 0
1 16 4
283 29 203 19
1 25 3
188 56 184
1 14 4
143 193 214 252
1 10 4
230 289 4 66
1 18 4
246 180 267 274
1 19 2
178 0
1 12 4
275 178 21 295
1 13 4
281 282 137 65
1 19 2
44 151
4 22 6
138 198 87 200 55 70
2 24 3
35 101 285
4 24 6
112 62 227 217 243 244
2 18 5
191 46 135 289 61
1 18 4
284 184 93 21
1 19 3
139 134 277
1 16 3
207 79 245
1 29 2
153 104
2 15 6
225 138 74 207 263 295
1 10 6
211 217 121 236 252 292
1 16 4
214 257 130 248
2 17 6
74 93 294 55 162 26
1 7 6
31 136 173 247 272 172
2 25 3
55 86 125
1 17 4
295 77 146 40
1 22 3
172 199 48
1 14 4
118 220 72 12
1 12 4
50 53 66 248
2 22 3
90 207 162
1 26 2
86 42
1 30 2
90 128
1 13 5
83 242 292 178 173
1 19 3
263 74 127
2 29 3
72 171 48
2 28 4
169 187 138 246
2 17 6
267 64 18 32 57 3
1 14 4
213 30 237 89
2 28 3
5 134 82
2 15 4
42 275 157 226
1 26 2
171 145
4 24 6
113 95 197 176 185 134
1 31 2
60 53
1 11 6
179 130 40 53 23 275
4 25 6
254 98 260 228 10 116
2 18 6
176 41 155 218 5 35
2 19 5
210 160 117 36 87
1 15 3
170 182 156
2 22 4
190 11 283 120
2 18 6
288 177 213 205 175 106
4 25 6
71 214 138 220 246 70
2 15 6
21 265 231 66 290 4
1 14 5
210 216 219 228 77
2 25 3
184 109 167
4 24 6
207 76 224 235 63 45
1 22 2
88 30
1 36 2
246 129
1 25 2
102 193
2 24 4
51 225 94 95
1 24 3
91 95 10
1 25 2
84 288
1 13 5
279 161 70 23 64
2 23 4
95 129 110 113
1 30 2
263 241
1 26 2
139 296
1 26 2
12 256
4 25 6
246 271 191 207 287 114
2 21 3
295 259 267
1 21 3
71 92 14
1 13 4
205 88 244 174
1 12 6
144 165 249 119 27 150
2 24 4
295 28 244 56
2 13 6
91 205 19 275 226 115
1 21 2
19 130
2 24 4
163 203 139 270
2 21 5
299 233 107 220 213
2 21 4
16 129 60 280
1 25 2
36 223
1 28 2
249 256
1 31 2
60 255
2 19 4
184 140 189 151
1 25 2
232 129
4 23 6
82 215 118 187 37 262
2 18 5
109 245 191 30 196
2 23 3
4 24 162
1 31 2
134 99
3 20 6
287 29 85 190 193 102
2 11 6
258 268 124 0 73 207
1 17 4
138 53 278 117
2 26 3
220 176 194
4 20 6
296 2 257 126 31 65
2 17 5
229 199 32 166 79
3 27 5
162 47 298 200 204
2 22 5
24 194 263 29 87
1 12 6
112 45 204 200 76 166
1 18 2
58 156
1 21 2
134 120
2 16 6
28 143 231 189 223 285
2 16 6
185 30 87 238 166 267
2 21 4
159 164 55 122
3 20 6
168 286 240 169 18 203
2 28 3
52 11 27
1 35 2
3 241
1 34 2
166 133
1 20 3
251 15 255
1 20 2
192 138
2 17 3
95 212 86
2 28 4
200 273 270 214
4 25 6
188 153 16 110 274 125
2 23 4
86 270 122 33
2 26 3
249 224 37
2 17 5
199 77 183 110 86
2 21 4
17 261 207 106
1 14 5
197 60 2 226 88
1 11 3
160 265 34
1 17 2
90 43
2 24 4
103 289 9 37
1 14 3
274 55 111
2 22 5
276 167 103 197 76
1 28 2
22 60
1 21 2
62 247
1 25 2
103 224
1 19 2
296 265
2 20 4
138 231 92 151
3 21 6
101 162 68 226 117 284
2 23 3
20 30 38
2 17 5
142 76 168 166 151
3 19 6
74 34 40 255 149 285
3 22 5
164 16 295 283 78
2 24 3
174 110 241
1 16 3
235 49 16
1 32 2
179 159
1 25 2
91 261
1 19 4
56 259 1 258
1 17 3
167 212 244
1 12 5
22 279 107 44 73
1 28 2
27 298
3 18 6
63 185 254 178 221 98
2 27 4
273 42 63 158
1 18 2
223 149
1 20 3
59 271 247
2 25 4
164 77 156 37
2 26 4
229 81 132 299
2 17 5
272 68 11 20 7
2 21 4
57 229 20 189
1 24 2
144 226
1 21 3
288 266 165
2 26 4
138 246 197 144
1 17 4
230 241 106 164
2 22 4
97 9 258 165
2 19 6
91 175 66 158 107 7
4 24 6
242 189 224 36 82 87
2 21 4
243 192 37 165
2 14 5
140 189 220 271 92
2 15 6
23 142 150 219 118 223
2 20 4
100 147 168 185
1 17 3
253 240 18
3 22 6
45 36 178 237 289 155
2 17 6
296 211 68 133 225 15
1 21 3
110 5 215
2 26 4
119 284 236 221
1 16 4
17 228 112 58
2 28 3
287 75 170
1 11 6
146 85 161 14 247 176
2 22 5
48 1 221 187 218
4 27 6
89 180 242 55 128 42
1 15 4
106 230 122 78
1 30 2
18 274
1 37 2
96 196
2 15 6
226 13 277 129 291 269
1 12 4
219 141 208 281
2 13 3
251 157 210
1 12 2
253 124
2 24 3
193 109 70
2 18 5
117 163 255 111 26
2 24 3
268 105 159
1 14 3
75 224 24
1 18 4
93 185 5 182
4 27 6
195 40 273 169 180 182
1 14 5
26 57 68 264 171
1 23 3
95 76 233
2 24 5
154 48 260 242 231
2 13 4
95 191 98 256
2 29 3
193 103 134
2 20 5
226 167 139 246 290
1 15 5
83 231 206 216 191
1 15 4
156 85 143 236
1 17 3
100 118 234
2 18 3
293 121 166
4 26 6
186 118 134 193 195 235
1 10 5
261 66 124 71 49
2 22 4
19 230 270 54
3 23 5
299 152 257 129 176
2 25 3
209 84 296
1 11 6
205 296 206 44 235 233
2 26 4
266 128 177 178
1 35 2
114 171
1 11 5
262 34 243 228 252
2 34 3
10 60 8
1 24 2
70 8
1 20 2
136 208
1 23 2
189 46
2 16 5
261 15 226 282 256
1 27 2
99 82
1 14 2
32 121
1 15 2
204 127
1 15 2
276 124
1 12 6
165 108 47 13 290 12
2 11 5
120 107 151 288 263
2 21 3
280 137 139
1 20 3
7 67 115
1 16 4
224 142 76 139
3 22 6
143 136 13 175 285 66
2 21 4
144 16 182 154
1 25 2
263 159
2 18 5
73 285 297 289 3
3 23 5
23 162 287 165 0
3 20 5
134 293 42 257 166
1 21 3
76 286 277
1 31 2
112 41
2 31 3
171 114 137
4 22 6
51 297 184 33 292 263
1 29 2
255 57
2 21 3
151 240 77
2 17 3
204 230 191
1 25 3
15 20 231
3 23 5
238 114 173 21 243
1 14 5
163 101 127 13 124
1 12 6
72 155 84 58 284 143
3 27 5
31 71 99 103 81
1 18 4
214 282 38 294
2 10 6
257 35 50 30 289 277
2 15 5
168 134 40 108 104
1 28 2
12 75
1 17 4
109 245 294 159
1 13 5
256 199 109 224 117
1 14 5
196 282 49 50 133
1 18 2
263 143
1 24 3
87 77 80
2 20 3
181 55 176
1 24 3
103 51 291
1 23 2
33 251
3 20 5
7 13 202 267 4
1 23 2
139 204
2 23 4
271 184 145 214
3 19 5
122 64 237 112 105
2 17 5
114 8 198 64 297
2 20 4
144 201 25 168
2 23 3
49 67 110
1 11 5
40 297 20 245 87
2 23 4
251 24 273 129
1 23 2
276 215
2 17 6
67 122 59 172 26 61
1 28 2
169 160
1 19 2
111 182
1 26 2
121 60
2 26 3
267 157 235
1 27 2
67 50
1 16 2
173 201
3 24 6
227 160 128 216 206 214
1 26 2
162 264
1 19 3
289 150 222
3 21 5
62 17 84 292 222
2 26 4
155 285 188 148
1 20 3
130 84 85
2 31 3
84 190 171
1 16 3
205 81 183
1 21 2
274 111
1 29 2
108 59
1 14 3
31 264 203
2 14 6
6 221 176 268 31 284
1 15 3
22 234 199
1 29 2
86 186
1 15 5
211 76 281 103 196
2 18 6
197 164 10 172 144 298
2 28 3
45 181 92
1 11 3
27 16 222
4 19 6
150 38 269 70 201 148
1 25 2
169 292
2 25 3
260 232 66
2 17 5
94 74 223 98 202
3 20 6
175 257 181 127 227 152
3 23 6
126 17 75 296 103 54
2 31 3
118 162 11
3 24 6
279 225 60 230 78 133
2 19 5
241 118 123 57 232
1 19 3
74 256 264
3 22 6
182 236 141 81 60 271
2 20 3
83 164 7
1 15 5
53 269 164 171 179
4 25 6
168 112 194 210 99 238
4 18 6
16 95 80 107 30 231
3 16 6
283 190 12 21 145 98
2 16 6
2 112 52 292 177 260
1 25 3
138 287 273
2 16 4
108 203 82 92
1 32 2
273 170
2 23 3
258 5 189
2 20 3
275 87 124
1 14 4
201 237 166 100
4 19 6
118 101 104 88 291 217
2 19 4
128 226 272 142
1 25 2
203 254
4 24 6
199 272 295 197 227 25
3 26 5
9 242 123 125 258
3 22 6
79 11 297 119 299 184
1 36 2
45 81
1 12 6
125 284 249 208 92 296
1 13 6
158 82 99 11 238 1
2 21 5
214 249 201 140 258
2 26 4
153 45 65 270
1 33 2
218 77
1 13 5
92 157 93 12 132
3 14 5
148 275 208 257 262
1 32 2
213 64
1 26 2
200 193
1 18 3
18 245 183
2 22 4
144 156 107 77
3 18 6
22 286 274 157 164 255
3 25 5
188 277 144 217 29
2 26 3
144 270 205
2 28 4
278 298 168 150
1 26 2
136 74
1 22 2
6 264
1 15 4
275 103 92 293
1 27 2
81 86
1 11 6
287 94 193 155 281 76
2 16 3
256 107 7
1 33 2
56 64
2 25 4
137 283 106 186
1 25 2
119 142
1 18 3
89 125 226
1 14 3
296 111 257
1 21 2
32 79
3 22 5
167 84 38 12 95
1 12 6
187 243 76 79 139 13
1 12 6
188 77 87 6 243 39
1 29 2
181 47
2 18 6
162 15 5 161 74 170
1 23 2
275 76
2 24 3
25 209 9
3 18 5
203 151 153 27 245
1 22 3
244 154 256
1 13 6
97 123 38 7 236 251
2 22 4
185 66 194 221
1 10 6
63 98 79 73 42 268
2 17 6
141 30 99 280 260 12
2 13 6
223 162 202 40 35 52
2 23 3
250 224 46
2 17 4
207 240 78 170
2 14 5
34 221 211 166 40
4 21 6
174 1 263 256 93 35
2 14 5
71 265 50 240 245
1 14 2
49 248
2 26 4
111 194 41 37
3 24 6
233 285 18 59 77 15
3 20 6
285 238 68 145 160 46
2 20 4
110 132 240 215
2 27 3
132 20 125
2 18 3
127 201 267
3 18 5
147 237 265 198 225
1 34 2
37 169
1 15 3
212 140 234
1 18 4
214 76 69 107
1 26 2
156 102
k 20
