300 1500 465
11 25 14 14 32 35 29 23 38 35 19 39 17 36 16 14 19 13 16 11 25 33 16 34 16 35 32 38 32 35 40 38 17 14 12 40 34 13 23 35 40 22 16 24 13 38 28 32 21 36 40 31 12 39 30 35 12 11 31 28 19 21 18 13 17 37 28 18 18 16 36 12 26 14 15 40 18 16 14 22 25 16 33 33 19 14 17 24 21 19 30 13 38 31 31 39 13 30 20 40 13 13 25 34 31 31 24 13 32 17 18 25 26 36 28 19 36 25 34 15 27 27 27 31 34 11 28 28 35 20 23 33 31 21 11 19 31 22 12 25 26 19 21 14 18 15 29 32 11 23 25 11 40 14 21 34 34 34 34 17 39 15 16 18 27 34 14 37 38 40 12 36 39 32 40 35 14 31 31 16 15 29 16 18 18 23 19 21 30 27 11 12 30 21 23 22 26 37 19 34 22 11 35 14 17 40 18 12 18 22 31 14 14 27 25 37 24 14 32 28 19 27 30 12 18 38 16 16 37 24 25 11 39 26 20 23 33 16 16 20 39 33 29 24 29 11 39 27 18 26 32 12 14 32 19 33 32 23 29 30 39 26 33 29 12 15 34 23 35 28 24 40 35 17 15 32 18 26 21 26 19 22 33 16 25 38 19 29 22 13 14 24 33 40 14 15 21 18 31 23
1 15 4 4 22 25 19 13 28 25 9 29 7 26 6 4 9 3 6 1 15 23 6 24 6 25 22 28 22 25 30 28 7 4 2 30 24 3 13 25 30 12 6 14 3 28 18 22 11 26 30 21 2 29 20 25 2 1 21 18 9 11 8 3 7 27 18 8 8 6 26 2 16 4 5 30 8 6 4 12 15 6 23 23 9 4 7 14 11 9 20 3 28 21 21 29 3 20 10 30 3 3 15 24 21 21 14 3 22 7 8 15 16 26 18 9 26 15 24 5 17 17 17 21 24 1 18 18 25 10 13 23 21 11 1 9 21 12 2 15 16 9 11 4 8 5 19 22 1 13 15 1 30 4 11 24 24 24 24 7 29 5 6 8 17 24 4 27 28 30 2 26 29 22 30 25 4 21 21 6 5 19 6 8 8 13 9 11 20 17 1 2 20 11 13 12 16 27 9 24 12 1 25 4 7 30 8 2 8 12 21 4 4 17 15 27 14 4 22 18 9 17 20 2 8 28 6 6 27 14 15 1 29 16 10 13 23 6 6 10 29 23 19 14 19 1 29 17 8 16 22 2 4 22 9 23 22 13 19 20 29 16 23 19 2 5 24 13 25 18 14 30 25 7 5 22 8 16 11 16 9 12 23 6 15 28 9 19 12 3 4 14 23 30 4 5 11 8 21 13
2 23 4
164 218 25 91
3 13 6
57 148 115 227 235 41
2 21 3
74 242 129
3 17 5
37 252 79 136 220
2 13 6
183 194 261 54 87 107
3 18 6
111 129 46 15 26 229
1 19 3
101 202 185
2 12 5
224 18 112 101 170
3 17 5
69 285 56 296 212
1 12 2
2 57
1 26 2
65 226
1 23 2
120 280
1 14 5
71 59 131 45 143
1 13 4
54 64 48 270
1 16 2
265 273
2 20 3
14 224 247
1 31 2
267 99
4 20 6
248 268 76 277 122 297
1 10 4
226 182 179 117
2 19 6
16 168 42 106 152 30
2 16 6
95 1 262 48 60 71
1 26 2
276 202
2 24 4
80 35 107 132
1 17 4
247 131 78 27
1 19 2
148 221
2 16 3
79 34 166
2 29 3
194 172 80
2 36 3
30 271 181
2 19 5
41 164 46 92 51
1 14 4
275 183 38 139
2 24 3
277 14 58
1 15 2
24 217
2 14 6
191 47 163 31 100 32
1 33 2
9 105
1 28 2
279 58
4 26 6
277 138 215 244 87 293
1 20 3
185 6 26
1 18 4
167 114 197 131
2 32 3
99 187 171
1 15 3
195 139 227
1 26 2
16 292
2 17 6
175 231 26 123 27 118
1 15 3
274 137 284
2 24 4
5 145 228 112
2 21 4
67 146 64 167
1 11 6
81 100 223 3 31 54
1 32 2
181 5
1 30 2
261 39
1 26 2
5 110
1 16 3
25 100 289
4 16 6
239 12 237 265 216 187
1 11 5
265 269 289 46 1
2 13 4
184 60 19 14
1 23 2
199 100
1 33 2
171 58
1 13 2
265 71
1 25 2
124 86
2 25 4
205 254 266 114
1 13 5
140 271 52 164 134
3 23 6
156 71 197 162 272 28
2 17 6
42 39 110 299 65 275
2 21 3
163 36 52
2 26 3
128 210 217
2 20 4
236 37 86 177
4 23 6
47 196 90 61 226 199
2 17 6
280 147 70 85 286 103
1 26 2
253 61
4 26 6
162 43 228 173 156 146
1 17 3
291 244 294
2 20 3
154 249 252
3 22 5
142 218 195 272 0
1 9 6
98 291 78 93 42 231
2 28 3
206 250 199
3 20 5
298 202 135 297 64
3 17 5
68 289 232 166 265
1 18 2
112 148
4 19 6
128 261 299 201 179 143
1 16 2
57 41
2 30 4
99 35 75 229
1 16 3
86 97 163
1 30 2
298 188
3 18 6
267 254 242 39 130 3
4 24 6
221 22 222 198 177 232
2 17 5
269 167 237 110 299
1 20 2
243 182
2 21 4
35 289 131 191
1 14 4
193 182 261 97
1 30 2
147 66
2 17 4
115 145 33 156
2 15 6
149 66 152 223 57 170
1 27 2
298 257
3 13 5
78 153 230 145 3
2 16 5
102 67 58 72 243
1 11 6
21 171 164 259 114 54
2 17 6
113 119 287 137 167 14
1 19 2
48 159
2 16 5
231 288 277 270 51
2 23 4
103 244 71 218
1 34 2
104 45
3 19 5
197 146 12 134 81
4 26 6
118 136 172 299 43 287
2 21 4
45 162 188 76
2 22 3
116 203 227
2 11 5
84 122 148 0 101
1 18 2
159 129
2 18 5
241 43 180 286 29
3 18 5
24 86 51 114 63
3 22 5
267 122 192 26 0
2 16 4
263 57 89 76
2 21 4
287 95 238 254
1 25 2
296 287
1 35 2
147 260
3 21 6
92 56 278 185 53 222
2 22 4
219 258 279 83
3 25 5
298 187 79 205 118
2 20 5
287 281 93 75 86
3 18 5
33 170 123 21 24
1 20 3
185 107 27
1 11 6
146 202 60 79 48 298
1 15 3
73 148 82
1 18 4
280 55 136 168
2 24 4
247 239 210 260
1 13 4
245 157 74 84
1 23 3
50 244 60
1 15 4
196 124 163 88
1 10 6
14 277 117 268 247 226
1 14 5
197 88 142 277 116
1 15 4
60 197 139 42
1 28 2
88 113
2 18 5
101 103 166 261 266
1 16 4
193 123 70 51
4 21 6
222 254 32 176 112 165
2 14 5
147 69 284 64 24
1 20 2
100 46
2 35 3
127 160 50
1 23 2
262 15
1 16 2
88 207
1 22 3
147 269 118
1 14 5
197 177 207 44 55
2 28 3
70 114 187
1 15 4
224 31 267 3
3 21 5
221 199 267 88 18
1 13 4
238 266 10 0
2 19 5
194 237 58 158 26
1 17 4
139 118 158 212
1 15 2
212 162
2 18 6
137 35 272 131 233 170
2 22 3
279 59 153
1 20 2
163 130
1 35 2
11 132
1 13 5
22 291 56 39 82
2 16 3
96 186 179
2 26 4
168 60 175 255
1 20 2
151 192
3 27 5
78 215 92 94 105
3 19 5
254 280 127 131 143
1 20 2
198 88
2 24 3
140 94 238
2 22 3
195 18 90
1 22 3
12 219 293
3 21 6
20 4 80 201 113 8
1 18 3
21 84 195
1 7 5
44 64 125 61 107
1 19 2
206 193
1 8 4
206 179 85 238
2 24 3
159 162 160
1 24 2
89 244
2 15 4
57 19 178 296
1 23 2
13 19
3 18 6
247 219 60 179 129 215
3 21 5
113 60 68 173 209
1 18 4
128 193 293 118
3 21 5
211 167 102 146 107
1 17 3
206 243 59
2 27 3
46 235 210
3 28 5
253 13 274 241 169
4 24 6
62 236 275 167 117 248
2 21 3
162 2 165
1 16 3
20 17 299
1 15 4
217 83 121 280
1 12 5
211 139 58 146 38
2 20 5
225 137 40 85 89
1 19 3
222 120 254
2 17 4
295 215 238 144
2 25 3
8 80 211
1 13 6
102 231 71 40 268 8
1 17 4
111 113 26 63
2 22 3
78 282 186
1 17 3
150 224 277
4 21 6
289 45 76 172 206 224
1 19 4
68 168 264 27
1 25 2
160 134
1 15 5
160 171 67 28 145
1 16 2
254 3
1 9 6
287 229 279 297 286 114
2 26 3
208 188 210
1 28 2
258 122
3 23 6
114 260 214 221 128 113
2 19 5
236 269 185 65 149
1 22 2
119 259
1 17 4
65 37 81 105
1 17 3
283 280 255
2 22 4
55 22 149 97
3 23 5
114 288 89 275 266
2 17 5
103 194 269 191 79
1 13 5
121 2 172 135 204
1 21 2
1 109
3 25 5
262 73 127 167 210
2 22 3
38 290 132
2 12 6
48 17 76 273 282 180
1 15 4
227 181 23 166
2 22 3
235 20 16
1 16 4
287 176 253 5
1 26 2
76 118
3 24 5
25 206 147 209 136
1 23 2
98 120
2 22 3
98 69 132
2 15 5
35 217 84 42 237
1 19 2
283 38
1 19 2
84 98
2 21 3
216 261 33
1 13 2
207 15
3 25 5
74 249 104 292 29
1 12 3
281 22 85
2 28 3
69 45 104
2 22 5
161 103 145 11 75
4 16 6
61 100 19 282 183 252
1 18 4
92 113 78 121
1 30 2
51 6
1 27 2
26 79
1 36 2
260 282
1 26 3
95 118 271
2 18 6
76 55 285 96 150 160
3 24 5
176 227 202 147 152
2 31 3
197 163 152
1 36 2
262 40
2 21 5
36 179 262 168 283
1 27 2
278 158
2 23 3
163 89 218
2 17 5
9 127 135 184 209
1 11 6
191 25 163 54 107 118
4 17 6
133 42 18 288 125 114
2 22 3
203 271 138
2 18 4
111 235 239 291
2 22 4
41 73 55 236
1 14 3
227 277 190
1 33 2
51 175
2 24 4
168 224 286 35
2 13 3
78 52 176
1 19 2
3 139
1 39 2
168 152
1 19 3
64 160 206
1 12 4
212 79 196 163
2 14 6
139 247 77 57 294 28
3 20 6
26 166 43 155 58 220
2 19 6
214 246 177 260 70 249
2 26 3
111 156 193
2 13 6
288 195 154 289 246 110
2 21 5
22 75 19 292 29
1 19 4
118 152 116 160
1 14 4
209 212 143 157
3 25 5
10 97 92 84 31
2 11 5
34 211 270 60 17
3 11 6
69 100 220 251 71 224
1 19 2
71 121
1 9 6
129 297 68 262 41 88
1 13 4
245 279 196 237
1 17 4
232 229 247 47
4 23 6
51 105 165 297 115 122
2 20 4
123 33 158 208
1 16 2
252 144
1 25 2
216 122
1 17 2
135 18
1 25 2
190 160
4 21 6
93 291 47 195 206 42
2 24 4
178 67 54 65
1 14 3
133 68 195
2 21 3
280 258 109
1 16 5
30 271 84 293 151
1 21 3
64 121 171
1 12 6
258 170 222 182 8 116
2 32 3
31 79 49
3 17 5
79 62 7 18 194
3 20 6
155 270 210 14 187 272
1 22 2
222 73
2 24 4
115 221 205 177
1 33 2
99 189
1 19 2
212 102
1 12 6
53 137 80 291 116 119
3 27 5
11 285 14 118 247
3 26 5
90 29 44 218 255
1 20 3
209 173 127
1 12 3
3 235 203
1 35 2
268 25
1 20 3
100 43 45
1 17 2
89 182
1 17 3
49 159 22
1 17 4
52 103 266 90
1 27 2
205 176
1 11 5
245 85 133 192 111
1 25 3
288 31 92
1 26 2
114 87
1 13 6
45 174 112 127 199 138
1 18 3
173 207 194
2 17 4
221 96 91 66
2 14 3
57 125 288
4 18 6
229 119 239 85 216 90
2 19 6
38 11 271 241 293 216
2 29 3
192 132 112
1 11 6
198 225 117 298 73 288
1 12 5
115 265 131 66 120
2 20 4
242 59 212 299
2 21 4
258 281 103 254
2 20 4
112 52 249 105
1 20 2
162 243
2 24 3
4 247 101
2 17 6
134 268 30 17 298 77
1 20 3
250 114 3
1 23 2
282 96
1 29 2
172 280
2 22 4
286 5 258 277
1 18 4
172 259 118 3
1 18 3
1 123 76
2 22 3
142 292 289
2 20 4
257 171 153 185
1 21 2
112 86
1 15 5
104 168 27 36 220
2 28 4
169 282 240 144
1 21 2
1 183
1 25 2
6 195
1 27 2
285 12
2 15 6
222 245 217 234 298 218
1 12 3
3 276 234
1 24 2
196 194
2 18 3
284 52 141
1 25 2
223 160
2 21 5
10 29 161 30 26
2 23 3
205 204 203
1 20 2
19 97
2 27 3
146 115 36
2 19 3
52 195 1
2 20 3
162 151 282
2 17 6
238 234 282 49 68 199
1 17 4
283 22 253 225
1 21 3
167 221 80
2 23 3
28 143 150
1 25 2
263 133
2 24 4
167 105 189 123
1 24 2
202 44
2 20 5
108 228 96 59 147
2 23 3
166 12 246
2 27 3
84 216 45
1 20 2
127 170
1 21 3
148 291 246
2 17 5
162 280 54 35 294
1 14 5
23 105 205 114 135
4 25 6
142 205 30 294 276 103
1 15 3
256 44 295
1 16 4
126 260 269 91
2 22 4
218 56 242 46
1 10 6
211 70 264 203 244 229
2 16 5
7 219 242 141 279
1 19 3
56 291 262
1 26 2
222 235
1 26 2
246 78
1 14 4
211 181 122 193
3 22 5
152 182 18 208 65
1 24 3
260 38 29
1 25 2
196 111
1 29 2
243 128
4 23 6
244 26 209 227 75 297
1 20 3
233 73 268
2 25 4
5 89 171 275
1 13 5
27 269 182 183 177
1 12 6
165 195 232 58 176 55
1 13 4
261 290 144 121
3 24 5
118 31 85 29 86
2 12 6
122 114 41 0 125 206
1 20 3
127 26 190
1 23 2
196 48
1 27 2
164 126
2 15 3
134 32 67
1 33 2
282 236
1 12 3
161 227 41
2 35 3
240 53 122
4 22 6
287 135 272 144 15 266
1 19 2
68 296
1 22 2
51 290
3 19 6
96 284 68 92 167 223
2 17 4
216 96 253 151
2 19 5
160 94 196 245 149
1 12 4
68 277 61 150
3 20 5
33 227 104 199 234
1 17 4
181 175 103 80
3 22 6
156 271 53 162 235 81
1 17 4
139 175 142 36
1 22 2
187 267
1 34 2
36 29
1 15 4
211 45 87 200
2 21 4
292 138 178 296
1 9 5
154 68 164 52 12
2 37 3
197 29 152
4 24 6
130 174 182 142 169 278
1 10 6
130 50 229 187 206 207
1 23 2
294 83
4 22 6
226 100 181 38 35 117
2 20 5
83 25 15 262 153
1 22 2
236 264
1 19 2
163 296
2 21 5
246 159 272 58 109
1 16 3
273 90 224
1 12 6
40 37 247 90 88 131
3 20 6
193 172 175 296 192 64
2 14 6
24 249 77 123 166 105
3 21 6
26 43 257 152 249 136
3 25 5
222 169 80 234 178
1 34 2
31 177
1 35 2
9 128
1 25 2
9 119
2 18 3
179 182 200
1 11 6
10 259 242 257 233 246
1 18 2
200 294
2 22 3
105 217 38
1 15 5
95 246 108 5 193
2 17 3
245 90 57
3 20 6
288 269 172 84 224 262
2 26 3
93 179 83
1 12 6
62 89 257 5 65 111
3 17 6
76 236 288 122 198 41
1 13 3
239 278 22
1 29 2
235 268
1 15 4
280 285 185 176
1 12 4
189 187 180 42
1 13 4
235 207 275 274
1 19 2
186 129
1 22 3
249 78 99
1 22 2
129 214
1 15 5
53 276 215 29 43
1 10 6
64 259 242 292 66 295
1 8 6
142 234 96 143 163 164
3 21 5
218 170 90 66 69
2 20 4
97 155 283 44
3 22 6
147 271 234 146 58 114
1 16 2
135 143
1 18 3
262 133 57
1 29 2
99 76
1 19 4
8 30 66 48
2 21 5
114 11 166 226 8
1 12 5
85 148 31 112 71
3 29 5
282 75 147 246 118
1 21 3
202 46 101
2 21 4
227 82 41 4
1 24 2
234 269
4 19 6
273 256 147 110 71 238
2 23 3
78 164 259
1 9 6
141 80 279 150 221 218
2 26 4
21 268 239 70
3 24 5
59 217 281 174 173
1 23 2
63 282
2 16 5
243 216 250 209 299
1 30 2
158 279
1 17 4
228 93 185 194
1 11 5
193 80 58 226 195
1 26 2
135 155
2 30 3
93 135 174
1 11 6
176 24 264 73 55 155
1 21 3
77 108 132
2 14 6
190 277 196 77 63 173
1 16 4
177 171 159 16
2 19 5
282 250 4 17 209
1 28 2
61 5
1 20 2
223 219
1 15 5
170 267 113 293 46
1 21 3
236 19 97
1 13 3
48 274 144
3 16 6
73 289 72 36 162 43
4 23 6
184 252 256 209 197 210
1 26 2
41 136
1 11 6
196 35 214 119 139 216
1 37 2
240 113
1 6 5
63 170 91 19 68
3 18 5
2 257 68 142 54
1 19 2
100 230
3 17 5
51 109 220 264 98
2 25 4
95 200 251 160
1 26 2
280 36
2 21 5
99 150 128 181 298
3 26 5
123 25 115 178 39
1 34 2
171 83
2 10 5
274 52 145 67 88
1 25 3
31 168 88
2 10 6
2 234 135 48 96 110
2 14 4
189 0 34 98
1 15 4
287 165 34 219
2 23 4
249 40 245 72
4 22 6
122 101 91 21 173 256
1 11 6
65 288 191 21 239 177
1 26 2
272 67
2 14 6
48 137 217 21 72 196
1 9 6
180 196 270 73 258 72
1 22 2
120 64
1 32 2
108 292
2 22 4
179 46 209 50
2 23 4
185 110 21 95
1 11 6
161 132 197 182 136 224
4 21 6
247 14 209 194 233 123
1 12 5
114 261 142 283 253
2 26 4
215 26 223 9
1 15 4
136 135 259 243
3 22 5
244 69 70 274 282
1 18 4
67 173 213 205
1 13 4
207 175 62 254
1 16 4
210 235 103 143
4 20 6
227 205 209 178 18 151
2 25 4
114 184 260 23
2 16 6
250 149 59 23 133 272
1 25 2
72 43
1 17 4
116 150 115 83
1 13 3
110 149 22
2 19 5
66 64 124 110 215
1 12 5
282 117 181 161 56
1 27 2
90 139
1 21 3
268 146 238
2 16 6
103 12 292 235 192 2
3 20 6
48 196 76 169 31 33
3 18 6
176 143 76 140 35 66
1 15 2
3 179
1 18 4
160 202 142 234
1 22 2
82 201
3 18 5
79 201 273 219 299
3 19 5
175 151 77 287 141
1 12 2
191 138
1 24 2
299 284
1 11 6
131 105 44 277 278 103
1 13 6
5 239 177 35 271 23
1 31 2
70 122
2 14 3
264 251 110
1 11 4
125 117 162 10
1 23 2
226 58
2 20 3
126 190 299
4 29 6
191 287 13 124 35 169
1 12 5
137 88 171 214 233
1 13 6
136 260 99 66 91 214
1 34 2
155 124
1 24 2
156 33
1 14 4
298 230 148 245
1 24 2
297 93
3 21 5
217 70 82 100 7
2 22 4
216 84 244 92
1 33 2
11 219
2 12 6
119 89 154 178 34 229
4 22 6
80 60 266 187 197 52
2 21 4
285 280 76 213
1 36 2
172 157
4 26 6
165 117 75 137 172 61
2 17 4
17 278 144 123
1 16 2
15 280
1 13 2
17 294
1 10 3
134 84 138
3 19 6
2 260 6 61 280 20
3 20 5
203 278 222 288 181
3 22 6
295 105 220 93 94 172
1 29 2
128 149
1 28 2
261 178
3 17 5
88 239 0 262 153
2 14 5
129 275 207 88 162
2 21 4
70 87 189 130
2 18 5
252 52 291 128 124
1 14 5
131 268 18 46 225
2 26 3
11 180 279
1 26 2
128 62
1 20 2
102 18
1 21 3
261 215 164
3 26 5
202 177 58 171 235
2 14 6
290 68 169 77 235 216
1 18 4
8 164 139 55
1 34 2
105 215
3 18 6
271 200 85 76 299 120
1 24 2
218 42
1 8 6
209 161 57 210 137 264
2 17 5
5 206 291 183 120
1 17 4
104 232 280 164
1 18 4
8 185 294 165
3 21 6
35 208 79 53 183 164
2 18 5
198 139 192 170 175
1 15 2
159 217
4 20 6
52 268 76 96 128 194
1 15 4
244 166 290 236
1 12 4
101 49 148 145
2 24 3
168 115 24
2 19 4
77 287 23 264
1 13 4
164 111 153 150
1 17 2
68 179
3 20 5
286 151 208 150 40
2 25 3
72 92 251
1 21 2
47 190
1 9 3
176 252 101
1 20 2
248 7
3 22 6
49 223 233 128 13 245
1 26 3
174 55 11
1 10 5
6 207 224 257 44
1 11 6
105 181 167 203 102 46
3 13 6
68 62 0 146 294 3
2 17 6
225 241 263 206 186 49
3 23 6
13 223 226 147 282 11
1 23 3
205 135 188
2 21 4
177 199 85 48
1 19 4
49 250 290 35
1 8 6
226 136 64 79 68 144
1 20 2
297 209
3 20 6
214 49 262 145 6 280
3 16 5
96 111 28 33 223
3 28 5
167 241 279 11 202
2 12 6
10 127 91 84 129 284
3 17 6
258 17 26 257 110 239
1 23 3
244 30 2
2 30 3
105 258 256
2 22 4
275 220 50 179
1 17 4
290 293 6 37
1 24 2
281 196
1 37 2
175 205
1 18 3
261 224 263
2 16 6
202 279 253 36 235 24
1 18 3
276 215 283
1 13 3
3 238 106
3 15 6
18 183 250 212 193 141
1 15 4
201 139 175 190
1 9 6
20 274 263 162 71 287
1 31 2
235 160
3 17 6
147 233 16 244 42 227
1 16 3
274 203 255
1 18 3
106 105 212
1 19 2
261 251
2 18 4
57 41 94 193
3 22 6
160 30 119 162 84 23
2 18 5
80 114 218 180 123
2 17 3
204 43 201
1 15 5
60 108 293 168 216
1 12 5
143 67 186 293 129
1 16 4
253 275 261 295
1 20 3
233 20 55
2 26 3
62 126 199
2 19 4
62 70 56 137
1 13 5
158 223 71 4 2
3 19 6
168 189 251 265 187 219
1 14 5
264 96 169 226 157
1 10 4
10 290 32 154
2 19 3
145 130 60
1 12 5
16 266 269 227 276
2 12 6
106 107 150 151 119 277
2 11 4
91 180 125 12
2 22 4
292 236 203 80
1 14 2
19 248
1 12 5
239 93 68 276 181
4 26 6
23 49 27 226 86 262
1 19 2
270 161
3 24 5
256 222 141 232 16
2 17 6
215 177 104 155 249 85
1 23 3
27 94 226
1 32 2
275 28
2 21 5
282 171 167 124 29
1 17 3
197 37 3
3 21 6
203 75 76 41 178 9
2 27 3
114 66 230
2 23 3
198 171 77
1 8 4
294 18 44 135
3 23 6
129 59 158 285 168 255
3 15 5
44 235 120 3 295
1 34 2
29 118
2 16 3
68 18 274
1 20 3
254 259 147
3 24 5
186 79 28 113 241
2 32 3
80 160 241
3 23 6
169 45 94 3 58 63
2 20 3
63 14 28
3 20 6
177 69 106 7 28 124
3 20 6
15 10 104 158 89 171
2 17 4
210 153 145 288
3 20 5
98 275 191 262 162
2 20 5
231 253 224 49 266
1 18 4
282 284 11 155
3 24 6
273 244 74 169 35 285
1 17 3
212 223 246
1 12 5
50 229 3 297 207
1 31 2
257 293
4 23 6
30 45 276 76 20 71
1 22 3
136 204 128
4 22 6
27 127 33 155 295 198
4 24 6
162 128 89 169 110 199
2 16 5
61 249 218 80 64
1 13 2
238 148
1 22 2
208 121
3 20 6
36 145 165 252 9 109
1 15 3
217 201 131
1 21 2
141 185
2 24 4
126 27 222 1
2 15 5
60 151 55 79 294
1 13 5
2 259 146 116 66
1 34 2
36 5
1 18 4
95 282 188 16
1 33 2
35 213
1 27 2
39 115
3 16 5
126 224 84 212 186
2 21 3
254 209 235
1 17 4
104 289 179 8
2 19 3
125 140 154
1 17 2
186 161
4 19 6
22 228 243 134 182 235
1 11 5
10 130 87 28 149
2 17 6
57 156 199 125 296 232
3 17 6
66 96 265 175 146 148
4 22 6
80 206 139 174 68 233
2 22 4
248 197 286 202
1 12 4
91 299 20 100
2 23 4
253 91 194 205
2 31 3
11 218 43
1 22 2
192 180
3 26 5
175 192 63 53 258
2 26 4
55 70 244 292
2 30 3
232 263 243
1 22 3
16 146 8
1 13 3
89 37 234
3 21 5
282 176 183 95 77
1 13 5
188 128 289 179 63
1 9 5
276 22 257 16 41
2 20 5
271 0 139 61 268
1 14 5
72 118 85 179 174
2 31 3
286 205 29
1 12 4
81 161 239 177
1 33 2
158 262
1 22 2
33 178
3 26 5
246 128 106 126 93
2 31 3
95 146 233
2 14 3
151 162 109
2 11 6
297 100 186 157 231 3
1 22 3
118 165 270
3 18 5
98 100 20 21 182
2 19 4
148 97 283 58
2 17 6
21 134 114 287 40 216
1 13 4
33 44 183 55
1 19 3
267 272 162
1 20 2
78 196
2 17 4
164 1 201 16
1 17 4
53 32 164 256
1 34 2
29 236
1 20 3
55 111 170
1 24 2
107 13
1 8 5
7 91 145 24 286
1 28 2
246 86
4 19 6
1 199 154 24 119 239
2 17 5
280 297 217 246 54
1 29 2
25 43
2 19 4
133 245 46 247
2 24 4
286 65 147 66
2 12 6
12 141 251 290 209 268
2 15 6
157 100 97 109 206 287
2 19 6
29 11 82 260 225 234
2 21 3
257 166 126
1 26 2
193 250
1 24 2
266 294
2 17 5
38 185 232 252 251
2 17 3
15 220 76
2 23 3
243 0 5
2 17 3
141 3 98
1 11 6
24 162 146 111 38 75
1 13 4
127 80 91 119
1 9 6
16 115 181 291 111 127
1 13 5
116 255 210 84 223
1 12 4
279 288 34 224
1 15 5
167 198 246 43 102
4 27 6
32 169 34 105 53 152
2 29 3
279 243 240
1 11 6
9 295 267 49 194 146
1 17 2
101 281
2 18 5
158 282 57 38 189
1 17 4
30 222 76 210
4 20 6
172 283 67 181 109 195
1 22 3
133 158 118
1 17 4
39 250 25 243
1 25 2
274 5
1 16 2
84 143
1 27 2
237 232
2 26 4
272 90 95 297
2 19 5
178 275 250 81 38
3 28 5
233 205 94 27 199
1 15 3
179 67 244
1 9 6
1 183 217 230 153 105
1 22 3
232 213 76
1 12 6
165 155 177 106 40 143
1 22 3
215 43 298
2 11 5
37 24 115 291 162
1 13 3
138 251 244
4 24 6
20 173 48 43 59 152
2 34 3
13 92 244
1 16 4
126 215 85 67
2 17 6
296 172 292 90 165 209
1 15 2
191 206
3 14 5
46 81 148 34 163
2 23 3
59 6 138
2 25 3
287 273 258
1 11 2
223 190
1 24 2
116 17
1 11 5
11 191 76 78 182
1 16 4
275 103 291 63
1 31 2
59 25
1 19 3
22 261 28
3 24 5
215 179 92 117 239
3 26 5
147 44 118 282 298
3 16 5
46 170 100 219 78
1 20 3
160 137 37
2 14 4
57 144 170 196
1 16 2
161 297
1 12 6
108 238 295 70 116 144
1 14 5
173 45 258 93 288
1 23 2
82 78
1 22 2
112 198
1 20 3
83 213 244
2 26 4
53 39 297 26
3 14 6
159 68 56 222 16 190
2 12 4
151 254 153 69
2 21 3
274 24 292
2 19 4
5 230 141 33
1 32 2
270 271
1 11 6
154 88 6 75 62 176
1 15 3
242 265 283
2 16 5
100 105 4 133 24
1 19 3
79 28 111
4 19 6
134 2 261 189 25 295
2 29 3
247 20 65
2 14 5
247 57 134 58 85
1 13 6
253 135 160 100 169 21
1 20 2
63 46
1 14 5
72 1 45 183 124
2 20 5
259 11 115 142 26
2 17 4
87 256 143 125
4 21 6
267 141 93 12 205 191
1 21 3
219 273 228
1 26 2
248 118
2 32 3
188 103 241
1 19 2
2 102
1 15 4
87 176 163 168
4 22 6
15 56 8 123 296 114
3 21 6
245 4 188 214 26 124
2 29 3
155 142 156
1 22 3
261 221 240
1 29 2
50 67
2 17 3
207 185 69
2 24 4
225 229 183 156
1 12 4
259 186 100 85
3 21 5
50 125 249 142 234
1 13 4
63 64 233 242
1 21 2
251 104
4 15 6
33 56 139 251 57 28
3 15 5
115 283 142 60 264
3 18 5
12 14 164 179 124
1 20 2
148 188
1 23 2
269 60
2 18 6
172 222 260 150 173 96
3 26 5
125 255 97 192 95
2 20 4
141 57 137 152
3 22 5
230 244 84 11 19
4 23 6
255 264 54 271 86 130
2 18 3
170 66 145
3 15 5
134 120 153 176 288
4 22 6
68 155 288 64 156 247
1 20 2
19 6
2 22 5
65 91 177 246 168
1 13 3
288 276 19
1 18 3
279 259 87
2 21 4
130 111 230 5
1 32 2
43 35
4 24 6
218 236 240 186 248 87
1 18 4
35 39 223 188
2 15 3
217 207 193
1 11 6
41 259 253 120 52 128
2 20 4
198 277 29 191
1 13 5
236 188 134 282 244
1 29 2
142 228
2 31 3
267 169 177
1 32 2
262 177
1 25 2
221 130
1 20 4
40 85 293 271
1 13 6
109 92 277 293 275 46
3 22 6
136 160 149 278 134 53
2 17 5
59 144 124 213 193
1 17 3
93 76 88
1 14 5
246 44 55 108 176
2 14 5
70 227 101 161 234
3 20 6
0 164 203 185 92 215
2 28 3
73 26 45
3 16 6
229 125 281 270 139 130
1 22 2
111 115
2 19 3
239 57 127
3 18 6
2 34 193 97 232 194
1 10 3
251 86 161
1 13 4
255 78 141 200
1 12 6
63 298 13 282 293 279
1 13 5
285 227 110 178 14
3 21 6
299 167 154 230 258 95
1 14 5
160 108 104 106 239
1 12 5
279 225 195 115 20
1 14 3
249 191 208
2 19 3
170 184 122
2 15 6
242 277 162 78 63 168
1 15 4
298 253 206 100
3 20 5
69 261 224 299 65
2 18 5
244 54 159 108 190
1 17 2
254 22
3 22 6
135 92 54 55 199 114
1 15 4
30 154 64 98
1 19 2
150 100
1 14 4
186 108 153 221
1 31 2
116 221
2 17 4
109 138 35 245
2 31 3
194 94 246
2 21 5
199 234 121 11 116
2 33 3
120 21 172
1 17 4
12 266 113 275
4 19 6
19 183 220 136 49 96
4 20 6
114 267 189 121 276 239
3 16 5
2 267 277 135 211
1 20 3
216 134 92
2 33 3
197 117 246
1 19 4
88 268 260 246
4 23 6
100 240 258 290 11 89
1 19 4
251 168 75 108
2 12 6
112 294 203 123 62 14
1 9 5
196 7 237 191 78
2 21 4
58 238 27 204
3 21 6
164 162 65 197 7 90
1 18 3
93 230 267
1 16 4
141 271 17 80
2 18 6
100 268 129 246 242 160
4 20 6
164 17 89 158 176 189
1 27 2
238 240
1 11 3
274 77 186
1 26 2
2 232
1 22 2
123 211
1 12 6
71 153 13 232 85 203
2 19 5
23 247 259 129 55
1 14 4
129 112 87 173
1 24 2
148 215
3 20 5
183 81 160 213 71
1 30 2
222 177
1 14 5
48 65 197 216 227
3 23 6
262 167 133 241 269 95
1 16 4
238 40 247 220
3 15 6
120 110 267 235 281 125
2 15 6
34 6 240 267 273 1
2 19 3
112 162 182
1 31 2
281 271
2 26 3
74 30 43
1 18 3
159 253 291
1 11 5
37 216 73 256 3
3 28 5
156 55 295 197 225
1 15 4
275 193 114 159
2 21 3
207 188 278
1 24 2
177 163
4 27 6
104 292 178 282 172 97
2 12 4
283 62 273 18
1 12 6
247 16 12 35 70 269
1 9 4
153 214 71 78
1 10 4
286 278 234 238
1 33 2
262 165
1 15 5
196 260 232 221 50
3 23 6
205 50 130 74 182 202
1 25 2
206 253
1 9 6
228 67 176 68 184 281
3 17 5
237 167 227 184 44
1 36 2
232 255
3 16 5
56 299 57 97 183
1 8 4
119 18 198 294
1 28 2
5 195
1 15 3
140 115 187
3 23 5
258 55 62 167 76
2 15 5
288 117 173 145 226
1 28 2
155 38
2 34 3
4 55 29
1 25 2
24 39
2 24 4
219 8 214 188
2 19 5
197 137 219 259 109
2 19 4
228 150 107 78
1 20 3
43 16 171
2 20 3
239 114 138
2 17 4
290 100 83 229
2 26 3
154 270 292
2 29 3
220 259 75
1 20 3
174 52 48
3 21 5
154 23 79 179 287
1 15 5
143 207 8 69 167
1 30 2
27 185
3 19 5
213 217 121 190 263
2 25 4
188 215 106 23
2 17 5
195 193 255 209 136
1 10 4
7 86 180 22
1 24 3
228 164 113
1 13 5
25 93 77 181 219
2 27 3
48 106 45
3 22 5
144 103 46 136 176
2 21 3
26 110 63
2 18 4
137 149 126 57
2 19 5
292 205 60 148 229
1 34 2
177 167
3 18 6
1 182 190 208 287 285
1 24 2
216 43
1 15 5
138 35 283 39 24
2 28 3
293 177 119
1 23 2
102 278
1 9 5
227 277 281 86 209
1 18 2
265 288
2 25 4
147 58 169 183
3 28 5
129 246 103 120 99
3 23 6
256 25 299 108 49 30
3 29 5
55 246 174 298 236
1 25 2
74 171
2 25 3
262 178 125
2 18 3
176 58 57
2 22 4
227 158 231 40
3 21 5
182 66 79 168 142
2 20 3
67 191 275
1 10 6
298 224 28 86 73 296
1 15 4
223 180 58 210
1 11 2
138 245
1 20 2
88 98
1 15 5
259 42 129 128 169
2 20 5
225 227 66 128 245
1 12 5
288 200 296 217 232
1 15 5
92 169 103 191 266
3 19 5
153 254 50 237 193
1 24 2
63 49
2 20 5
261 19 241 65 26
2 11 4
283 34 91 204
1 17 2
216 0
3 20 5
254 78 260 104 37
2 15 5
14 106 74 158 76
2 19 3
237 212 269
1 12 5
270 120 184 283 131
2 14 6
275 193 231 241 203 85
4 23 6
99 192 227 119 242 66
2 19 4
113 154 48 276
2 19 4
84 219 59 200
2 22 4
159 218 32 246
1 16 4
103 253 68 122
1 11 4
85 12 6 107
2 18 3
142 229 245
4 16 6
73 120 71 2 164 86
3 19 5
187 234 150 224 131
1 17 4
140 171 67 236
1 29 2
136 121
3 16 6
86 46 277 278 291 220
2 22 3
162 53 251
1 23 3
94 225 114
4 17 6
169 134 48 297 273 57
1 23 2
100 23
1 17 2
86 144
1 20 2
112 161
1 17 2
212 61
3 23 6
284 174 53 47 180 298
2 24 3
231 40 41
2 20 3
279 216 191
1 12 6
35 22 297 115 173 67
1 25 2
237 25
1 24 3
101 11 83
1 12 6
9 204 221 197 148 83
1 12 4
22 4 201 74
3 23 5
292 73 242 214 47
1 18 2
284 201
2 23 4
294 281 240 136
1 12 4
96 220 47 74
1 19 2
130 237
3 17 5
273 25 68 119 57
2 26 4
9 181 169 227
1 27 2
215 273
2 17 4
38 290 6 182
4 22 6
194 37 146 19 54 31
1 32 2
155 178
1 25 2
108 198
1 37 2
128 40
2 26 4
93 266 169 91
4 19 6
194 10 251 76 92 133
4 24 6
221 124 46 32 241 164
1 21 2
281 142
3 14 6
179 88 69 207 156 119
1 15 5
111 269 289 202 40
1 30 2
106 49
1 26 3
246 38 99
2 19 5
196 195 222 75 19
2 17 4
22 280 243 221
1 12 5
270 27 139 226 86
1 37 2
169 156
1 16 4
178 199 48 177
1 13 6
40 168 113 4 143 35
1 17 2
162 84
2 22 4
210 63 49 43
2 32 3
240 80 147
2 23 3
261 184 249
1 14 5
152 37 155 297 26
1 9 6
218 43 270 68 48 24
1 14 4
256 216 67 229
3 27 5
121 158 5 262 255
2 19 4
110 224 205 198
2 23 3
68 20 127
1 12 3
115 186 252
3 22 6
180 275 105 113 106 5
1 16 4
94 2 145 155
1 13 5
11 102 221 80 195
1 25 3
167 141 92
1 13 2
138 3
4 21 6
295 52 276 241 30 20
1 29 2
95 98
2 20 5
104 264 295 155 11
2 27 3
191 174 242
1 14 5
178 293 127 287 243
1 12 6
165 108 152 178 106 120
1 12 5
9 204 121 299 258
1 24 2
9 294
1 20 2
216 24
2 14 6
52 291 43 221 62 255
3 18 5
4 294 134 26 290
2 21 3
223 144 266
1 25 2
110 82
2 27 3
91 197 123
1 21 2
89 291
1 26 2
165 62
2 23 4
228 217 216 58
2 15 4
299 251 52 189
1 13 5
135 175 147 281 43
1 23 2
38 149
2 22 4
21 28 87 20
2 33 3
30 278 99
2 15 5
132 43 115 234 203
2 16 5
118 296 1 22 276
2 24 3
254 156 48
3 20 5
220 196 184 30 208
2 23 3
278 242 129
2 15 6
32 298 82 126 208 162
1 14 4
275 3 120 10
2 17 6
259 274 26 111 30 165
1 15 2
297 17
1 10 5
150 64 122 86 38
1 11 6
81 85 181 275 44 25
1 36 2
116 167
2 14 6
187 117 153 240 48 24
2 13 4
125 223 126 78
1 14 4
96 136 219 110
1 16 3
68 69 97
2 15 5
259 80 163 243 267
3 17 5
276 14 112 41 129
1 32 2
160 233
2 18 3
198 163 183
2 15 6
205 255 64 294 148 12
1 15 5
275 285 71 50 197
1 11 6
76 93 63 59 174 3
2 21 4
97 235 218 17
1 16 3
266 3 134
2 16 4
148 201 268 276
1 9 6
251 85 141 210 7 245
1 15 3
219 110 231
1 23 2
80 137
4 21 6
269 224 40 32 164 33
1 35 2
156 49
1 19 2
195 22
1 17 2
159 297
4 25 6
32 172 234 128 152 203
2 23 3
181 62 43
1 18 3
171 10 33
2 21 3
14 244 98
1 20 3
137 3 40
1 25 2
286 218
1 8 4
294 295 14 224
1 14 4
119 297 224 95
1 13 3
297 96 38
1 19 2
219 19
2 29 3
147 297 197
2 24 3
112 17 25
1 11 6
39 69 4 276 52 140
1 12 5
174 270 33 125 252
1 15 4
19 78 218 263
2 21 4
137 105 298 57
3 20 5
71 278 216 182 174
1 16 4
207 152 249 42
3 21 5
226 43 208 285 213
1 24 2
111 229
1 16 4
93 150 219 128
4 23 6
29 23 77 186 141 51
3 19 5
54 288 38 106 129
1 20 2
41 184
1 21 3
158 123 289
2 27 3
202 292 33
1 17 4
8 6 283 105
1 18 2
233 57
1 13 6
19 45 216 201 271 49
1 16 4
184 231 272 244
1 13 5
157 288 105 272 41
2 19 5
157 244 231 165 146
1 20 2
279 74
4 22 6
153 231 1 55 45 288
2 28 3
258 195 118
3 28 5
45 184 11 169 121
1 13 4
38 69 269 111
1 24 3
27 144 13
1 25 2
14 29
3 20 5
124 281 209 216 107
3 17 6
177 63 186 87 41 122
2 20 4
176 49 184 59
1 13 5
178 38 124 195 147
2 26 4
99 210 60 171
3 22 6
169 16 285 183 102 188
1 12 5
73 32 96 269 262
2 26 4
175 104 40 161
1 15 5
111 48 225 169 227
1 16 3
121 12 79
2 17 4
259 193 248 67
1 17 2
211 239
1 29 2
122 104
2 23 3
236 14 142
2 18 3
64 42 278
2 35 3
126 240 293
2 18 3
134 66 12
1 27 2
266 278
3 19 5
296 98 233 15 127
1 14 4
233 237 253 52
1 21 2
180 213
1 16 2
211 297
1 12 2
63 138
2 17 3
119 267 217
2 18 4
204 169 191 227
1 15 5
39 197 80 8 156
2 21 5
213 283 197 28 50
2 12 5
181 145 176 283 191
3 21 6
272 196 95 105 216 220
1 13 6
260 2 50 271 5 238
2 13 6
144 60 0 187 242 58
1 16 2
69 182
1 9 6
257 69 149 2 105 62
1 22 2
194 278
4 26 6
4 266 38 22 172 146
1 30 2
140 124
1 14 4
85 106 69 103
2 17 5
275 132 235 184 176
1 14 3
291 81 183
2 16 3
52 48 18
3 21 6
263 122 268 215 179 109
1 33 2
83 23
2 18 3
87 191 286
2 23 3
155 37 281
2 22 3
82 299 231
1 20 2
204 194
3 23 6
145 66 99 27 197 22
2 19 5
26 186 216 75 154
2 18 5
103 299 157 64 229
1 30 2
241 120
1 12 6
30 7 41 296 275 68
4 22 6
5 247 165 138 257 290
3 23 5
42 97 224 95 210
2 21 4
241 220 262 239
1 28 2
27 10
1 22 3
26 17 116
1 32 2
270 40
1 20 3
105 93 61
1 12 4
135 57 132 84
2 18 3
267 16 223
2 18 3
7 183 290
1 28 2
53 163
1 38 2
92 246
3 23 5
128 86 77 47 94
3 17 6
2 72 78 284 289 75
2 18 4
243 297 97 61
1 25 2
251 45
1 21 2
74 269
3 22 5
198 266 140 175 69
2 18 6
293 150 199 13 151 141
1 18 4
172 39 118 159
1 34 2
199 157
1 15 4
18 125 210 108
1 14 4
206 46 51 142
3 17 6
143 202 25 107 245 41
2 19 5
87 219 58 136 215
1 11 5
170 86 231 65 297
3 27 5
282 215 47 292 21
1 15 3
208 227 258
3 20 6
229 117 120 285 202 264
1 13 6
189 84 163 293 68 271
3 18 5
279 67 5 107 3
1 17 4
269 70 218 162
1 24 2
204 253
1 18 2
220 206
1 26 2
224 202
2 13 5
32 60 57 94 204
1 12 6
104 65 293 243 60 87
1 19 3
189 166 104
4 26 6
36 39 178 235 83 273
1 27 2
153 75
1 23 2
34 23
1 25 2
51 16
1 12 6
27 6 277 31 270 211
2 20 5
241 208 192 184 197
1 13 5
31 263 63 105 69
1 12 6
175 48 111 238 152 279
1 18 4
207 50 91 128
4 20 6
156 42 238 181 90 227
3 18 5
8 18 289 229 201
2 20 5
166 230 90 158 260
1 25 2
79 181
3 23 5
157 294 255 3 168
1 11 6
242 273 212 5 294 116
1 24 2
85 103
4 22 6
172 153 289 46 212 232
2 14 5
111 221 115 182 245
2 16 5
88 10 253 204 287
2 13 5
204 294 123 206 15
1 20 3
277 165 143
1 14 5
110 123 237 118 152
2 17 5
72 253 204 210 201
1 32 2
246 139
4 24 6
103 215 91 157 190 242
1 19 3
133 7 199
1 11 4
129 150 198 209
3 18 5
252 230 180 92 212
4 16 6
223 0 273 187 227 9
1 23 2
194 267
4 22 6
295 174 64 254 142 272
1 9 5
162 87 86 281 163
1 26 2
185 97
1 13 2
57 295
1 14 2
223 227
1 16 4
205 179 243 297
2 27 3
281 132 146
3 25 5
172 43 170 25 97
3 15 6
73 138 206 181 79 133
1 23 2
222 238
2 15 6
97 220 228 139 286 80
1 11 6
192 171 112 60 276 203
1 30 2
82 122
4 22 6
86 287 143 99 90 297
3 27 5
172 256 99 102 12
2 13 6
139 148 107 273 31 52
4 19 6
117 36 235 154 34 100
1 21 2
207 54
1 15 5
103 75 168 228 242
3 26 5
145 215 80 240 97
2 24 3
273 263 196
2 22 4
210 123 212 247
1 26 2
242 38
1 32 2
131 94
4 22 6
240 17 253 194 229 10
1 24 2
10 244
1 26 2
6 216
1 11 3
190 15 296
1 22 2
26 107
4 22 6
6 104 220 108 100 80
1 11 3
170 159 206
2 15 5
258 143 93 33 283
1 23 3
293 287 273
1 23 3
244 192 246
2 18 5
265 136 29 164 162
4 21 6
218 273 200 102 184 6
1 30 2
112 158
2 19 3
247 22 265
2 21 4
296 28 51 224
3 17 6
290 166 188 177 250 143
2 19 3
207 236 191
4 19 6
289 254 214 264 266 221
1 23 2
199 71
1 18 4
196 271 287 158
1 24 2
238 250
1 14 4
41 274 39 7
3 19 6
289 231 104 241 154 282
1 20 2
269 34
2 15 6
181 122 81 128 148 85
1 26 2
289 35
3 27 5
213 55 172 49 0
1 13 4
140 258 109 33
1 16 4
70 97 164 193
1 13 5
260 184 121 41 294
4 16 6
245 269 159 150 143 161
2 19 5
26 292 236 286 277
1 15 2
125 186
1 8 6
139 98 87 208 24 257
3 21 6
188 57 274 239 45 95
2 12 6
185 164 148 190 273 122
3 24 5
218 282 270 93 122
1 16 3
210 224 245
3 19 5
277 178 195 254 201
2 24 3
81 102 26
1 18 4
40 154 237 36
2 23 4
29 274 27 288
1 17 3
90 78 79
2 21 4
220 299 158 97
1 10 6
216 117 43 291 218 222
1 10 6
22 287 200 42 124 117
1 16 2
208 217
2 20 4
236 183 59 129
2 26 3
292 94 14
3 17 5
18 60 297 289 47
1 17 4
272 190 138 25
2 12 6
191 142 254 127 163 38
1 15 5
61 56 99 7 246
1 16 3
77 138 241
2 37 3
103 205 225
2 21 5
50 181 171 19 189
1 35 2
253 240
1 13 4
70 14 162 151
1 10 6
148 118 214 181 112 121
2 30 3
83 221 26
4 18 6
91 164 151 296 249 41
3 25 6
246 236 50 232 288 276
2 22 3
153 51 281
1 11 4
272 223 201 125
3 22 6
172 242 208 265 222 29
3 25 5
165 282 189 58 177
1 10 4
281 273 278 62
1 11 6
0 292 20 14 87 118
2 28 3
199 208 165
1 18 2
115 297
2 23 3
254 259 278
1 9 5
133 76 220 277 17
1 26 3
247 30 260
1 13 2
207 217
2 24 3
67 159 225
1 16 4
95 66 204 221
3 29 5
160 136 272 287 293
4 19 6
73 222 145 25 32 281
1 23 2
93 81
2 15 6
65 46 112 276 38 67
1 26 2
247 261
2 33 3
49 188 131
2 26 4
21 173 242 271
2 23 4
228 257 132 277
1 18 2
144 286
2 15 4
166 79 221 100
3 21 5
1 88 19 106 95
1 23 3
272 49 82
1 18 2
106 37
1 24 2
153 272
3 16 5
141 96 276 103 107
1 13 4
296 181 196 135
2 18 5
205 220 184 118 60
1 33 2
128 253
1 20 2
59 170
1 13 5
108 33 179 5 165
4 25 6
220 41 228 75 265 29
2 29 3
232 191 167
2 17 4
138 2 291 177
1 14 4
238 92 101 133
1 12 5
49 16 296 144 247
1 14 4
181 80 54 64
1 29 2
13 200
1 17 4
166 253 286 232
1 9 6
88 267 214 162 166 259
2 17 6
130 290 232 297 172 106
4 24 6
17 260 8 89 278 127
2 25 3
255 201 236
2 21 3
116 166 15
2 19 5
68 20 138 156 232
1 15 3
120 264 141
2 19 3
195 129 81
1 14 2
14 34
2 17 6
67 92 79 36 2 266
1 19 2
284 176
2 18 4
209 158 159 67
3 20 5
78 264 298 276 168
2 18 6
266 246 133 192 240 273
1 12 5
118 102 243 46 14
2 14 6
18 32 228 150 214 286
2 19 4
128 281 170 135
2 29 3
113 178 48
3 15 6
7 273 119 176 184 167
1 16 2
68 145
1 19 3
229 84 241
2 12 5
37 24 253 101 283
1 8 6
187 87 109 206 243 183
2 18 5
281 213 266 125 255
1 16 3
86 33 253
1 24 3
191 47 169
1 22 3
66 84 45
2 25 4
139 13 30 273
1 11 6
242 192 170 13 108 253
1 19 2
137 159
1 21 3
28 17 210
1 28 2
81 293
2 19 5
264 80 4 188 262
3 14 5
199 138 264 125 14
2 24 4
201 230 232 23
1 11 3
86 77 170
1 22 2
263 226
2 24 3
206 240 145
2 21 5
124 264 197 27 60
3 17 5
195 184 245 153 241
1 11 5
287 279 72 189 85
4 26 6
210 269 164 247 260 124
4 19 6
169 0 190 110 93 295
1 13 5
262 133 180 28 189
1 14 4
166 117 297 124
4 25 6
298 80 8 297 255 122
3 15 5
77 33 38 281 203
1 31 2
202 189
1 19 4
46 45 175 8
1 19 3
196 94 34
3 16 6
17 164 63 71 109 271
k 20
