300 1500 465
11 23 21 32 25 16 23 31 39 31 35 21 37 38 32 19 25 15 27 38 39 24 24 37 28 39 24 31 25 34 23 16 39 31 30 31 32 34 12 17 28 27 20 28 24 25 31 23 33 36 13 12 33 22 39 26 25 21 13 12 22 28 40 11 36 37 11 33 40 31 14 32 38 39 23 14 28 27 14 18 23 36 31 25 39 23 13 28 22 12 40 35 15 38 37 11 32 28 28 31 15 27 21 12 13 22 11 21 27 23 35 22 13 27 19 16 18 26 23 12 26 23 11 21 34 32 20 16 34 26 19 13 38 14 33 26 17 25 13 35 36 39 34 21 35 33 20 13 37 25 37 12 36 25 30 28 37 31 29 12 11 15 19 40 19 23 12 38 15 23 21 18 13 28 29 17 31 15 15 30 31 29 31 29 36 12 36 17 37 33 29 38 34 28 12 26 35 11 29 12 13 35 21 40 38 31 26 22 38 28 29 39 33 29 11 17 39 36 28 22 23 14 33 40 27 33 12 18 36 23 36 22 14 23 33 11 37 33 13 12 35 35 23 34 30 35 21 33 18 33 34 30 31 22 24 31 28 34 11 19 11 13 17 32 28 25 36 38 31 35 16 20 37 18 30 35 18 19 38 15 12 11 29 29 29 13 16 35 30 32 12 15 33 12 16 26 27 39 16 13
1 13 11 22 15 6 13 21 29 21 25 11 27 28 22 9 15 5 17 28 29 14 14 27 18 29 14 21 15 24 13 6 29 21 20 21 22 24 2 7 18 17 10 18 14 15 21 13 23 26 3 2 23 12 29 16 15 11 3 2 12 18 30 1 26 27 1 23 30 21 4 22 28 29 13 4 18 17 4 8 13 26 21 15 29 13 3 18 12 2 30 25 5 28 27 1 22 18 18 21 5 17 11 2 3 12 1 11 17 13 25 12 3 17 9 6 8 16 13 2 16 13 1 11 24 22 10 6 24 16 9 3 28 4 23 16 7 15 3 25 26 29 24 11 25 23 10 3 27 15 27 2 26 15 20 18 27 21 19 2 1 5 9 30 9 13 2 28 5 13 11 8 3 18 19 7 21 5 5 20 21 19 21 19 26 2 26 7 27 23 19 28 24 18 2 16 25 1 19 2 3 25 11 30 28 21 16 12 28 18 19 29 23 19 1 7 29 26 18 12 13 4 23 30 17 23 2 8 26 13 26 12 4 13 23 1 27 23 3 2 25 25 13 24 20 25 11 23 8 23 24 20 21 12 14 21 18 24 1 9 1 3 7 22 18 15 26 28 21 25 6 10 27 8 20 25 8 9 28 5 2 1 19 19 19 3 6 25 20 22 2 5 23 2 6 16 17 29 6 3
1 22 3
173 122 297
1 13 4
38 36 166 233
3 23 6
243 64 103 31 19 182
1 13 5
16 79 179 173 65
2 21 4
144 232 24 242
1 23 2
37 159
1 20 2
79 111
4 26 6
24 244 96 276 225 245
1 12 6
201 4 116 12 264 188
2 18 4
16 200 130 24
2 20 3
133 85 16
3 27 5
284 90 240 198 144
4 19 6
68 60 258 194 85 123
4 28 6
240 148 43 245 257 169
1 12 6
206 167 35 132 56 86
2 24 3
165 189 171
1 21 2
220 42
1 23 3
44 192 64
2 17 6
22 235 107 203 91 46
2 30 3
291 25 93
2 21 5
101 91 25 37 214
1 15 4
296 257 260 209
1 18 3
192 70 42
1 11 6
227 37 280 30 287 265
1 19 4
37 93 25 195
1 24 2
172 49
1 22 2
200 205
2 21 3
67 17 127
2 14 5
98 105 131 279 42
3 19 5
233 73 227 66 294
3 23 5
254 189 55 187 37
1 12 6
45 260 130 72 188 274
1 16 4
49 66 181 97
1 36 2
186 228
3 13 6
282 187 221 178 59 53
2 22 4
282 157 238 193
3 27 5
82 33 65 267 268
3 27 5
130 90 45 64 167
1 10 5
61 226 172 199 169
1 23 2
214 217
3 15 5
66 291 151 79 274
1 14 4
229 70 221 257
1 25 2
112 267
1 22 3
139 154 252
2 22 4
260 36 257 220
1 18 2
21 166
3 14 6
0 44 104 138 218 74
3 25 6
73 223 216 64 79 241
2 20 5
128 193 3 53 139
1 16 4
253 5 222 96
2 13 6
195 26 117 97 109 295
1 25 2
55 265
2 20 4
6 144 103 28
1 13 6
32 272 33 170 8 281
2 16 5
90 44 42 147 92
1 22 2
115 76
2 24 4
82 271 295 73
2 20 3
75 46 92
2 17 6
211 3 157 63 104 112
2 16 5
275 57 281 21 30
3 21 6
86 1 222 130 52 12
1 14 5
209 179 120 247 54
3 21 6
98 266 77 33 289 46
2 27 4
81 294 204 269
1 15 4
209 294 212 174
1 34 2
210 203
1 13 6
229 104 203 211 25 293
2 22 5
142 156 48 32 185
1 23 3
289 88 156
3 21 6
192 89 5 77 274 141
2 19 6
19 32 261 222 226 68
1 23 3
267 134 227
1 13 5
239 179 48 228 162
2 22 4
10 181 16 103
1 8 6
200 164 280 161 89 82
1 26 2
172 62
1 17 4
29 228 296 226
2 18 5
261 123 256 8 77
1 15 3
21 207 160
1 13 4
274 149 151 291
4 19 6
161 104 247 6 108 171
1 25 2
20 51
1 13 5
180 124 57 200 15
2 16 6
58 10 261 274 186 92
2 17 6
166 154 236 200 228 271
2 17 5
139 285 30 176 160
2 18 3
55 92 100
1 15 4
83 277 63 12
3 17 6
80 28 78 12 270 187
1 21 2
113 17
1 22 3
126 292 245
2 28 3
134 112 211
1 23 3
157 163 27
2 24 4
76 184 210 257
1 21 3
71 235 35
1 11 4
225 0 50 104
4 27 6
117 217 82 201 297 95
1 27 2
276 12
1 12 6
263 33 248 67 189 297
1 19 4
186 105 199 203
1 10 6
258 3 83 239 46 57
4 26 6
201 52 45 91 175 36
2 25 3
105 40 55
1 19 2
164 259
1 22 2
261 9
1 18 4
211 140 283 41
2 20 4
268 87 100 85
3 15 6
57 194 187 105 176 280
2 20 4
100 81 109 60
1 22 2
263 159
1 19 2
89 129
2 18 3
39 279 44
3 21 6
279 287 34 225 46 291
1 18 3
147 49 42
4 24 6
114 10 241 265 17 176
1 27 2
31 278
2 23 3
123 264 246
1 13 5
153 93 205 78 85
1 36 2
148 269
1 9 6
290 220 177 270 27 226
1 22 3
133 241 180
2 19 5
129 266 225 233 290
1 18 4
132 246 97 140
4 21 6
74 23 164 291 99 187
2 22 3
24 41 160
1 25 2
223 260
1 19 2
5 118
2 14 4
162 44 31 100
1 21 3
91 39 218
2 16 5
55 28 46 30 271
3 13 6
139 138 106 92 286 31
2 21 5
169 236 6 167 189
1 20 3
72 202 231
3 21 6
206 210 263 189 228 160
2 26 3
86 288 144
1 13 5
33 286 264 49 299
2 23 3
0 108 71
1 9 5
89 220 235 63 88
2 17 6
224 176 82 12 70 25
1 34 2
176 267
2 19 5
203 94 160 219 92
2 26 3
199 62 41
1 18 4
7 32 38 81
1 14 4
136 200 92 73
1 13 4
134 105 133 100
1 32 2
237 182
1 12 6
54 280 12 110 228 14
4 23 6
154 59 292 97 204 166
1 13 5
169 113 256 266 34
1 14 4
249 195 206 291
2 23 4
141 249 285 242
2 22 4
222 183 0 87
2 16 5
28 273 170 272 160
2 19 4
282 254 206 262
2 21 4
35 218 55 224
1 35 2
216 82
2 23 4
161 155 46 64
2 18 4
147 64 262 53
1 12 6
162 79 208 54 109 287
2 18 5
125 277 79 1 139
1 26 2
16 87
1 11 6
230 144 261 238 10 174
1 19 2
298 229
1 25 2
76 121
1 14 4
120 107 249 53
3 22 5
156 293 113 83 6
2 17 6
264 10 289 118 20 136
2 22 4
76 184 194 4
2 26 4
93 67 222 184
2 24 3
1 243 39
1 26 2
200 90
4 26 6
259 278 297 176 249 70
2 18 5
148 58 260 101 77
3 26 5
251 231 188 22 211
1 24 2
259 282
1 10 6
175 171 193 270 243 271
1 34 2
288 19
1 14 4
98 22 176 166
1 13 3
285 254 17
1 16 4
106 236 2 218
1 12 4
123 166 129 60
3 23 5
200 278 10 292 122
2 21 4
254 44 269 77
1 15 5
150 83 4 203 113
1 20 2
77 299
1 22 2
253 74
2 22 4
167 281 248 37
2 15 6
96 213 137 250 22 280
2 27 3
128 31 189
2 14 5
253 40 166 254 168
1 12 6
167 38 121 20 125 59
2 18 5
8 261 139 277 298
1 14 2
276 197
1 21 3
68 118 229
3 19 6
268 42 261 190 162 241
1 25 2
63 84
1 14 5
203 9 235 285 288
1 10 4
199 11 286 162
1 14 5
67 101 5 39 167
1 20 3
93 260 220
2 17 5
1 96 15 155 97
3 23 5
216 146 298 108 46
1 34 2
128 144
2 24 3
106 182 96
1 13 5
151 33 63 208 281
1 27 2
73 5
1 12 6
8 83 198 233 88 188
1 18 4
284 191 257 27
1 37 2
230 19
2 30 3
274 46 181
1 15 5
156 163 224 64 268
1 30 2
101 257
1 11 6
118 53 188 183 231 6
2 20 5
237 233 207 125 267
1 24 3
64 49 74
2 17 5
286 79 268 145 202
3 20 6
6 153 175 139 113 64
1 35 2
52 132
1 13 5
27 197 182 23 115
1 34 2
19 154
3 22 5
30 37 113 273 179
1 16 4
230 102 70 154
2 21 3
152 238 92
1 33 2
288 65
1 31 2
56 236
2 15 6
230 215 138 2 56 29
2 14 6
104 103 198 130 213 154
1 24 2
193 107
2 22 3
197 109 3
1 24 2
156 151
1 11 6
181 28 66 31 156 87
3 21 5
222 295 24 259 143
2 24 4
102 142 27 268
4 27 6
152 237 42 245 225 120
1 12 4
194 41 85 299
2 25 3
91 136 80
3 21 6
45 52 58 8 268 224
1 14 5
174 189 267 234 192
1 33 2
72 98
4 21 6
166 282 281 129 99 205
4 28 6
263 252 9 279 204 20
4 24 6
132 144 237 262 286 253
1 15 5
203 272 63 8 38
2 21 5
73 143 243 192 67
1 14 2
39 260
1 17 4
188 147 142 0
1 22 3
24 166 223
2 18 4
260 236 28 172
1 29 2
69 24
1 15 5
13 43 225 212 236
1 18 4
29 12 278 24
2 23 3
34 59 210
2 20 5
275 133 99 127 128
2 18 4
142 122 258 113
1 22 2
212 95
1 11 6
137 43 171 189 201 210
2 16 6
254 64 182 77 80 255
1 12 4
202 39 126 274
3 21 6
244 295 19 23 55 129
2 18 6
297 112 164 192 283 236
3 22 5
234 14 286 103 210
1 21 2
262 83
1 30 2
284 289
1 17 4
245 127 232 241
1 14 5
262 281 230 266 74
1 16 4
227 129 175 208
1 20 3
244 80 33
1 12 6
186 91 20 166 34 194
3 23 5
165 249 260 275 155
1 16 3
161 145 95
2 27 4
132 110 230 138
1 19 4
159 20 259 148
1 24 3
217 278 108
1 25 2
173 53
2 21 3
275 166 79
2 24 4
173 210 245 189
2 24 4
34 28 181 148
1 13 4
19 161 177 239
1 21 3
169 284 257
4 20 6
34 57 169 80 193 294
2 26 3
122 156 96
4 28 6
204 265 196 217 287 286
3 15 6
78 4 265 63 273 118
2 34 3
71 82 8
3 22 5
275 283 5 172 71
1 22 2
212 197
1 20 3
55 269 253
2 23 5
287 90 251 267 8
3 23 6
48 212 250 234 167 280
2 14 4
185 0 61 227
2 16 6
255 52 24 202 148 60
3 14 6
77 238 43 290 127 294
4 23 6
265 224 288 1 299 67
2 23 3
135 291 198
1 17 2
75 246
1 23 3
154 70 223
1 17 4
158 237 188 44
3 18 6
210 7 136 131 298 257
1 25 3
165 208 72
1 19 2
22 133
4 25 6
32 226 141 86 48 55
1 11 6
192 6 249 182 282 111
1 11 6
281 57 133 226 140 274
2 24 4
98 201 295 29
1 18 3
134 143 31
1 17 4
188 35 107 222
1 23 3
223 274 251
3 20 6
34 133 233 222 10 136
1 22 3
8 109 264
1 21 3
103 183 228
2 20 5
98 231 91 203 146
1 21 2
248 21
1 14 2
39 258
2 21 5
184 286 237 268 216
1 16 4
150 164 259 198
3 18 6
276 216 58 83 135 232
1 11 5
77 284 224 239 169
3 21 6
250 33 259 78 179 268
1 11 6
186 270 274 53 113 288
3 20 5
29 79 298 269 185
1 18 3
193 43 2
1 10 6
244 46 258 131 1 195
3 26 5
90 101 55 222 9
2 22 4
206 220 108 245
1 19 2
260 155
4 26 6
113 212 251 23 164 244
3 27 5
8 88 71 142 46
1 16 4
43 229 54 47
1 22 2
244 279
1 12 5
179 284 207 145 82
1 20 2
200 155
2 17 5
40 59 187 182 98
3 20 6
159 85 217 172 264 148
1 12 5
108 174 254 91 276
1 28 2
25 136
1 18 2
169 200
3 18 6
236 83 176 197 100 86
1 18 3
233 178 9
1 16 4
149 287 179 57
1 12 6
151 16 167 10 175 222
2 25 4
20 96 261 183
2 16 6
288 72 108 11 265 125
2 27 4
282 48 93 19
1 25 2
140 232
3 20 5
180 116 41 273 129
2 17 6
69 101 40 144 237 128
2 14 5
50 166 129 240 103
2 23 5
94 62 151 133 72
4 22 6
162 100 165 264 268 37
1 14 5
262 228 107 234 192
1 21 3
12 155 202
3 22 6
293 69 132 101 189 145
2 24 3
13 231 185
1 21 2
159 182
1 15 5
140 164 191 161 211
1 13 5
245 83 9 63 159
2 19 3
58 83 126
1 25 3
150 216 294
1 16 4
46 123 217 17
3 22 5
27 60 234 279 44
1 11 6
253 9 4 78 60 297
2 20 3
122 59 25
2 19 6
102 297 73 194 101 266
1 30 2
96 190
2 23 3
81 89 74
1 12 5
139 291 213 30 172
1 10 6
299 30 92 16 18 148
2 17 6
69 179 94 55 32 169
4 23 6
106 195 156 76 231 120
2 26 3
126 34 213
4 24 6
22 148 220 200 202 25
2 22 3
116 243 270
1 27 2
146 243
3 22 5
1 29 173 290 183
4 19 6
143 246 171 285 237 22
1 23 3
89 91 184
1 26 2
215 152
2 22 5
62 8 235 189 153
2 20 5
268 128 37 257 30
3 19 6
42 205 156 119 22 41
1 12 5
296 95 88 119 272
1 12 6
16 179 25 198 29 260
2 17 4
220 293 245 147
1 14 3
165 215 126
1 12 5
258 46 129 36 41
1 12 5
270 189 6 215 251
2 22 4
239 171 124 65
1 14 5
258 196 56 272 184
3 24 6
196 157 163 78 216 39
2 21 4
63 7 111 33
1 16 4
138 294 29 268
1 32 2
174 186
1 20 3
143 163 199
2 13 5
175 131 222 79 63
2 22 5
68 32 52 114 275
1 30 2
287 45
2 20 3
56 231 161
2 12 3
185 106 178
2 22 5
240 196 297 65 104
1 18 2
44 104
2 14 6
121 56 173 153 242 186
1 12 5
98 192 1 281 76
3 23 6
250 93 160 197 64 9
2 26 4
14 38 188 94
1 13 4
169 104 77 153
1 13 5
104 291 126 295 32
4 20 6
199 156 44 46 95 39
1 22 2
106 48
4 21 6
108 97 54 185 42 200
1 19 4
84 237 36 12
1 33 2
188 283
1 10 6
282 161 67 277 276 263
1 30 2
48 108
1 26 2
54 131
1 34 2
167 82
1 17 4
179 75 32 159
1 28 2
246 275
1 18 3
46 229 116
1 31 2
118 8
2 26 3
146 71 295
1 13 4
219 56 126 256
1 25 2
215 222
1 21 3
247 147 71
2 34 3
250 96 191
1 14 5
270 289 91 36 241
1 13 3
63 43 38
1 14 5
95 45 235 208 186
2 23 3
51 212 295
3 17 6
47 296 195 288 285 119
1 18 2
104 169
1 17 4
1 90 60 43
1 12 3
31 207 293
1 12 6
39 153 22 123 20 217
1 23 2
177 82
1 24 3
23 94 164
1 21 2
174 285
2 31 3
94 215 163
3 22 6
112 179 206 110 125 191
2 18 4
172 161 295 69
1 17 4
181 256 179 54
1 15 4
205 9 290 138
1 21 2
180 166
4 24 6
283 192 113 55 273 190
2 19 5
263 71 89 268 147
1 21 2
183 50
1 10 6
212 182 5 290 45 233
1 13 2
159 133
2 28 3
219 192 190
2 26 4
168 140 251 203
2 18 5
193 39 226 152 87
1 23 2
9 279
1 31 2
101 140
1 13 5
57 64 113 289 123
2 19 4
122 31 24 189
1 30 2
142 113
1 22 2
202 26
1 10 4
281 232 214 195
4 27 6
227 209 188 81 13 22
2 16 6
247 222 224 51 83 34
1 10 5
221 28 15 127 56
1 29 2
62 276
1 10 6
105 199 117 270 69 251
2 16 6
57 185 199 230 198 157
1 17 4
24 179 223 119
1 19 4
25 93 114 44
2 24 3
14 199 244
2 25 4
235 272 244 196
1 10 6
41 51 74 199 9 292
2 21 4
274 106 71 111
2 19 5
174 53 236 125 173
1 16 4
198 268 186 102
2 18 4
218 75 160 69
1 12 6
192 20 126 185 117 229
2 25 3
242 175 110
2 28 4
94 68 217 71
1 34 2
283 141
1 20 3
122 113 250
1 34 2
46 236
2 16 6
130 188 168 212 18 98
1 30 2
182 210
1 12 6
13 2 132 87 95 210
2 24 3
121 159 72
1 18 2
2 17
1 30 2
101 192
1 14 5
45 145 31 297 113
4 27 6
296 36 227 243 267 189
1 33 2
292 225
2 21 3
235 220 288
2 16 5
276 265 218 268 121
1 17 4
85 90 193 34
1 32 2
243 251
2 15 3
286 151 276
1 19 4
172 297 272 171
1 27 2
110 259
3 27 5
186 204 45 188 57
1 11 6
103 235 274 70 93 154
1 17 4
159 150 233 142
2 17 4
289 162 187 138
2 20 3
112 256 57
1 31 2
268 99
2 12 6
175 114 265 205 95 246
3 29 5
220 49 8 267 14
2 28 3
83 183 14
2 15 3
17 106 102
2 21 4
282 126 138 240
2 15 6
16 181 207 149 184 229
3 21 5
296 60 39 104 211
3 18 6
18 129 247 149 265 226
1 31 2
132 28
1 13 2
260 168
1 17 3
185 171 292
1 10 5
58 185 151 76 253
2 10 6
43 104 39 294 130 103
2 29 3
75 81 72
4 24 6
259 236 225 109 124 133
1 21 3
196 218 246
1 17 4
60 285 204 35
1 15 4
190 192 254 107
1 13 5
284 245 232 154 63
1 17 4
84 219 47 3
1 21 2
179 119
1 30 2
141 2
1 22 2
120 114
1 23 2
0 201
1 24 2
221 124
1 32 2
181 201
2 13 5
197 112 173 194 265
1 18 2
6 147
1 13 5
209 268 144 213 55
2 17 3
178 55 166
1 27 2
141 286
1 32 2
217 213
2 14 6
113 0 207 122 65 185
3 20 6
151 270 54 272 138 284
1 19 2
262 246
1 24 2
266 166
2 20 5
7 183 287 152 109
2 17 6
212 38 275 114 279 12
1 18 3
190 238 113
2 16 3
166 6 232
1 12 3
169 147 159
1 11 6
209 16 157 286 243 10
3 27 5
35 156 9 191 219
1 16 4
7 146 287 166
2 22 4
146 283 32 291
1 11 6
61 264 42 140 224 241
1 15 4
75 154 52 226
1 18 4
267 10 231 257
1 23 2
121 47
2 18 5
33 292 155 151 34
1 21 3
234 104 125
1 14 5
297 180 241 117 295
3 24 5
291 81 56 72 246
1 10 5
66 82 281 172 118
2 30 3
242 27 81
3 21 6
235 207 31 266 13 48
3 20 5
296 143 166 108 137
2 21 3
50 123 154
1 14 4
247 260 44 143
1 25 2
143 198
3 19 6
18 219 32 258 43 270
2 18 5
169 273 297 263 199
3 21 6
36 156 168 176 210 155
1 12 6
140 33 0 283 138 148
1 30 2
156 74
1 13 5
44 230 38 175 82
1 23 2
201 106
1 18 4
62 189 288 179
2 34 3
186 282 32
1 12 6
270 19 75 132 54 133
1 21 3
58 255 234
2 23 3
1 160 23
2 26 4
94 107 188 125
1 11 6
233 84 39 155 147 270
1 17 3
209 21 2
1 12 6
229 239 115 54 246 140
2 17 6
159 184 221 145 13 119
3 24 5
177 124 8 55 111
1 11 6
192 299 27 17 217 74
1 15 4
225 135 226 256
1 18 3
53 103 250
2 18 5
209 236 17 151 153
1 25 2
31 29
2 17 6
103 134 188 215 71 47
2 21 5
159 249 110 25 284
1 21 2
274 261
1 19 3
165 159 29
2 25 4
167 143 52 263
2 23 4
125 253 58 223
2 24 4
269 180 160 252
3 18 5
136 53 263 298 121
4 29 6
150 247 188 110 48 30
1 15 4
106 237 173 129
2 16 6
60 44 280 81 93 15
2 22 5
160 208 68 282 269
1 16 3
258 127 250
1 17 3
224 262 16
2 28 3
299 128 272
3 21 6
96 255 66 36 266 258
1 36 2
211 124
1 27 2
298 20
1 19 3
242 269 215
1 21 3
101 140 229
4 26 6
250 17 25 177 192 230
1 31 2
240 218
1 21 2
180 185
1 17 4
33 13 254 104
2 24 4
259 69 192 263
1 18 2
80 238
2 17 5
47 120 73 42 133
2 29 3
128 48 2
3 21 5
76 0 288 133 94
1 12 5
172 84 162 22 143
2 26 3
207 171 204
1 14 4
214 108 101 33
1 20 3
183 9 123
1 34 2
52 139
1 26 2
207 255
1 30 2
35 284
3 22 5
42 7 34 112 249
1 10 6
28 193 133 251 129 196
1 14 5
261 204 275 215 27
2 20 5
221 174 32 96 277
1 25 2
192 286
2 21 5
217 182 167 282 30
1 15 5
140 284 98 1 32
2 25 4
283 81 245 259
2 21 4
80 24 81 294
2 16 5
284 145 102 170 122
2 18 5
253 214 275 188 238
2 21 3
112 86 216
1 24 2
130 183
1 16 4
141 159 77 160
3 20 5
299 195 92 141 22
2 20 4
169 100 125 83
1 35 2
222 93
1 9 6
137 67 138 118 112 79
1 14 2
78 92
1 21 2
198 261
2 25 4
6 276 32 72
4 23 6
89 155 25 102 111 24
2 28 3
287 240 270
1 27 2
217 164
2 17 5
231 208 277 104 97
1 27 2
55 158
4 24 6
6 129 164 163 230 79
4 25 6
183 28 81 211 117 106
1 16 2
238 130
1 15 5
5 288 152 188 167
1 34 2
217 292
2 24 3
224 80 207
4 18 6
270 200 138 252 79 145
1 21 2
279 101
2 25 4
67 152 2 247
1 23 2
31 33
1 19 4
90 238 290 272
1 14 5
57 172 240 50 25
3 26 5
145 183 268 274 191
1 12 5
82 234 252 24 174
2 18 4
142 53 51 277
2 25 4
29 169 124 245
3 18 6
236 99 17 135 281 214
1 23 2
78 96
2 13 6
59 19 85 131 105 126
1 17 2
299 111
1 16 4
11 67 85 134
1 25 2
196 286
1 20 2
181 119
1 15 4
296 177 210 37
2 21 4
224 56 50 14
2 18 5
227 192 158 251 95
1 11 6
208 246 89 121 268 40
2 17 5
284 122 2 16 139
1 28 2
39 20
2 13 4
283 281 261 235
1 11 6
137 23 58 50 88 237
1 28 2
79 204
2 17 4
183 153 160 115
2 17 5
21 131 202 193 139
2 28 3
125 140 276
2 27 3
241 283 114
3 22 6
72 87 106 240 265 243
3 28 5
182 268 297 84 245
1 32 2
77 236
1 11 4
227 60 115 233
1 14 3
170 143 248
1 15 4
131 0 97 37
1 14 3
56 248 185
2 16 6
90 57 39 231 199 192
1 21 3
2 292 34
2 18 5
87 153 129 26 19
2 19 5
288 257 161 166 245
1 13 4
41 78 87 109
1 12 6
73 165 245 280 10 69
1 18 2
127 146
1 18 3
198 226 135
1 19 4
93 68 175 25
2 23 4
77 247 46 180
1 15 2
50 79
1 16 4
161 251 6 240
4 24 6
48 114 177 180 266 158
1 11 6
210 158 170 72 67 189
4 20 6
287 90 220 199 104 290
1 28 2
209 190
1 20 3
231 94 16
3 21 5
111 183 107 95 228
1 15 3
239 220 207
1 32 2
198 196
1 19 3
255 101 162
1 18 4
133 275 163 115
1 8 6
79 26 89 177 232 137
1 16 3
112 195 118
2 28 3
48 61 121
2 22 4
179 56 49 232
2 23 4
171 40 182 269
1 34 2
198 90
2 15 6
99 9 199 268 70 247
1 12 5
33 15 11 232 179
2 20 4
286 25 219 57
1 32 2
94 193
1 23 3
184 142 27
2 21 3
96 248 172
1 18 4
251 184 232 236
2 16 5
288 220 30 87 83
3 15 6
193 6 202 51 227 42
1 33 2
36 91
1 15 5
227 180 70 216 186
3 23 6
10 291 62 64 55 96
3 22 5
250 32 226 183 258
1 14 4
165 238 250 95
2 24 3
15 193 195
2 35 3
124 257 278
1 20 2
98 151
1 19 3
271 110 44
2 27 4
156 133 94 91
2 18 6
33 275 141 216 58 164
1 27 2
289 220
2 27 3
34 108 195
1 33 2
3 243
3 26 5
200 198 186 32 129
2 18 5
23 271 239 69 88
2 18 5
192 161 35 264 122
2 23 4
92 184 277 90
3 17 5
215 290 86 187 167
2 24 3
206 160 148
1 21 2
118 114
1 23 2
10 185
2 25 4
282 91 72 161
1 14 5
96 278 130 88 157
2 21 3
260 36 207
2 15 6
120 44 52 269 168 4
1 19 4
285 23 22 73
2 21 5
156 27 217 75 64
2 13 3
59 294 147
2 16 6
182 157 148 171 102 214
1 37 2
8 144
2 21 5
82 191 8 298 172
2 24 4
1 10 62 231
1 26 2
87 265
1 26 2
82 102
1 25 2
247 273
2 21 3
153 138 296
2 15 6
41 243 50 250 51 21
1 36 2
297 234
1 24 2
6 56
2 20 5
222 236 112 52 193
3 25 5
216 17 206 153 144
1 23 3
204 14 214
4 29 6
136 250 236 12 14 49
1 15 5
278 275 4 148 40
2 22 4
262 66 188 140
1 30 2
96 40
3 20 6
250 98 195 164 296 71
1 35 2
27 73
2 22 4
108 46 59 225
4 23 6
103 220 234 274 275 277
2 14 3
51 290 276
1 14 4
136 123 122 201
1 12 6
236 285 91 47 23 272
1 21 3
236 242 218
3 24 6
236 163 140 79 262 14
2 19 4
201 286 202 107
1 30 2
96 213
1 12 5
132 45 58 51 271
2 24 4
205 134 18 10
2 25 3
80 271 292
2 27 4
85 223 27 90
1 25 2
184 75
2 16 6
99 2 151 161 46 184
1 33 2
180 144
3 27 5
262 237 204 141 43
2 26 4
266 233 204 154
1 13 4
120 98 172 138
1 10 6
149 1 213 140 22 296
2 29 3
191 166 236
1 15 5
129 165 163 140 122
1 14 5
276 3 161 253 204
1 16 4
258 93 76 187
2 16 5
56 219 245 214 261
1 26 2
26 256
2 22 4
86 121 163 83
4 23 6
154 79 87 204 133 174
1 12 6
254 247 199 154 100 223
1 20 3
128 86 117
2 21 4
47 234 63 158
1 32 2
174 196
3 27 5
249 163 113 24 128
1 24 2
42 183
3 21 5
276 201 0 186 130
1 36 2
141 48
1 18 4
201 276 62 26
1 20 3
37 173 135
1 24 2
120 85
1 32 2
212 3
4 24 6
43 266 277 150 26 107
1 17 4
68 89 218 131
1 17 3
181 1 214
1 20 3
193 279 14
1 22 3
286 125 81
1 16 4
259 113 199 54
3 21 6
174 165 20 274 244 179
1 17 4
299 228 289 1
2 24 3
63 182 3
4 23 6
24 296 279 254 94 108
2 21 4
287 197 295 6
1 15 4
234 224 177 161
1 19 2
63 296
3 25 5
179 9 250 51 243
1 19 3
202 267 123
1 18 4
116 25 222 234
2 22 4
244 215 76 134
1 20 2
6 171
2 30 3
21 247 91
1 14 2
78 75
2 17 4
100 109 126 41
1 19 3
27 231 173
3 9 5
104 226 281 160 51
1 6 6
164 159 122 270 235 215
1 29 2
29 153
1 22 3
61 4 90
2 20 3
7 39 239
1 11 6
143 173 96 205 145 29
1 11 5
55 96 164 197 115
2 19 5
137 82 222 145 39
2 25 3
97 70 237
2 16 6
136 280 120 242 90 67
1 13 5
294 92 32 127 129
1 14 3
0 296 161
2 14 6
292 253 104 4 33 79
1 22 3
148 183 159
1 30 2
190 157
2 13 4
146 51 126 17
2 22 5
37 23 9 141 143
1 30 2
96 209
1 24 2
255 116
2 23 4
229 240 31 12
3 26 5
173 268 292 177 141
1 30 2
117 275
1 37 2
275 68
2 21 4
279 208 58 250
4 20 6
79 49 271 227 247 281
1 14 4
166 0 149 48
4 24 6
150 28 297 180 63 175
2 21 4
138 64 166 23
2 21 4
63 20 283 31
2 13 6
173 285 261 58 133 230
1 9 3
294 151 293
3 24 6
251 208 291 272 203 282
1 14 4
157 277 285 135
3 23 5
62 44 27 74 160
1 13 5
37 131 102 75 247
1 15 4
185 246 295 257
1 20 2
153 294
3 24 5
146 272 150 232 251
1 11 4
24 127 115 281
2 15 5
147 268 285 125 161
1 35 2
180 203
1 19 2
103 113
2 10 6
117 88 106 38 122 66
1 13 2
92 199
2 18 4
96 78 138 295
1 24 2
196 172
3 23 6
26 117 54 232 243 297
2 15 4
0 281 103 272
1 16 2
259 75
1 17 4
252 78 211 153
1 12 5
43 44 159 243 162
1 12 6
126 223 35 155 82 257
4 24 6
81 213 252 11 61 119
3 18 5
221 172 274 15 244
1 27 2
75 203
2 20 3
200 55 170
1 14 5
5 272 112 174 110
1 11 3
160 260 254
1 12 6
178 243 273 30 198 13
3 29 5
220 240 150 94 8
1 12 5
13 166 265 143 111
4 26 6
8 65 131 111 137 250
1 16 4
255 252 110 133
1 19 3
125 129 38
3 19 5
220 221 284 268 197
1 14 5
272 85 48 182 95
2 23 3
22 95 37
1 18 2
88 279
2 17 4
273 239 53 283
1 17 3
287 270 138
1 29 2
134 137
4 23 6
246 58 148 107 73 153
1 13 4
43 206 273 126
2 31 3
156 2 230
2 30 3
130 263 211
1 35 2
19 145
1 19 3
115 152 88
2 36 3
72 176 62
2 18 3
220 298 279
2 18 5
248 150 171 64 294
1 17 4
81 102 249 106
3 24 5
65 66 282 16 176
2 14 5
260 2 198 220 133
1 21 2
174 131
4 28 6
277 46 176 54 84 9
2 37 3
278 208 156
1 33 2
43 216
1 21 3
222 169 71
1 12 6
241 30 23 214 4 95
1 24 3
247 106 223
1 20 3
176 258 46
1 24 2
241 299
4 26 6
211 99 202 259 217 71
3 25 5
99 265 263 33 37
2 26 4
228 152 61 52
2 23 4
46 133 154 225
2 19 6
163 23 168 167 294 52
2 27 3
196 63 150
1 19 2
285 117
2 16 4
182 22 199 106
1 14 4
184 30 291 147
1 9 6
276 11 117 70 199 282
1 20 3
153 139 123
1 26 2
87 44
1 16 4
274 184 46 160
1 27 2
203 100
1 29 2
230 80
2 21 4
227 149 241 137
2 26 3
270 213 269
1 13 5
28 154 180 252 217
1 16 3
112 225 168
3 15 6
42 21 115 17 44 45
1 18 4
278 228 9 40
2 29 3
74 35 249
2 21 3
86 288 202
1 32 2
54 45
2 17 4
149 155 160 270
1 18 4
170 267 246 184
1 18 4
93 124 69 170
2 17 6
155 120 156 94 130 264
1 27 2
298 278
1 31 2
288 222
1 12 5
206 66 236 80 286
1 22 3
247 38 124
1 33 2
205 140
1 19 4
155 184 166 203
2 19 4
166 291 32 165
1 17 3
206 108 235
1 19 2
206 238
1 24 2
130 154
2 19 4
33 159 50 234
4 22 6
143 244 182 44 46 276
2 20 5
183 122 219 12 243
1 15 2
279 168
1 11 5
294 260 79 168 223
1 18 3
232 182 153
4 21 6
26 242 113 79 152 70
1 14 3
221 155 199
2 23 4
152 40 9 239
2 18 4
252 251 66 200
1 12 6
39 263 18 111 94 188
3 18 5
207 105 95 245 147
1 27 2
31 19
2 20 4
259 101 158 120
2 17 6
195 230 112 186 70 10
3 24 5
15 203 61 188 104
2 15 6
30 21 8 166 125 122
3 18 5
143 239 88 245 5
2 15 6
19 40 151 235 295 85
1 13 4
44 221 253 255
1 26 2
161 208
1 12 6
290 237 197 111 102 90
2 22 3
139 130 200
3 22 6
93 215 264 184 101 14
1 14 3
59 131 33
1 21 3
24 257 99
1 31 2
289 180
3 23 5
119 33 5 257 12
3 22 5
253 281 252 183 179
1 17 3
92 254 264
2 18 5
195 254 209 156 294
1 10 5
224 233 260 51 17
1 11 6
131 11 35 269 202 133
1 26 2
240 116
2 23 4
249 234 147 284
1 18 2
226 149
2 20 5
125 99 67 212 208
2 37 3
8 297 275
1 21 3
142 205 26
3 17 6
99 51 239 229 78 140
1 18 4
270 257 107 84
1 22 3
272 99 197
1 17 4
150 170 69 293
1 21 2
28 248
3 19 6
161 33 29 206 276 76
2 16 6
104 91 75 52 118 289
1 12 5
248 43 205 225 133
4 26 6
183 243 179 36 86 212
1 17 4
267 112 48 169
1 25 3
19 25 45
1 14 3
130 45 50
1 24 3
277 241 167
1 15 4
43 215 128 86
2 20 4
271 88 99 113
2 20 3
249 280 177
3 25 5
228 244 204 63 28
2 13 6
298 216 200 248 17 123
2 27 3
42 105 223
1 14 5
151 244 125 100 13
3 23 5
44 299 236 283 83
2 23 4
289 169 18 201
1 15 5
131 152 144 153 163
1 38 2
90 230
1 25 2
181 123
1 13 5
10 142 281 61 255
2 14 4
83 178 79 103
2 19 4
102 232 233 241
4 27 6
13 57 272 87 20 26
2 24 4
125 214 19 190
1 33 2
184 180
1 21 3
230 299 198
1 13 5
296 135 73 202 298
2 26 3
53 20 215
1 22 3
255 259 49
1 21 2
164 118
1 18 4
244 216 10 50
2 23 4
36 112 181 234
1 17 3
95 191 92
1 14 5
299 207 209 93 234
2 17 6
157 152 150 138 121 292
2 16 6
41 196 182 244 80 104
1 11 5
86 175 295 145 78
4 29 6
176 144 210 90 163 180
1 15 4
231 83 181 252
1 15 3
109 286 165
2 18 4
83 138 248 71
2 12 6
173 63 226 121 74 53
2 25 4
238 241 216 41
1 26 2
257 15
1 18 2
30 75
1 17 4
211 138 149 157
3 22 5
161 278 251 98 286
2 14 6
33 166 131 74 80 247
1 21 3
205 225 56
1 15 4
157 71 61 69
2 18 4
215 114 156 51
3 20 6
192 9 198 229 18 218
2 25 4
268 213 216 179
1 12 6
79 215 19 23 186 162
2 16 4
173 119 224 226
2 22 3
181 202 31
1 16 3
133 10 291
1 27 2
129 209
3 20 6
26 263 190 197 262 90
1 29 2
142 56
3 22 5
274 80 268 123 113
3 25 5
148 172 152 93 17
1 29 2
21 245
2 15 6
24 222 113 47 55 251
2 26 3
164 165 148
1 29 2
22 37
1 28 2
167 130
1 14 5
8 78 51 7 251
1 20 2
43 290
1 29 2
85 186
2 19 5
85 205 266 24 176
1 22 3
241 116 182
1 31 2
207 223
2 24 4
252 81 35 46
1 17 4
159 144 45 192
1 24 3
202 54 110
1 11 6
21 151 252 152 265 237
3 23 6
13 192 92 52 140 233
1 21 2
4 248
3 21 5
172 36 138 182 48
2 35 3
263 93 188
1 18 4
12 81 17 40
1 24 3
23 91 240
1 23 2
79 173
2 25 4
182 212 118 65
3 20 5
168 16 268 166 190
2 19 4
78 129 256 80
1 22 3
21 67 189
2 24 3
119 242 25
2 21 4
113 296 165 7
1 11 6
241 242 210 146 234 183
3 21 6
189 125 250 87 88 44
1 32 2
3 125
2 14 5
191 248 273 227 147
1 25 2
184 17
1 14 5
192 255 275 103 167
3 22 5
48 4 239 118 96
1 17 4
70 290 128 64
1 24 3
203 36 113
2 22 3
147 237 253
2 18 5
237 284 143 119 268
4 25 6
10 99 120 233 154 289
3 24 5
237 225 28 169 205
1 25 2
6 224
1 13 6
216 222 73 255 56 124
1 11 3
221 59 164
3 22 5
285 201 111 105 142
2 29 4
59 167 203 204
1 33 2
216 43
1 12 3
271 127 235
2 21 4
252 37 57 116
2 20 3
274 107 258
1 17 3
186 151 187
2 19 5
282 102 274 278 170
2 17 6
241 54 294 18 98 56
1 18 4
219 189 41 163
3 24 6
54 164 208 84 172 176
1 16 2
17 248
2 23 4
158 216 83 26
2 25 4
215 33 268 73
1 30 2
87 212
1 12 4
235 119 157 276
2 19 4
60 121 83 155
1 16 2
281 102
1 12 6
116 169 245 263 191 266
3 20 6
6 174 283 246 263 257
1 25 2
234 276
2 20 3
159 291 257
1 33 2
10 3
3 24 6
22 19 204 236 124 67
2 17 5
151 78 152 229 117
1 13 5
199 118 90 190 92
3 21 5
108 39 21 274 195
4 24 6
1 248 223 39 236 264
1 11 5
205 59 276 122 55
1 31 2
284 257
1 17 2
175 171
1 11 6
264 270 13 66 279 259
3 25 5
80 209 272 187 25
1 12 4
83 162 21 6
3 15 5
248 259 218 133 159
1 19 2
254 232
1 15 4
233 169 130 132
2 16 6
234 175 168 233 73 174
3 24 5
45 205 266 288 127
2 25 3
210 123 224
1 13 5
244 138 167 61 293
1 13 6
239 211 127 189 24 223
2 21 4
259 144 194 145
4 26 6
237 258 218 155 247 91
1 20 3
164 141 80
1 12 5
80 123 75 253 167
1 19 2
254 100
1 23 2
17 9
2 22 5
198 10 73 72 28
1 17 3
56 295 232
1 18 2
298 143
3 20 5
277 101 145 121 106
2 28 3
85 193 139
2 21 5
256 82 50 62 240
2 26 4
230 151 49 234
4 20 6
239 14 137 194 113 183
3 21 5
139 287 265 66 95
2 18 5
139 0 88 263 113
2 17 3
151 113 290
2 26 3
292 197 192
1 13 5
253 196 244 169 206
1 11 5
126 251 83 259 22
1 32 2
99 192
2 21 4
229 36 117 24
3 19 5
32 129 178 175 260
1 12 2
285 95
1 22 2
169 88
2 22 4
3 264 102 46
3 21 6
260 183 240 102 69 48
2 31 3
102 278 142
1 22 3
192 250 41
1 20 3
247 60 113
3 17 6
126 160 190 181 194 296
1 28 2
26 67
1 29 2
191 143
1 30 2
183 46
2 34 3
223 61 49
2 32 3
154 243 212
4 22 6
47 172 98 100 292 287
2 30 3
94 67 126
1 26 3
44 223 73
3 21 6
269 209 166 289 55 241
2 19 5
207 49 153 250 246
1 15 2
187 172
2 21 4
146 270 99 49
1 10 6
71 147 143 280 67 82
2 17 6
272 145 258 197 296 184
3 16 6
165 187 122 181 4 121
2 30 3
194 62 216
1 13 5
139 264 128 69 95
2 10 4
58 197 70 115
2 24 4
96 186 158 264
1 11 6
93 168 284 2 244 214
2 30 3
12 251 121
1 17 4
201 2 240 26
1 15 3
258 79 18
1 12 5
69 21 35 265 85
3 21 5
26 187 79 163 233
1 14 4
189 26 231 118
1 15 5
208 121 258 8 98
2 18 6
42 216 174 121 14 54
1 27 2
146 240
3 17 5
235 190 270 226 256
1 17 4
215 154 167 231
1 13 3
200 277 57
2 19 5
26 168 252 183 208
2 24 3
154 102 242
1 12 6
84 174 274 136 245 192
1 31 2
275 108
4 25 6
187 230 232 34 54 249
1 25 2
199 72
1 24 3
65 156 77
4 26 6
134 62 9 195 276 206
4 21 6
95 131 210 101 208 254
1 16 4
26 73 224 149
3 17 6
237 112 107 221 139 290
1 18 2
59 16
2 18 4
39 143 227 142
3 24 5
60 252 265 94 251
1 23 2
104 128
1 17 4
115 72 3 256
1 19 4
278 98 52 297
1 28 2
22 247
1 20 3
103 16 81
2 32 3
140 204 233
1 13 5
153 204 44 276 180
3 22 6
207 173 230 243 79 110
2 23 4
245 79 191 114
1 21 3
249 154 107
1 17 3
201 248 159
1 14 3
149 273 279
2 19 4
47 82 254 214
1 19 2
1 168
1 14 5
186 95 196 29 75
1 13 4
5 147 93 197
1 15 4
75 278 44 50
1 9 5
162 146 103 233 21
4 21 6
297 104 215 209 88 271
1 29 2
295 52
1 25 2
163 122
1 28 2
28 46
1 15 4
79 35 157 98
1 16 4
191 265 282 209
3 19 5
112 41 153 82 66
1 14 5
82 100 46 25 138
3 26 5
184 140 51 67 18
2 17 3
63 47 248
1 11 6
250 182 201 64 248 79
1 11 6
197 250 213 128 234 232
1 12 6
208 70 37 100 285 289
2 16 6
244 128 36 116 292 18
1 34 2
184 14
1 13 4
248 146 96 279
2 16 3
246 262 194
1 21 3
168 181 139
1 18 3
108 213 146
1 20 2
129 133
2 19 4
53 8 232 31
1 14 5
239 120 10 132 235
1 25 2
8 290
2 16 3
1 86 133
1 27 2
9 6
1 34 2
249 110
2 33 3
142 167 224
1 22 3
101 208 244
2 20 3
231 286 109
3 25 5
281 3 121 148 23
1 13 5
2 238 208 105 158
2 19 5
296 28 245 38 37
1 15 4
184 30 115 117
1 19 3
5 228 165
2 18 5
129 262 118 35 275
2 21 5
222 140 164 283 211
1 26 2
130 29
1 23 3
189 149 191
3 24 5
13 174 66 241 273
1 16 4
77 289 196 220
4 22 6
197 91 86 129 81 120
4 24 6
31 137 283 284 223 30
1 24 2
247 168
2 27 3
284 162 241
1 35 2
257 272
2 15 6
292 148 202 66 116 45
2 19 5
224 8 60 174 159
4 19 6
153 215 138 146 8 270
1 22 2
200 27
1 16 4
10 195 125 202
1 20 3
141 248 231
1 13 2
298 260
2 19 4
166 120 138 132
1 23 2
239 275
1 16 4
58 126 46 196
1 23 3
68 260 33
2 14 5
180 78 66 41 200
2 16 6
119 180 149 139 251 50
2 19 6
223 84 156 158 272 181
3 27 5
45 20 108 23 230
2 20 4
277 108 134 11
2 18 4
192 239 173 258
1 22 2
224 79
1 33 2
204 282
1 22 2
232 255
1 14 5
89 83 109 243 13
1 14 5
90 174 169 47 99
1 15 4
77 0 294 64
3 22 5
12 102 290 163 17
1 29 2
13 202
4 20 6
14 127 17 26 291 167
1 13 6
267 190 119 36 54 203
1 19 3
128 121 299
1 26 2
143 99
3 25 5
93 128 30 165 14
4 17 6
248 250 126 15 172 95
1 13 5
138 64 137 238 69
2 27 3
111 243 45
1 12 6
211 291 27 96 13 120
2 13 6
117 42 29 187 200 17
1 13 4
254 244 299 169
4 13 6
95 74 17 123 239 59
3 22 5
111 277 169 54 224
2 26 3
76 114 82
2 19 4
215 168 179 180
1 24 2
67 115
1 31 2
243 87
2 28 3
77 132 11
1 11 5
44 24 58 97 159
1 28 2
198 76
1 12 6
229 164 188 211 241 243
2 16 6
298 162 61 292 87 163
1 13 4
22 135 127 40
2 27 3
111 252 43
1 20 3
66 216 6
2 22 4
235 272 190 1
4 26 6
287 131 13 180 77 158
2 33 3
192 269 36
3 22 5
142 80 119 201 207
2 28 3
24 162 72
1 34 2
94 96
1 20 3
244 180 231
3 22 6
23 179 56 263 95 81
1 27 2
209 295
2 22 5
90 9 121 282 141
2 16 6
263 15 78 284 12 213
1 21 2
218 221
2 24 3
6 282 253
2 18 6
208 8 254 53 292 165
1 14 3
219 105 92
2 15 3
115 59 277
3 26 5
0 250 32 289 210
2 21 4
150 274 281 215
2 17 6
280 96 212 138 169 211
1 16 4
121 113 216 135
1 11 6
230 178 96 234 212 6
2 18 5
89 242 9 191 226
2 19 3
110 131 122
4 24 6
59 90 109 218 284 61
1 34 2
62 181
1 13 5
44 61 90 1 56
3 25 6
144 156 194 133 203 62
1 18 2
53 100
1 19 2
120 89
1 11 6
188 78 142 265 215 100
3 11 6
56 159 58 2 194 160
3 18 6
176 246 218 117 169 53
1 30 2
65 74
1 13 3
158 293 106
1 16 4
97 297 146 106
1 10 5
149 261 22 123 97
2 17 5
49 261 6 280 155
2 24 4
218 200 240 237
4 21 6
213 182 104 248 239 266
3 25 5
173 139 94 181 149
2 21 3
70 68 160
1 21 3
112 144 43
3 21 6
292 119 29 187 295 249
1 12 5
17 285 271 62 248
1 18 2
206 160
2 12 3
51 221 89
2 24 4
103 237 192 251
1 20 3
292 232 283
1 25 2
273 289
1 22 3
173 211 279
1 25 2
43 233
1 25 3
124 94 211
1 24 2
187 35
2 18 5
79 20 55 259 210
1 13 4
291 3 127 126
3 17 6
173 299 174 187 133 46
1 17 4
278 177 14 226
1 16 4
165 293 236 41
2 22 4
264 287 100 265
1 14 4
220 182 265 280
2 13 5
92 86 214 12 178
3 17 6
273 137 7 256 127 299
2 19 3
282 136 138
1 22 2
109 170
1 14 5
141 35 17 44 280
2 22 4
227 261 278 124
1 26 2
1 179
1 12 6
165 84 184 265 29 117
2 15 3
74 238 160
4 22 6
283 127 205 131 64 149
1 22 3
241 200 27
1 8 4
38 31 79 103
1 15 4
89 88 40 48
1 18 4
65 134 89 19
2 34 3
163 210 249
2 17 6
125 177 145 113 225 230
4 22 6
87 202 273 289 49 294
2 27 4
292 271 186 73
2 19 4
224 66 298 201
1 16 3
130 161 205
1 10 5
17 87 219 215 80
1 26 2
198 6
2 16 4
126 59 213 187
1 23 2
169 80
1 16 2
219 122
1 8 3
151 38 122
1 12 2
89 59
2 25 3
82 276 43
1 21 3
4 216 295
1 18 4
236 110 227 39
3 16 5
17 275 281 160 233
4 27 6
268 260 191 84 263 113
1 24 2
100 29
1 22 3
61 267 42
1 24 3
114 8 222
2 16 6
89 130 47 201 19 164
4 19 6
290 32 123 130 28 172
2 18 4
98 249 235 221
1 14 4
78 277 20 70
1 26 2
212 42
2 23 3
258 208 88
1 16 4
86 154 109 110
1 21 3
203 254 112
2 16 5
75 97 85 0 252
3 23 5
82 77 169 258 110
1 13 5
281 28 261 180 204
1 27 2
152 114
3 22 6
181 41 195 163 188 178
2 18 6
105 237 234 141 211 66
1 15 4
193 243 164 171
1 22 2
168 288
2 26 4
287 241 230 170
2 15 6
4 43 205 124 59 153
1 11 6
177 122 96 104 14 297
2 22 4
236 7 75 202
2 15 5
123 70 247 162 21
3 18 5
47 154 238 1 116
1 21 2
169 15
4 17 6
214 44 15 9 79 100
2 15 6
116 113 30 272 173 34
3 18 5
180 270 233 161 107
1 12 2
285 235
2 25 3
50 99 145
2 18 6
37 267 41 177 84 227
3 18 6
88 272 78 259 264 254
2 30 3
155 201 77
1 18 4
278 52 275 75
1 14 4
95 51 267 146
2 15 6
273 266 221 89 278 166
2 20 4
237 286 255 122
1 36 2
142 297
4 26 6
115 3 14 32 90 221
1 19 3
195 27 16
1 15 4
16 291 101 110
3 19 5
256 122 5 72 286
1 18 3
167 115 260
1 31 2
23 129
2 11 5
103 213 0 147 200
1 31 2
43 37
1 36 2
188 241
4 23 6
145 252 159 121 143 255
1 10 3
133 294 194
1 24 2
49 280
1 20 2
76 299
2 32 3
255 198 72
3 25 5
76 93 113 81 103
1 11 6
206 268 128 61 108 110
2 15 4
159 103 61 169
3 15 5
291 130 185 146 1
2 23 3
221 250 105
1 13 5
243 195 242 17 192
k 20
