300 1500 465
11 23 27 29 25 12 34 40 23 19 31 30 32 36 24 19 40 40 29 20 38 16 34 36 25 23 22 14 22 15 11 22 15 17 20 22 12 22 32 36 16 38 22 17 29 22 11 24 35 27 36 23 28 13 27 31 26 37 36 35 14 16 22 36 15 18 40 13 35 25 17 21 21 29 21 29 34 39 31 32 24 11 24 38 22 36 24 18 24 24 35 30 11 18 40 19 20 30 19 33 16 17 36 38 23 35 13 19 17 38 32 40 14 31 40 16 31 29 15 18 21 33 14 29 37 13 28 34 28 19 35 16 37 27 13 13 17 40 38 36 39 33 32 29 31 37 13 34 24 28 16 30 31 15 12 27 23 21 30 34 11 12 32 34 23 12 19 19 27 25 12 23 28 16 31 36 23 14 14 15 24 12 37 15 33 17 33 27 22 32 31 31 29 35 35 21 28 15 28 17 25 16 31 32 33 11 20 25 18 21 12 40 20 33 23 14 21 31 15 34 35 23 24 29 35 12 22 19 39 27 38 39 13 21 11 40 26 26 23 32 14 40 35 25 31 21 13 19 35 15 29 38 39 18 40 16 33 33 36 22 15 22 12 33 19 36 33 24 12 17 22 29 19 16 34 27 29 37 13 28 15 33 38 29 13 12 26 37 18 23 11 28 25 31 18 22 26 17 33 16
1 13 17 19 15 2 24 30 13 9 21 20 22 26 14 9 30 30 19 10 28 6 24 26 15 13 12 4 12 5 1 12 5 7 10 12 2 12 22 26 6 28 12 7 19 12 1 14 25 17 26 13 18 3 17 21 16 27 26 25 4 6 12 26 5 8 30 3 25 15 7 11 11 19 11 19 24 29 21 22 14 1 14 28 12 26 14 8 14 14 25 20 1 8 30 9 10 20 9 23 6 7 26 28 13 25 3 9 7 28 22 30 4 21 30 6 21 19 5 8 11 23 4 19 27 3 18 24 18 9 25 6 27 17 3 3 7 30 28 26 29 23 22 19 21 27 3 24 14 18 6 20 21 5 2 17 13 11 20 24 1 2 22 24 13 2 9 9 17 15 2 13 18 6 21 26 13 4 4 5 14 2 27 5 23 7 23 17 12 22 21 21 19 25 25 11 18 5 18 7 15 6 21 22 23 1 10 15 8 11 2 30 10 23 13 4 11 21 5 24 25 13 14 19 25 2 12 9 29 17 28 29 3 11 1 30 16 16 13 22 4 30 25 15 21 11 3 9 25 5 19 28 29 8 30 6 23 23 26 12 5 12 2 23 9 26 23 14 2 7 12 19 9 6 24 17 19 27 3 18 5 23 28 19 3 2 16 27 8 13 1 18 15 21 8 12 16 7 23 6
1 20 2
272 62
3 19 6
289 182 154 61 8 76
2 18 6
223 19 66 109 219 263
1 16 4
138 115 187 15
1 32 2
149 124
1 17 4
22 35 193 99
2 26 4
66 29 207 17
2 20 5
194 38 126 259 59
1 18 2
24 5
2 22 3
79 29 129
1 17 4
228 162 37 234
1 14 5
254 278 203 129 286
4 20 6
95 184 89 280 14 1
2 18 4
212 205 216 113
2 15 6
119 78 205 63 288 221
2 34 3
175 66 155
1 24 2
54 195
2 30 3
44 193 196
1 15 3
46 215 184
1 9 6
285 78 156 93 87 197
1 18 2
86 170
2 24 3
75 92 266
1 10 6
62 188 14 234 60 124
2 22 4
39 106 203 216
1 28 2
263 164
1 11 6
208 145 289 179 79 183
1 33 2
130 116
2 20 4
215 68 116 280
2 30 3
41 63 70
3 18 5
148 187 14 122 166
2 18 5
186 125 132 233 28
1 18 3
224 125 264
1 15 4
273 193 215 56
2 20 4
67 292 274 62
2 18 6
242 185 31 41 30 139
2 19 5
151 73 1 20 207
1 26 2
38 233
2 19 5
276 142 42 109 62
1 27 2
286 192
2 14 6
271 19 1 285 47 204
2 23 4
188 158 286 83
1 11 2
30 285
1 16 3
267 62 4
2 33 3
276 20 239
1 21 3
158 281 62
2 18 4
226 27 156 54
1 17 4
220 131 266 153
1 27 2
265 107
1 25 2
29 248
2 22 3
81 291 44
3 24 5
256 273 121 169 257
1 13 2
161 177
2 23 4
65 138 42 38
2 34 3
41 182 187
1 19 2
5 133
1 22 2
125 191
1 11 6
180 28 55 69 63 59
2 26 3
33 188 241
1 20 3
203 276 176
1 18 4
202 53 231 105
1 15 2
253 134
2 17 4
70 293 71 32
1 17 4
175 181 242 176
2 27 3
87 149 265
3 17 5
117 238 245 131 234
1 26 2
217 209
1 11 6
293 47 85 179 168 2
3 20 5
115 30 175 229 69
3 22 5
133 269 149 82 248
1 12 6
187 39 76 12 114 112
1 28 2
184 176
3 22 6
113 255 248 41 80 192
1 26 2
132 29
3 17 5
272 65 91 74 160
2 15 4
92 293 249 280
2 27 3
226 117 239
3 26 5
142 242 71 149 39
2 20 4
222 170 224 221
1 17 2
180 290
1 20 2
250 154
2 23 5
17 241 273 204 140
3 17 5
9 206 233 169 166
1 26 2
182 118
1 18 3
83 179 253
3 25 5
211 128 194 82 71
1 32 2
228 237
1 21 3
218 103 292
2 18 6
44 282 77 79 205 271
1 12 5
99 222 275 11 209
1 18 4
35 71 103 57
1 10 6
274 166 87 117 43 285
1 17 3
186 129 118
2 32 3
192 91 252
3 16 5
149 215 260 129 45
1 20 3
216 21 231
1 26 2
207 275
1 14 4
87 117 250 201
1 12 5
258 181 236 5 29
1 31 2
128 193
1 27 2
88 11
1 15 3
150 55 179
2 18 5
105 56 79 112 42
2 15 4
100 181 153 75
1 13 5
250 185 285 13 238
2 15 5
89 269 81 32 182
2 19 5
26 237 76 293 266
4 25 6
31 102 76 86 291 117
4 22 6
288 6 193 201 210 276
2 16 4
154 81 230 269
1 11 6
248 59 183 79 295 196
2 24 4
216 17 126 117
1 17 3
284 147 9
2 17 4
118 80 125 189
2 30 3
41 77 232
2 25 3
214 82 279
1 22 2
279 199
1 15 2
273 260
2 27 3
188 222 132
1 20 3
196 110 88
3 18 5
212 290 86 287 225
1 12 6
19 69 136 90 137 215
2 23 4
266 28 244 149
1 20 2
92 11
3 25 5
226 18 188 138 258
1 35 2
20 281
3 26 5
277 118 17 181 254
3 24 5
261 52 38 156 287
1 13 6
164 177 69 41 25 66
2 19 4
42 81 8 162
3 24 5
280 270 228 116 11
2 18 6
237 124 65 282 175 91
1 11 6
41 237 167 128 81 285
3 21 6
116 213 49 84 264 90
2 23 4
84 44 244 99
2 26 3
82 129 265
1 17 2
36 25
4 19 6
53 87 25 213 227 222
1 28 2
127 214
1 13 5
61 89 123 95 138
1 14 4
243 1 214 22
1 10 6
160 250 242 143 69 122
1 21 3
86 8 16
1 14 5
265 270 101 248 154
2 21 4
70 7 117 178
2 17 6
184 220 113 44 23 202
3 20 5
255 40 61 162 228
1 25 2
207 24
2 15 6
229 200 56 27 17 4
3 24 5
62 54 202 161 241
1 11 5
153 269 166 177 211
2 18 6
137 143 247 185 39 213
2 22 4
150 144 123 18
2 18 4
115 79 221 297
1 17 4
103 56 257 187
1 12 3
135 30 267
1 12 5
136 97 270 189 157
1 15 4
78 21 116 110
2 21 4
18 296 152 21
3 20 6
263 201 219 165 283 198
1 14 4
40 164 279 192
2 12 5
198 218 195 135 210
2 20 5
119 117 13 68 221
2 21 4
8 11 79 53
1 16 4
120 55 262 186
2 22 4
299 139 85 247
1 26 3
114 84 66
1 32 2
152 163
1 15 5
132 271 137 100 191
1 28 2
93 103
1 10 6
143 285 234 147 166 271
1 12 5
86 236 246 129 219
2 18 3
108 2 262
2 25 3
15 276 192
4 26 6
142 71 79 161 138 20
1 12 5
153 204 270 293 297
1 21 3
243 103 40
2 14 5
134 82 185 276 65
1 35 2
68 139
3 19 6
96 296 274 243 151 295
1 11 5
167 297 165 95 251
2 26 3
162 258 205
2 22 4
247 211 26 128
3 19 6
273 291 244 156 21 224
1 10 5
36 199 86 270 49
1 13 4
32 261 226 213
2 17 5
46 266 295 148 78
2 21 4
229 57 221 268
2 16 6
251 212 168 200 60 68
2 21 4
183 91 270 248
2 22 3
255 210 254
1 12 5
129 185 230 295 47
1 23 3
138 12 98
2 18 4
271 150 91 112
2 15 6
188 211 240 186 227 118
1 14 4
292 191 129 240
2 22 4
161 155 162 117
1 18 4
37 266 252 71
1 16 2
146 9
1 12 5
197 93 142 92 293
2 24 4
52 189 57 84
1 11 6
14 244 39 187 146 290
2 19 4
201 203 49 95
2 25 4
184 58 266 4
2 25 4
13 219 116 54
2 14 5
47 146 177 242 118
2 26 4
181 58 281 248
2 16 4
122 125 28 117
1 10 6
86 142 184 123 38 207
1 28 2
89 99
1 12 5
166 270 289 228 45
2 19 4
62 49 260 73
2 19 3
150 161 223
4 25 6
7 107 230 213 297 188
1 15 3
19 243 153
1 10 4
278 253 170 28
1 19 4
113 58 31 7
2 17 5
162 186 136 87 96
1 12 4
233 262 227 271
1 12 5
218 71 26 89 50
1 17 4
194 14 236 274
2 24 3
183 1 102
2 21 4
196 229 136 144
1 14 5
108 6 171 109 2
1 23 2
69 209
3 21 6
293 215 150 214 235 12
1 18 3
187 35 49
2 15 6
72 69 14 142 127 222
1 13 5
219 292 144 33 234
2 24 4
274 160 10 204
1 24 2
97 98
2 20 5
74 116 266 63 75
4 21 6
56 233 286 86 212 75
1 11 5
32 264 269 28 265
1 14 5
265 161 281 194 299
2 16 6
263 191 277 60 169 24
1 16 4
90 217 264 62
2 34 3
159 228 75
1 12 4
169 237 243 96
1 12 5
36 214 123 168 141
1 29 2
139 259
1 9 3
234 177 67
3 21 5
111 216 86 165 47
1 13 5
201 244 205 276 287
1 26 3
111 114 222
3 21 6
226 102 179 189 138 24
4 21 6
101 276 16 234 195 289
1 12 4
234 179 295 279
4 24 6
28 176 219 264 116 13
1 22 2
92 219
1 17 4
250 184 139 45
2 31 3
265 224 25
3 24 6
109 37 34 147 41 48
1 31 2
54 48
2 14 5
87 250 133 199 218
3 23 5
202 177 13 168 180
2 31 3
138 69 190
1 38 2
145 211
1 13 5
199 146 263 274 81
2 21 4
281 261 14 128
1 30 2
291 110
1 22 2
91 153
1 24 3
23 49 132
2 19 3
29 237 173
1 14 5
39 101 134 175 128
1 22 2
171 261
1 18 3
283 209 155
2 12 4
294 290 185 146
1 23 3
246 235 151
1 24 3
274 266 17
3 24 5
193 28 73 148 121
2 14 3
285 183 29
2 22 4
128 111 81 71
1 15 3
120 107 296
2 17 4
82 245 19 80
1 14 5
228 48 115 64 101
4 24 6
257 102 36 160 113 12
1 14 4
176 119 213 81
2 24 3
141 119 289
4 22 6
265 268 51 24 79 269
3 16 6
183 285 32 227 77 172
1 18 4
141 87 245 94
2 25 3
94 200 205
1 17 3
268 259 143
1 20 3
187 59 56
3 23 6
17 194 64 63 167 202
2 24 3
271 119 275
3 23 6
282 132 106 127 209 244
2 16 5
82 41 227 273 87
3 17 5
28 261 165 135 244
1 10 6
151 52 131 127 164 91
3 18 5
176 167 37 196 205
1 26 2
138 122
3 12 6
134 146 222 233 160 40
2 18 4
53 25 145 268
2 20 5
160 256 157 114 2
1 15 4
109 46 221 240
2 17 5
139 161 73 101 209
2 16 4
165 32 39 240
1 21 3
66 289 165
4 21 6
86 229 88 5 77 40
3 20 6
174 84 147 64 113 88
3 21 5
229 150 83 168 125
1 20 3
103 89 161
1 23 3
130 42 59
2 21 3
74 260 149
1 15 4
276 113 196 179
4 20 6
148 244 27 152 35 273
1 15 3
270 222 120
1 17 4
264 204 3 248
1 18 4
243 7 25 130
1 9 5
293 183 269 27 268
2 14 6
167 231 176 61 62 269
1 21 2
75 60
3 26 5
271 7 141 276 283
1 18 3
69 276 259
2 18 6
102 231 55 119 76 291
1 12 5
19 92 149 221 6
1 19 4
116 282 32 251
3 15 6
53 162 115 173 250 290
1 31 2
12 116
1 17 4
152 5 103 52
4 25 6
231 244 136 226 63 2
3 21 5
141 96 143 104 136
1 12 5
65 250 29 31 6
4 22 6
3 71 74 155 20 259
2 17 5
139 293 210 234 19
4 20 6
136 282 29 10 15 166
1 23 3
19 130 258
1 11 5
117 84 131 167 276
2 19 3
229 27 288
4 21 6
128 26 180 141 135 164
1 20 4
288 66 15 94
3 23 5
212 145 30 211 270
3 21 5
173 249 276 79 291
1 23 2
107 128
2 25 4
83 36 168 13
2 29 3
252 203 273
1 21 2
146 97
3 20 6
46 210 14 248 230 229
1 13 4
66 165 234 225
2 17 6
65 44 153 254 53 85
1 24 2
240 274
2 20 3
218 147 161
1 22 2
273 123
1 13 5
83 87 210 283 19
4 26 6
244 265 196 26 97 219
1 12 6
192 103 53 242 2 25
2 22 5
66 262 94 97 245
2 19 5
147 93 75 184 214
1 21 3
22 275 192
1 11 5
269 115 42 219 14
1 19 2
1 299
1 25 2
272 293
1 15 3
80 51 255
4 26 6
266 14 54 85 242 49
1 17 3
70 192 31
1 22 3
10 40 63
3 21 6
214 265 191 261 182 8
4 17 6
72 69 119 255 296 160
1 24 2
193 106
4 22 6
43 162 260 226 287 236
2 22 4
207 17 100 289
1 11 6
46 76 116 147 64 286
1 22 3
113 48 204
1 12 5
127 88 149 286 119
3 22 6
182 2 66 106 250 152
2 32 3
97 7 149
1 11 5
221 248 205 261 199
2 23 4
276 189 299 266
4 17 6
154 201 64 56 128 272
1 15 4
152 10 227 79
1 13 4
177 11 289 240
1 20 2
279 268
1 14 4
202 299 69 100
1 24 3
23 175 52
1 18 2
148 210
2 22 4
179 43 274 230
1 15 3
290 286 195
1 15 4
290 103 180 288
2 16 6
8 29 144 108 283 241
1 17 4
294 105 262 159
3 27 5
110 99 109 187 184
3 27 5
57 38 190 55 242
1 11 3
227 201 218
1 15 3
37 4 26
3 18 5
271 160 110 294 262
2 17 6
7 117 219 212 99 249
1 12 6
52 191 63 21 81 211
1 12 6
163 50 126 30 94 148
2 11 4
53 120 284 225
2 34 3
137 194 168
1 21 3
218 39 123
1 22 2
134 10
1 16 3
49 62 43
2 17 5
284 199 267 63 237
3 27 5
47 223 2 140 7
2 21 3
150 243 47
1 23 3
22 224 139
1 17 4
18 7 107 56
2 24 3
96 161 114
1 23 3
198 277 257
1 12 6
90 149 133 102 297 17
3 25 5
244 121 149 186 38
1 19 2
60 88
1 16 4
291 206 54 63
2 24 4
276 198 262 252
3 17 6
31 69 186 214 65 108
4 26 6
113 76 212 173 124 63
1 12 5
221 153 68 131 187
1 14 3
61 259 206
3 16 5
249 18 88 197 234
1 13 4
259 15 267 18
1 22 2
69 167
2 25 4
20 14 66 222
1 15 2
178 43
3 18 6
70 175 182 262 134 93
1 24 2
129 44
1 19 2
180 112
1 26 2
270 191
1 16 3
118 240 298
1 19 4
20 138 273 13
2 13 4
43 118 19 30
1 16 3
89 237 148
2 16 5
131 41 34 237 70
1 12 4
84 221 278 133
3 22 6
100 183 254 129 39 109
2 14 5
14 133 206 74 100
1 31 2
55 190
1 14 2
218 60
1 10 6
49 197 143 163 212 84
1 24 2
33 113
1 11 6
36 35 105 232 102 283
1 36 2
274 103
2 17 4
100 239 71 199
1 37 2
251 23
1 27 2
190 156
2 28 3
28 68 49
1 16 4
200 174 50 197
1 15 3
65 107 291
2 27 4
228 242 229 68
4 20 6
167 129 144 27 90 209
2 19 4
262 216 188 48
1 33 2
184 274
3 22 5
288 229 203 278 265
1 14 4
59 122 253 270
1 15 4
267 269 265 89
1 21 2
197 198
2 26 3
162 279 15
1 16 4
38 206 297 266
2 19 4
295 17 183 100
2 19 5
78 112 276 194 12
1 34 2
172 94
2 16 6
255 95 63 36 196 220
2 18 4
243 194 284 218
2 18 3
26 25 0
1 14 4
155 171 202 260
2 25 3
99 121 0
2 24 4
53 172 282 121
1 29 2
175 289
2 16 5
42 183 188 41 154
1 33 2
279 109
4 24 6
123 60 239 266 222 244
1 17 2
27 195
1 17 4
124 283 273 256
1 31 2
214 114
1 13 5
110 48 88 78 61
1 12 6
284 228 283 127 98 113
3 26 5
133 144 20 163 51
2 18 4
44 98 87 14
3 23 5
230 295 223 173 198
2 15 6
287 36 294 101 37 12
1 24 2
224 178
3 24 6
220 145 8 20 50 3
1 11 6
266 172 162 226 257 221
1 9 6
45 155 221 168 1 61
1 23 2
120 243
1 23 3
175 61 224
1 23 2
29 152
1 10 5
255 36 98 242 122
1 24 2
169 82
2 24 3
284 286 159
1 14 4
169 261 163 240
2 17 6
58 170 106 111 223 29
2 27 3
29 228 75
1 19 4
299 265 241 59
2 19 6
77 78 211 61 213 85
1 20 2
106 52
1 14 4
205 166 182 72
1 29 2
126 91
3 20 6
22 73 45 285 215 58
1 10 6
240 54 199 289 298 126
1 24 3
248 243 252
2 18 6
99 7 210 65 180 77
1 21 2
285 55
1 13 5
285 32 68 284 256
2 18 3
60 246 73
2 16 5
160 178 4 191 236
1 18 4
296 199 103 265
2 26 4
83 199 76 90
2 19 4
17 167 95 101
1 27 2
50 247
1 22 3
124 73 207
2 20 4
173 105 217 131
1 12 5
169 232 265 227 246
2 18 4
284 111 167 210
1 18 3
273 230 288
1 24 3
49 66 213
2 13 6
138 268 267 269 64 160
2 11 5
40 157 108 32 288
4 22 6
187 17 28 12 165 154
1 13 5
127 48 153 151 53
2 20 5
10 264 77 2 144
2 15 6
299 122 69 72 271 231
2 13 6
99 131 29 134 32 276
1 14 4
171 38 296 136
2 15 6
164 255 36 298 107 58
1 25 3
241 206 39
1 15 5
234 277 218 240 235
3 18 6
191 207 225 209 178 204
1 25 2
117 270
3 18 6
140 150 279 45 104 95
1 23 2
80 226
1 30 2
113 223
2 13 6
136 269 88 206 116 243
4 26 6
55 142 14 214 103 184
1 14 5
189 130 282 142 63
4 23 6
260 77 259 200 34 265
2 17 6
50 63 62 147 60 177
2 32 3
257 4 83
1 21 3
271 193 286
1 19 2
279 234
1 13 4
185 105 201 297
2 13 4
100 215 167 206
2 28 3
157 73 163
1 22 3
296 99 121
2 20 4
164 215 148 58
4 29 6
269 211 142 219 121 228
3 23 6
137 35 239 4 132 116
2 17 5
292 79 95 293 209
2 19 5
227 138 289 239 229
1 20 2
222 299
1 10 6
236 190 44 203 201 128
3 24 5
143 161 252 62 219
2 19 4
84 227 230 87
1 31 2
213 91
2 20 4
92 142 100 186
1 15 4
36 13 229 100
1 23 2
266 134
1 11 4
188 268 61 69
1 27 2
243 158
4 20 6
256 178 126 71 120 297
2 26 3
22 247 24
1 20 3
286 242 65
2 19 4
184 170 233 148
1 25 2
51 198
3 17 6
206 81 116 51 197 250
1 17 4
296 256 81 258
1 19 2
165 56
2 17 5
13 259 53 122 217
1 15 2
101 122
1 32 2
49 57
1 14 4
208 134 271 192
2 21 4
114 104 216 21
2 18 4
50 218 212 199
2 16 4
24 81 15 34
2 28 4
114 285 265 39
2 19 3
49 209 46
1 13 2
118 225
1 12 6
276 114 145 275 27 163
1 28 2
68 226
2 29 3
48 104 44
1 23 2
294 117
1 16 3
243 221 207
1 25 2
81 77
1 23 3
211 191 49
3 18 5
61 203 136 157 245
2 29 3
243 22 276
1 16 3
105 218 210
2 14 6
26 277 117 259 104 129
2 26 4
116 163 241 215
1 12 4
15 152 118 181
2 29 3
105 18 1
1 15 4
198 196 59 52
3 26 5
113 279 7 70 186
2 22 3
269 279 72
2 19 3
67 197 123
2 25 4
293 230 186 70
2 18 6
258 79 75 254 152 272
2 14 6
257 64 87 8 24 191
1 23 3
283 16 217
1 9 6
69 296 162 54 297 267
1 12 3
201 209 262
2 22 3
133 198 106
2 15 6
276 26 152 275 242 168
2 13 3
0 170 173
2 18 5
57 279 208 122 192
1 24 2
224 246
1 19 2
210 54
2 17 3
215 89 27
1 11 4
295 197 180 21
2 20 4
278 130 239 40
2 18 4
47 166 100 113
3 20 6
31 231 257 205 152 87
2 16 6
131 193 202 218 78 226
4 26 6
207 76 137 153 190 286
1 23 3
240 105 127
1 16 4
279 197 134 182
1 13 5
99 48 283 96 125
3 19 6
21 116 209 187 246 105
1 14 3
225 14 19
2 15 6
22 44 24 244 133 205
1 19 2
72 87
1 31 2
77 88
2 19 4
146 246 94 176
2 35 3
59 239 7
3 12 6
160 90 210 205 146 134
1 23 3
265 248 129
1 27 2
61 41
1 16 4
119 78 267 258
2 20 4
209 261 145 0
3 19 5
52 183 120 248 218
1 24 2
250 15
3 25 5
192 157 134 137 102
1 23 3
41 141 80
3 20 6
223 246 96 48 50 233
2 23 4
213 279 232 144
2 17 3
101 246 195
1 18 4
246 228 184 295
2 20 4
194 104 165 156
2 27 3
278 250 114
2 21 3
36 76 185
1 15 2
197 173
1 24 2
26 286
1 31 2
8 137
1 38 2
145 77
2 27 3
269 78 263
1 11 5
84 74 289 163 88
4 18 6
56 267 216 206 101 119
2 24 4
4 297 293 94
1 16 4
294 184 153 239
1 16 2
253 240
1 27 2
209 213
3 13 6
27 100 284 91 40 19
1 22 2
155 43
1 11 5
125 179 177 77 208
1 11 6
270 158 229 39 296 61
1 17 4
220 217 248 256
3 24 5
123 283 4 286 251
2 15 4
273 30 178 11
2 18 4
299 148 115 147
2 21 5
11 258 87 235 65
1 20 2
296 215
1 15 4
70 196 232 76
1 23 3
193 23 205
1 9 6
128 18 29 81 267 180
3 25 5
53 68 66 41 181
2 15 4
135 150 184 215
1 23 2
78 115
1 12 3
297 195 177
2 27 3
143 273 83
4 22 6
53 163 176 91 8 51
2 34 3
277 114 236
1 9 6
244 129 170 61 107 86
2 14 5
144 161 156 199 46
1 12 6
91 36 273 245 83 287
2 16 4
233 229 183 264
2 17 5
208 9 73 172 3
1 16 4
109 192 73 42
1 23 2
244 249
2 23 4
244 252 9 164
2 15 4
71 21 156 183
2 17 5
3 127 37 167 21
1 35 2
231 55
2 26 4
83 239 63 135
2 20 3
84 268 187
1 28 2
126 149
1 15 4
207 165 175 40
1 12 5
38 123 97 29 203
1 20 3
93 239 172
1 13 4
49 52 249 42
2 20 3
261 51 43
2 16 4
121 60 173 218
1 17 2
148 81
2 14 5
67 214 158 33 100
1 18 3
107 161 145
1 36 2
41 105
2 23 3
179 49 52
2 20 5
202 38 154 268 241
1 29 2
50 1
1 19 2
264 98
1 18 4
87 102 90 145
2 25 3
193 160 113
1 33 2
283 138
1 16 3
95 36 91
1 33 2
186 184
2 27 3
78 79 15
2 18 3
100 179 214
1 11 4
104 26 181 1
1 20 3
55 123 91
2 24 3
47 119 142
1 15 5
206 254 124 188 299
1 31 2
123 99
1 12 6
109 149 215 169 227 63
2 22 3
208 154 13
1 14 5
226 62 64 184 182
1 24 3
189 180 235
2 20 5
265 110 4 139 73
2 18 6
22 50 97 216 231 153
2 16 3
278 115 71
2 24 4
21 190 75 23
3 19 6
75 125 204 215 169 158
1 21 2
223 122
1 20 2
37 95
2 22 5
254 285 63 220 80
1 20 2
208 84
1 24 3
279 76 211
4 27 6
282 93 103 292 287 267
2 18 6
205 191 66 111 281 170
1 29 2
191 52
1 31 2
196 274
1 13 6
94 166 247 288 230 208
3 23 5
219 104 97 255 158
1 13 3
261 107 288
2 26 4
278 58 144 251
2 32 3
155 113 41
2 15 6
214 135 273 222 17 191
2 23 3
279 234 38
1 29 2
130 89
1 10 6
142 55 27 152 157 201
1 14 2
32 278
2 19 4
191 261 289 95
2 14 5
160 271 171 87 245
1 14 5
113 204 109 281 223
4 24 6
80 57 89 41 24 81
1 12 6
145 110 258 76 133 51
3 20 6
155 130 182 129 104 43
3 24 5
238 70 162 298 281
2 22 3
184 294 297
3 21 5
27 106 12 25 16
2 16 5
273 68 234 143 153
2 29 3
283 244 172
3 27 5
146 248 244 116 231
3 22 5
283 238 19 278 41
1 21 2
73 122
1 13 3
36 88 173
2 19 3
34 14 64
1 18 2
177 37
1 11 5
133 14 51 246 217
1 9 6
218 168 165 18 262 272
1 16 2
185 218
2 20 5
47 21 171 111 85
1 21 2
217 262
1 22 2
201 52
3 19 5
207 287 201 284 15
1 24 3
145 63 85
1 16 4
225 90 36 91
1 19 4
41 51 228 107
2 31 3
39 200 186
3 18 6
100 11 279 157 296 75
1 16 2
43 40
1 25 2
142 227
1 10 6
55 195 11 166 201 34
2 20 5
168 58 11 265 123
1 15 5
209 57 220 50 230
3 21 6
218 5 163 82 22 230
2 32 3
97 126 109
2 17 4
177 148 266 135
2 13 6
146 299 160 233 83 35
1 35 2
298 132
1 13 4
269 253 127 154
2 25 4
251 83 200 87
1 16 4
136 63 91 192
1 8 6
156 180 0 214 14 80
1 17 3
171 30 151
1 11 6
15 123 281 45 48 157
2 14 6
49 171 153 222 135 76
1 17 4
15 71 142 258
2 16 6
22 247 46 132 198 52
1 13 4
161 257 225 206
2 19 4
226 287 185 29
1 15 4
271 281 262 31
4 24 6
213 57 112 192 270 267
2 19 5
275 178 129 163 130
2 31 3
267 50 274
1 28 2
164 257
1 16 5
293 207 113 66 254
4 20 6
162 115 285 264 208 145
3 21 5
223 126 262 110 206
2 30 3
20 43 182
3 16 6
288 106 4 232 86 202
2 25 4
13 55 171 130
2 26 3
214 88 99
1 16 4
266 116 196 49
2 20 3
264 106 172
1 19 3
45 260 277
1 11 6
113 193 257 225 162 152
2 11 6
164 96 106 206 40 128
1 25 2
248 197
1 14 5
130 23 4 136 265
2 17 3
156 210 61
1 12 6
242 192 252 4 143 255
1 18 4
258 82 146 231
2 16 6
38 101 282 73 129 2
1 11 5
5 1 84 281 131
1 12 3
178 150 62
2 20 5
115 78 152 173 140
1 24 2
9 276
4 24 6
78 192 37 59 162 131
1 27 2
261 142
1 18 3
47 199 38
1 15 3
262 72 89
1 14 5
51 191 29 214 241
2 14 3
165 181 167
3 24 5
168 187 91 246 23
2 21 5
118 211 12 178 58
2 13 5
291 238 81 299 5
1 15 4
8 42 198 193
1 30 2
128 239
1 12 6
277 26 163 265 249 288
4 24 6
110 52 172 272 25 50
4 18 6
253 87 277 30 115 104
1 13 5
31 172 243 17 233
1 22 3
177 11 20
1 11 6
222 144 239 42 200 63
1 8 4
181 183 21 87
3 22 5
214 98 179 202 145
2 28 3
235 42 28
1 18 3
164 239 197
3 20 5
213 238 215 93 223
1 29 2
191 155
1 14 5
154 249 275 144 241
2 18 4
114 5 176 262
1 21 3
141 200 97
1 30 2
159 187
1 12 6
74 75 265 264 230 122
1 10 6
229 115 152 81 142 244
2 26 3
75 277 112
1 17 4
78 114 286 106
1 15 5
20 1 211 96 237
2 19 5
235 90 60 47 160
1 12 4
180 122 245 243
1 22 2
42 35
2 16 4
268 157 98 88
1 12 6
232 199 96 22 254 174
1 17 4
222 76 163 104
2 27 4
220 14 159 7
2 18 5
171 26 124 256 34
1 22 2
178 244
2 15 6
21 1 74 70 76 282
1 23 2
24 62
1 25 2
19 244
3 24 5
59 116 181 209 182
3 21 6
51 6 72 73 256 76
1 24 2
64 141
1 16 4
232 230 269 143
1 24 3
12 169 114
3 22 5
231 135 146 11 10
1 19 3
251 74 32
1 22 3
85 291 110
2 15 3
273 255 118
2 22 5
58 193 66 0 95
1 11 6
189 199 87 155 8 48
1 11 6
36 93 52 182 14 250
1 11 4
285 56 288 284
2 15 6
217 103 47 179 264 107
4 21 6
192 200 145 167 53 15
4 28 6
16 186 130 246 99 55
2 28 4
149 109 219 17
2 25 3
162 159 30
2 38 3
231 39 16
2 15 5
240 34 11 36 243
2 20 5
252 271 74 266 26
1 31 2
142 190
3 19 5
74 60 94 216 262
3 21 5
195 69 158 156 49
3 23 5
37 204 89 264 258
1 8 6
267 61 18 297 5 1
1 12 5
244 232 79 49 56
1 35 2
144 17
1 11 6
122 31 192 224 257 270
2 18 5
38 97 203 259 21
1 26 2
33 68
2 15 4
268 294 288 88
1 21 3
288 279 175
3 15 6
212 201 271 237 227 179
1 15 5
24 20 138 46 248
1 10 5
249 247 99 160 288
2 12 3
115 46 160
1 16 4
17 243 136 238
2 16 6
17 160 173 265 14 222
1 25 2
253 266
1 21 2
290 79
2 18 6
69 57 85 95 287 89
1 19 4
137 41 50 42
1 23 2
73 70
1 22 2
38 210
2 28 3
297 231 97
1 15 4
266 128 273 234
3 19 6
9 217 14 297 20 156
1 8 6
221 222 286 46 101 161
2 19 4
118 150 230 164
2 18 6
77 30 56 121 228 181
1 10 4
264 249 171 81
2 25 4
7 224 187 119
1 12 6
273 114 243 197 199 281
1 24 2
285 132
3 20 5
96 231 280 128 43
1 30 2
3 78
2 24 4
162 271 82 130
1 22 2
2 185
1 10 4
297 286 215 40
1 14 2
136 205
1 23 2
156 267
1 22 3
256 127 227
1 17 4
296 278 252 116
1 28 2
159 226
2 15 4
212 15 205 216
3 17 6
167 69 18 113 122 216
1 15 5
283 50 3 167 252
1 13 5
235 3 278 84 286
1 14 5
288 229 260 175 138
3 30 5
242 132 114 251 97
1 15 2
183 153
2 18 6
207 0 283 258 77 103
1 23 2
186 60
1 17 4
220 258 225 129
3 20 6
97 215 45 277 25 274
3 19 5
30 34 31 24 223
1 14 4
176 96 28 39
1 14 4
238 53 256 14
1 23 3
145 203 225
2 23 4
186 236 141 148
1 18 3
270 99 181
1 7 6
261 240 197 8 46 36
1 10 5
64 151 86 95 70
1 16 2
107 60
1 26 2
68 119
1 13 4
11 43 200 40
4 27 6
194 184 268 94 171 186
1 26 2
5 66
1 8 3
205 135 170
2 28 3
10 289 38
1 8 6
246 214 289 154 18 101
1 21 3
169 196 23
3 17 6
119 137 226 15 285 188
4 25 6
87 41 94 234 148 152
2 20 5
219 265 249 213 255
2 23 3
235 70 106
2 15 6
98 95 164 172 111 49
4 24 6
266 236 271 57 96 74
1 15 4
28 104 140 295
1 24 2
106 265
2 24 4
229 181 58 281
3 14 5
225 167 218 67 25
2 16 4
246 74 116 177
2 23 4
17 55 19 188
3 19 6
186 24 237 297 191 1
1 19 3
128 73 101
1 13 5
47 229 37 7 64
2 36 3
202 111 124
1 8 6
286 118 1 179 61 148
1 14 4
104 229 202 148
2 26 3
186 255 152
2 13 6
165 253 172 215 89 192
2 23 4
298 230 136 104
2 22 4
41 280 248 205
1 27 2
152 238
2 22 4
37 69 266 239
1 9 6
125 30 170 194 247 183
2 22 5
263 192 140 111 129
2 26 3
197 38 266
2 19 4
21 162 279 107
1 27 2
4 223
1 19 4
133 66 202 139
2 14 5
260 15 55 104 280
2 26 3
116 198 107
1 16 4
289 141 163 298
2 32 3
293 20 49
1 33 2
257 163
1 34 2
121 50
3 20 5
19 223 243 296 285
2 17 6
244 226 70 59 132 5
4 20 6
106 91 129 294 2 126
2 13 5
205 27 28 294 243
3 24 5
148 235 103 42 290
2 16 5
161 154 164 102 289
3 24 6
168 39 13 211 96 121
1 15 3
272 279 70
1 22 3
189 73 139
1 14 4
223 25 187 72
2 17 6
56 252 209 54 279 140
2 28 3
202 242 129
3 27 5
13 102 219 79 294
1 26 2
167 266
2 21 4
219 9 217 112
1 15 3
162 32 81
1 12 4
225 61 106 142
2 25 4
283 250 175 23
2 23 4
182 49 73 30
2 31 3
121 283 78
2 18 5
271 59 106 294 237
1 17 4
39 193 68 269
1 18 3
37 38 106
1 25 2
135 138
1 13 5
15 30 55 295 90
3 20 6
4 281 232 45 212 16
2 14 6
95 150 27 201 76 13
3 22 5
157 248 220 209 268
2 14 4
33 185 215 88
3 23 6
211 70 39 248 212 110
1 19 4
254 83 297 13
1 15 4
213 195 280 97
2 23 3
138 272 225
1 17 2
36 42
1 17 4
239 220 278 258
1 15 5
194 103 153 111 238
1 16 3
218 193 160
1 13 5
132 261 190 158 12
2 23 4
293 44 71 186
1 8 4
153 93 249 246
2 20 3
143 31 290
3 20 6
159 198 164 291 6 240
2 16 4
89 154 158 205
2 13 6
94 92 261 33 81 134
1 14 5
276 270 8 159 23
1 13 5
292 289 212 174 159
2 17 6
283 124 110 225 182 62
2 16 5
279 57 205 201 118
1 15 3
64 91 178
1 20 3
282 253 47
3 17 5
117 157 207 268 160
3 22 5
280 190 267 34 41
1 22 2
21 271
2 22 5
85 62 106 103 63
1 13 6
271 244 177 278 231 140
1 7 5
43 216 61 30 67
3 17 6
168 291 178 187 42 207
2 19 5
82 16 11 80 117
1 10 6
15 283 207 60 238 59
2 15 5
174 101 164 209 289
2 25 4
134 133 90 235
2 27 3
286 167 258
3 25 5
3 188 162 244 219
1 32 2
75 23
3 19 5
45 157 215 242 297
2 18 4
220 269 238 260
1 27 2
113 1
2 29 3
256 259 163
1 19 4
219 66 77 233
3 18 6
131 126 187 147 245 177
1 27 2
131 20
2 19 5
44 157 13 158 226
1 16 2
216 161
1 8 4
136 197 40 210
1 23 3
162 109 152
2 30 3
163 85 26
3 17 5
91 61 222 297 262
1 13 5
213 93 59 233 172
2 18 6
37 224 251 87 182 273
4 19 6
292 245 165 55 149 30
2 22 4
25 219 120 293
2 22 4
56 258 283 264
1 15 3
93 107 237
3 23 5
38 218 86 16 74
1 18 3
56 267 172
3 21 5
199 163 110 136 26
2 11 6
295 34 92 81 86 214
1 15 4
184 264 71 49
1 12 4
212 92 0 73
2 15 5
261 159 170 269 34
2 23 4
168 130 226 174
1 17 3
157 134 142
1 14 4
56 142 255 65
2 19 5
296 218 99 241 29
2 20 5
142 149 6 85 180
1 23 2
203 27
1 22 3
201 174 105
2 24 4
99 245 22 191
1 19 3
25 72 50
4 20 6
191 43 1 203 26 278
1 19 4
174 94 145 61
2 18 4
246 142 222 269
2 17 5
94 207 115 156 42
2 24 3
128 192 201
1 15 4
257 119 158 229
1 21 2
269 243
2 25 4
157 21 241 77
1 17 2
214 46
3 18 6
291 180 288 2 5 3
2 21 3
21 171 292
2 30 3
109 201 23
1 11 4
164 214 209 112
2 31 3
49 175 97
1 9 6
81 170 195 217 128 267
2 23 3
268 132 45
1 13 4
15 60 119 258
2 31 3
248 219 207
2 21 3
187 8 260
1 14 5
259 244 105 41 53
2 22 5
103 189 66 73 195
1 29 2
287 245
2 28 3
255 124 184
2 26 4
230 56 62 241
2 15 4
86 170 43 227
1 24 2
85 67
2 13 5
185 178 22 208 92
1 24 2
292 86
1 17 4
146 265 201 121
2 20 4
191 62 276 295
2 29 4
160 114 94 145
1 8 6
24 98 278 43 289 290
1 25 2
5 138
2 17 4
62 233 216 172
1 18 2
93 247
1 18 4
262 97 66 147
2 28 3
147 103 53
1 14 4
45 70 86 90
1 12 6
172 281 252 154 61 25
1 14 3
62 273 233
2 22 4
68 166 297 139
1 20 2
208 221
2 22 4
142 24 136 163
1 22 2
271 118
2 22 5
105 157 124 16 179
2 16 6
203 140 286 208 223 135
1 24 3
68 57 271
2 21 4
92 90 31 128
1 29 2
261 57
1 23 3
85 219 154
1 26 2
64 230
3 16 5
240 56 46 250 161
1 13 6
20 215 252 104 239 241
3 17 6
136 139 295 101 268 126
1 13 2
27 134
1 18 4
277 189 39 227
4 26 6
116 20 60 85 266 245
2 23 5
103 293 140 62 111
1 11 4
199 98 52 167
1 14 5
217 291 196 200 231
2 25 3
216 130 98
1 34 2
287 116
2 29 3
195 77 143
1 14 3
205 152 232
1 24 2
246 193
1 10 6
219 244 275 196 72 164
2 22 4
147 241 146 197
3 25 5
30 51 121 282 244
3 22 6
116 245 94 56 225 83
2 20 5
281 96 132 204 146
1 13 5
286 3 151 236 83
1 10 6
21 276 134 12 53 54
1 27 2
119 39
1 17 2
166 100
3 19 5
277 160 278 163 268
1 17 3
100 181 68
1 32 2
239 110
1 16 4
182 131 153 97
1 14 2
262 185
4 23 6
257 226 172 70 238 194
1 28 2
101 252
3 23 5
126 57 42 112 223
2 24 3
160 158 144
1 21 3
96 147 113
1 34 2
189 13
1 21 2
157 26
3 26 5
7 162 121 296 208
1 25 2
60 132
2 26 3
125 277 143
1 14 5
298 105 123 88 68
2 26 3
110 290 130
1 13 5
65 3 96 138 95
2 15 6
81 291 242 197 10 4
1 17 2
134 72
1 23 3
121 9 139
1 11 6
296 209 71 91 150 182
1 23 3
295 244 7
1 11 6
30 288 144 34 137 192
2 23 4
135 295 79 7
2 29 3
167 139 203
1 12 4
166 222 238 24
2 26 3
207 25 55
2 15 5
264 126 215 275 96
2 29 3
18 3 10
3 20 5
218 234 141 110 176
1 12 5
181 152 204 188 276
1 12 6
240 258 252 139 296 14
4 23 6
25 295 89 22 230 290
1 19 2
98 264
2 24 4
63 290 137 164
2 21 3
9 245 86
1 28 2
109 129
1 11 4
157 8 272 35
2 30 3
265 22 34
1 30 2
79 75
1 20 2
166 157
1 22 3
94 229 221
2 10 6
29 86 227 153 210 261
2 13 5
227 70 93 160 10
1 19 3
61 189 296
1 25 2
180 155
1 13 5
184 187 35 257 76
2 23 3
67 141 292
1 33 2
149 109
1 23 3
49 85 257
1 32 2
276 193
2 21 5
60 99 23 265 123
1 21 3
96 275 175
1 13 2
64 268
1 39 2
77 231
2 12 4
178 101 100 208
2 17 6
29 231 187 130 244 5
3 21 5
221 100 292 65 140
3 19 5
245 148 297 130 227
2 23 3
158 136 270
3 22 5
82 84 184 190 261
4 21 6
5 227 242 136 287 233
1 18 3
204 234 1
1 20 3
244 196 283
1 13 4
41 150 225 60
1 18 4
77 119 233 256
1 15 4
201 62 291 220
1 16 2
35 46
1 12 6
90 50 26 216 252 146
1 8 6
40 56 32 288 156 72
1 38 2
58 17
1 21 2
290 113
1 19 4
295 7 245 139
1 24 3
211 12 280
1 15 5
77 170 27 138 251
1 34 2
57 113
1 11 6
114 245 52 288 247 8
1 32 2
73 220
2 15 4
245 88 249 280
2 27 3
222 18 158
1 22 2
104 35
4 22 6
262 35 246 172 97 140
1 21 2
190 154
1 18 4
287 41 36 73
1 24 2
234 20
1 17 3
140 178 122
1 23 2
169 74
1 34 2
279 111
2 19 4
122 206 203 275
4 23 6
206 73 78 61 286 159
1 15 4
261 207 34 265
1 18 2
32 216
1 15 5
174 140 73 104 16
1 19 3
127 289 292
3 20 6
294 6 62 265 150 244
3 22 5
271 189 229 280 35
2 25 3
242 291 278
1 10 6
144 259 79 170 32 25
1 24 2
32 274
1 19 2
47 183
1 8 6
91 268 195 108 233 87
2 14 3
27 67 21
1 35 2
105 68
1 24 2
26 54
2 25 4
189 78 103 54
1 14 3
249 75 218
1 25 2
98 144
4 22 6
87 93 103 187 164 78
2 21 5
230 125 59 5 220
1 22 2
299 172
4 22 6
151 34 171 47 248 222
2 17 6
283 131 189 74 22 230
1 16 3
216 284 192
3 17 6
176 184 236 177 19 4
1 17 4
47 219 40 22
2 17 5
107 285 224 11 25
1 12 6
76 218 69 94 272 30
1 16 4
22 213 259 54
1 13 4
238 161 208 97
1 18 4
251 115 287 224
1 13 4
284 91 188 212
1 29 2
47 194
2 24 4
63 37 217 244
1 14 4
47 129 269 141
2 25 3
236 67 287
1 20 3
293 144 116
3 17 5
179 167 36 271 286
3 19 5
56 4 212 136 267
1 16 4
139 165 92 158
2 19 4
269 184 2 67
1 14 5
124 173 191 61 90
3 22 5
152 190 9 18 238
1 14 3
278 196 131
1 12 6
55 20 222 277 193 195
2 22 4
7 276 62 31
1 24 3
41 219 263
2 22 5
103 257 228 96 155
3 20 6
228 51 273 137 84 195
2 22 3
274 62 81
1 10 6
172 12 80 275 101 204
1 12 4
71 165 247 126
1 15 4
249 284 256 91
1 26 2
249 83
2 14 6
121 257 233 45 262 156
1 17 4
259 37 186 13
2 30 3
143 223 38
2 15 6
229 24 201 92 217 58
1 11 6
110 197 194 10 173 196
1 16 4
184 263 260 297
1 14 4
294 257 4 15
1 37 2
68 241
2 22 4
119 17 173 158
1 12 5
190 213 55 229 288
2 21 5
284 239 133 111 266
2 17 5
284 251 263 154 178
3 20 5
197 1 33 239 3
1 12 6
137 38 65 72 24 201
2 12 6
34 234 182 36 183 253
1 15 4
3 76 46 200
1 16 4
83 232 173 283
1 15 3
156 84 71
1 22 3
6 189 206
4 25 6
182 210 28 202 263 79
3 26 5
58 132 229 55 240
3 16 5
93 221 33 100 35
3 21 5
147 225 152 284 217
2 16 6
258 253 13 183 240 69
1 11 5
214 144 52 96 154
1 20 3
25 260 41
2 17 6
59 132 186 207 42 153
1 25 2
147 185
2 12 5
166 86 183 131 71
2 23 4
162 46 238 182
1 25 2
34 10
1 29 2
110 236
1 22 2
275 199
1 22 2
147 290
1 21 2
123 134
1 23 2
278 204
1 10 6
55 104 208 159 154 113
1 11 6
255 258 4 162 237 141
1 18 4
265 132 30 207
1 30 2
85 148
2 25 3
166 227 182
1 9 5
37 214 82 212 87
3 21 5
190 20 67 54 30
2 32 3
140 209 39
2 16 6
76 99 150 108 223 142
1 11 6
144 257 26 148 237 186
1 34 2
73 228
1 13 4
249 179 206 141
2 21 5
260 139 190 220 6
1 16 4
58 297 74 293
1 12 6
239 272 114 143 274 2
3 18 6
56 215 128 125 239 267
2 30 3
12 164 242
1 11 6
5 240 210 112 111 52
2 13 6
281 136 296 98 40 95
2 15 4
70 164 45 177
1 22 3
18 99 48
1 17 2
28 134
2 22 4
293 4 80 186
1 31 2
186 75
3 24 5
273 230 148 8 124
3 22 6
196 204 241 4 141 198
2 18 4
133 36 181 68
4 28 6
122 259 254 231 132 22
1 23 2
126 65
2 18 6
210 15 48 132 94 68
1 16 2
119 153
1 24 2
189 21
1 14 4
284 75 49 97
2 21 3
283 249 212
2 22 5
262 265 7 213 132
1 11 6
276 145 227 157 225 115
1 16 2
136 150
2 16 5
1 156 206 151 113
1 19 2
108 209
1 26 2
271 88
1 14 5
197 272 298 7 246
2 17 6
224 55 199 268 40 241
1 22 3
156 147 79
1 11 6
150 213 58 260 11 174
1 22 2
110 67
1 18 3
180 107 55
3 21 6
229 130 60 121 105 169
2 18 5
188 2 163 171 257
2 17 6
282 259 88 248 15 99
1 12 4
40 207 164 178
1 22 3
252 32 123
2 14 6
91 153 71 93 226 132
1 13 5
45 49 248 243 266
2 22 4
110 123 70 198
1 33 2
147 203
1 29 2
147 88
1 34 2
117 77
2 18 4
206 235 125 215
1 15 5
272 275 47 59 111
2 23 3
161 252 253
1 12 5
56 203 55 95 290
3 24 5
132 202 141 264 167
4 24 6
231 149 92 297 244 189
1 16 4
229 94 215 259
2 32 3
248 216 7
2 16 6
20 47 222 190 152 54
1 20 3
95 190 117
4 21 6
108 249 80 204 34 132
3 18 5
87 276 180 131 264
1 15 4
35 75 26 174
1 22 2
201 3
1 23 2
196 107
1 26 2
138 32
2 20 4
164 125 245 57
1 25 2
168 8
2 29 3
68 67 94
3 24 5
290 38 58 31 121
2 17 4
78 135 218 188
1 38 2
277 77
1 18 2
290 200
1 19 3
235 294 240
1 25 2
8 229
1 19 4
16 39 196 188
1 14 4
261 28 22 25
2 15 6
129 256 4 3 188 293
2 28 3
47 220 236
3 20 5
215 193 5 280 57
3 14 6
253 259 298 122 61 225
1 11 6
264 291 279 12 168 193
3 17 6
271 108 102 31 0 70
2 29 3
43 203 251
2 18 5
18 200 124 98 115
2 26 3
102 209 28
1 33 2
224 38
4 21 6
106 113 179 204 224 269
2 22 3
181 219 35
2 16 4
298 118 208 160
1 20 3
93 276 213
3 18 5
106 140 253 104 178
4 21 6
281 106 133 285 238 68
1 21 3
239 116 88
1 29 2
62 258
1 13 6
137 228 149 270 169 117
2 15 6
237 8 113 271 274 280
1 16 4
260 24 235 135
4 24 6
241 69 88 1 177 141
3 20 6
192 225 110 174 125 257
1 14 4
214 39 106 171
1 33 2
163 141
2 20 4
23 27 21 279
2 19 5
143 64 179 265 127
1 15 5
114 140 269 96 161
2 21 3
181 282 197
1 12 3
64 177 157
2 17 4
265 134 67 206
3 23 6
224 60 159 5 186 66
2 13 6
73 91 28 259 92 171
1 13 3
108 160 295
1 25 2
173 159
1 31 2
18 274
1 26 2
20 122
1 11 6
231 52 180 276 297 247
1 13 4
15 193 34 225
2 16 3
173 95 280
4 24 6
178 72 59 182 133 276
3 17 6
44 227 132 37 0 146
1 12 6
222 81 13 93 182 34
1 24 2
116 108
1 11 5
88 46 152 26 233
1 17 3
173 124 232
2 16 3
36 35 115
1 16 3
196 26 131
1 22 2
75 118
1 21 2
229 299
3 25 5
243 11 203 18 139
1 26 2
259 10
2 28 3
68 35 52
2 30 3
258 10 51
2 26 4
287 94 292 128
2 13 6
81 12 279 67 171 60
1 23 3
260 293 235
1 9 6
125 9 96 285 242 234
1 18 3
50 98 161
1 20 3
73 233 263
1 17 4
204 81 139 245
2 30 3
54 151 219
1 36 2
162 7
2 27 4
124 287 162 182
1 38 2
58 241
1 12 5
131 10 297 271 267
1 13 6
36 16 72 17 249 147
1 23 2
61 55
2 20 5
79 10 65 110 50
3 17 5
33 288 170 204 119
1 17 3
252 5 215
2 11 4
170 35 210 205
2 23 3
121 26 197
2 17 4
210 140 201 177
1 31 2
49 265
1 11 6
22 185 133 192 274 108
1 22 3
276 100 140
2 17 3
100 185 129
1 24 2
153 213
1 12 6
148 102 2 20 290 126
1 18 3
292 156 293
1 16 2
53 19
3 23 6
16 3 175 160 147 8
k 20
