300 1500 465
11 24 4 25 27 12 8 25 2 17 13 29 15 15 5 25 13 11 17 19 1 23 28 27 27 5 19 23 23 27 14 1 26 6 12 23 8 20 30 28 29 15 26 21 27 20 25 25 24 8 22 19 22 9 3 5 11 14 11 26 7 1 11 8 25 1 3 28 16 24 18 7 7 10 10 9 5 9 17 5 26 5 22 24 20 4 24 6 10 27 6 12 25 18 19 18 6 9 25 9 10 23 21 11 25 12 22 19 19 12 1 11 27 29 22 13 9 10 10 7 12 14 8 25 12 30 15 23 2 18 2 12 4 28 25 17 29 27 22 26 5 26 4 21 7 13 28 9 16 14 16 23 7 16 16 7 26 25 24 28 17 10 28 8 12 26 21 16 21 27 15 19 1 29 25 5 22 14 28 5 25 28 15 4 21 5 21 25 12 14 28 27 7 4 1 27 27 25 3 28 24 21 16 18 23 13 27 7 2 30 19 3 4 9 26 14 12 8 21 1 30 3 16 30 14 4 28 26 6 3 26 3 29 27 22 4 20 9 13 27 28 10 20 14 30 28 13 14 18 5 30 29 12 9 7 18 19 23 13 1 30 1 26 21 26 15 28 24 19 28 4 6 23 1 16 25 25 20 14 28 1 23 23 6 23 4 22 13 19 2 21 10 14 21 29 5 2 20 2 8
1 23 16 13 6 1 24 4 2 4 14 18 28 2 16 19 19 15 9 6 8 3 18 30 15 21 30 21 3 29 28 19 6 21 21 3 4 7 25 17 5 19 29 21 17 21 29 2 5 24 25 10 10 26 17 20 4 24 16 22 24 21 27 12 12 3 3 11 4 30 16 25 16 12 22 26 18 9 5 24 6 16 30 21 24 15 30 25 26 10 16 5 27 13 5 3 21 16 27 24 28 9 7 30 9 15 23 25 24 23 12 26 28 29 13 20 7 22 28 12 28 6 13 13 18 14 30 27 15 6 29 22 1 14 13 16 14 1 23 7 1 15 8 11 8 18 24 1 2 12 29 20 29 27 25 27 13 30 17 6 27 16 28 11 24 12 17 7 16 27 1 2 14 13 7 17 2 13 16 9 21 25 23 20 25 2 21 28 24 29 14 23 2 7 1 4 25 10 2 16 24 4 14 11 13 22 5 28 17 26 10 19 17 4 29 28 5 12 23 27 27 16 14 20 5 10 6 29 14 13 22 13 5 5 20 7 21 12 9 13 6 27 14 26 6 3 4 1 16 7 9 27 16 29 21 23 28 23 21 19 16 3 16 3 15 17 3 13 19 26 16 20 2 20 19 13 2 2 28 12 15 8 27 3 23 26 9 25 11 27 11 26 5 26 12 22 30 17 26 12
1 11 2
244 282
1 15 5
117 7 170 87 111
1 8 4
183 124 243 63
1 17 2
169 273
1 11 3
46 203 244
2 9 3
38 205 101
2 12 3
85 101 179
1 1 3
16 7 159
1 6 2
231 98
1 12 5
203 38 116 181 41
1 11 5
61 257 149 130 277
1 12 3
255 197 9
1 3 4
212 87 186 246
1 16 5
208 157 174 143 60
1 19 2
13 16
1 5 4
129 59 64 67
1 18 5
64 10 175 53 215
2 11 3
273 197 112
1 14 2
52 47
2 15 5
133 197 44 88 119
1 11 5
241 12 153 105 86
1 16 3
210 230 94
1 16 2
170 58
1 10 3
273 131 270
4 13 6
71 215 181 14 121 54
2 6 5
69 283 149 199 32
1 8 3
51 180 248
1 14 2
279 135
2 11 5
101 192 205 209 32
4 13 6
168 98 157 269 279 217
1 1 2
111 55
2 9 3
179 167 121
1 1 3
20 122 257
1 19 4
17 117 154 252
1 13 6
103 155 12 130 75 273
1 16 2
141 136
4 2 6
68 236 56 11 82 30
1 5 3
93 112 143
2 9 4
43 268 183 63
4 5 6
233 90 180 122 128 139
3 15 6
181 258 37 274 18 190
4 10 6
128 77 224 118 14 87
2 14 5
100 20 242 201 171
1 5 2
129 76
3 4 5
105 163 229 13 280
3 12 5
91 177 155 232 112
3 14 6
113 281 237 163 220 271
1 17 6
139 152 18 6 88 73
1 12 2
115 205
3 13 5
213 190 58 10 77
1 11 3
96 114 198
1 18 6
42 130 227 127 118 60
4 20 6
193 255 119 264 214 97
1 8 2
183 261
2 15 5
282 240 273 201 214
3 16 5
281 134 7 28 11
2 10 3
75 180 58
3 3 6
294 200 251 187 184 90
3 12 5
100 30 114 278 239
1 17 4
208 213 140 141
1 19 3
5 189 191
4 16 6
174 178 70 189 278 268
1 17 2
61 118
1 11 2
118 113
1 13 6
296 77 257 281 112 286
2 12 3
266 296 165
2 13 3
238 188 54
2 19 6
90 70 246 43 269 84
1 5 6
15 61 177 62 103 122
1 15 4
30 36 128 272
1 11 2
225 70
1 7 5
24 138 112 270 246
2 13 3
15 228 76
1 7 3
15 237 87
1 17 3
125 3 106
1 13 4
156 277 13 6
1 4 3
121 253 7
4 20 6
199 244 227 120 173 206
1 8 5
236 103 192 278 124
3 1 5
165 247 258 139 186
2 15 3
277 15 142
1 13 4
156 242 50 108
2 11 4
259 210 101 252
1 11 2
4 183
1 9 5
84 21 261 248 245
1 1 4
140 20 283 116
1 7 2
88 296
3 1 5
226 211 106 111 15
1 9 4
249 253 233 259
1 8 4
146 268 29 180
2 13 3
216 189 49
3 19 5
106 262 141 117 54
4 8 6
181 171 203 136 268 259
1 18 3
223 5 277
1 16 3
295 255 7
2 8 3
26 162 226
2 5 3
92 23 213
1 8 6
253 170 286 173 289 243
2 18 5
142 189 85 251 106
1 1 3
81 151 146
1 8 3
222 71 17
3 6 5
100 287 2 124 95
2 16 4
100 179 250 82
2 3 3
99 239 250
1 11 3
256 276 189
1 17 3
236 136 119
1 11 6
266 112 132 283 224 29
4 14 6
86 32 22 176 84 71
1 9 4
158 161 159 169
3 7 6
248 285 1 120 247 280
2 11 4
35 42 206 116
1 1 3
191 77 124
1 1 6
142 152 116 236 105 284
1 15 2
16 35
1 2 2
280 182
1 20 4
173 69 211 282
2 4 3
222 12 173
1 17 2
130 54
1 7 2
101 223
3 11 6
132 229 265 42 280 4
2 1 3
281 157 13
2 3 5
51 119 188 100 99
1 18 2
169 160
2 16 4
135 132 177 20
1 3 4
35 297 1 254
2 6 6
126 218 68 169 267 56
1 18 6
144 287 23 141 148 252
3 1 6
89 226 81 181 122 242
3 20 5
36 209 298 91 112
2 3 5
185 20 269 262 4
2 3 3
264 263 232
1 13 4
159 96 239 153
1 3 2
15 71
3 17 6
166 149 41 176 28 225
3 8 5
223 229 85 107 143
1 9 3
174 2 236
1 12 5
50 13 237 193 241
2 1 3
155 18 57
2 7 5
130 68 85 53 129
2 9 5
65 5 101 98 195
1 17 2
101 79
1 2 2
195 214
1 13 5
233 263 5 34 61
3 7 6
176 37 139 103 28 36
1 4 5
49 161 184 253 53
2 8 3
216 192 164
2 17 5
166 143 35 55 201
3 1 5
255 292 158 64 171
2 13 4
29 235 195 21
2 19 4
89 39 14 18
1 1 3
9 275 131
1 1 5
198 281 177 116 270
2 12 6
97 275 263 167 26 243
2 10 4
50 284 283 255
2 18 4
5 155 239 262
1 15 2
247 109
3 17 5
295 31 90 27 77
2 1 3
179 237 160
1 11 2
90 83
3 18 5
84 298 277 175 151
4 5 6
41 125 141 126 174 72
3 8 5
114 290 120 102 44
1 6 2
23 272
3 20 6
28 136 288 105 171 213
1 9 2
215 93
1 13 2
56 25
2 15 3
75 136 56
1 8 6
244 207 100 5 158 273
1 18 2
112 77
2 8 4
96 27 101 128
1 12 2
81 181
2 19 5
51 156 285 162 47
2 9 4
277 293 14 215
2 10 5
47 190 1 158 230
2 9 3
54 288 144
1 12 2
47 252
4 7 6
44 6 40 181 82 214
1 15 4
279 81 158 241
4 20 6
121 156 31 198 39 202
1 4 2
224 11
2 15 4
179 175 144 45
4 19 6
33 59 109 173 83 164
1 20 5
229 115 239 52 284
1 5 5
8 72 163 248 58
1 12 5
128 12 266 165 184
2 4 3
83 177 51
3 7 6
19 5 161 50 62 9
2 14 4
103 281 9 144
1 8 2
245 72
1 8 2
146 155
2 11 4
131 85 285 257
4 4 6
90 198 132 18 116 243
1 8 4
103 16 284 9
3 5 5
126 54 260 102 234
2 4 4
242 117 65 2
1 6 4
16 143 75 291
1 20 4
280 106 195 292
4 15 6
197 0 205 188 183 11
1 15 2
275 193
2 6 3
283 105 71
2 12 4
105 145 96 271
2 1 4
32 185 275 214
1 8 4
232 105 167 268
3 2 5
79 101 31 4 40
2 1 4
248 274 164 20
1 19 2
282 283
3 1 5
81 128 163 183 206
1 6 2
121 68
2 3 6
289 247 84 120 36 70
2 19 3
209 287 149
2 11 5
16 1 88 10 125
1 14 2
174 259
1 10 5
15 259 192 147 71
1 10 5
235 129 46 279 141
1 3 2
106 254
1 6 2
72 77
1 19 5
179 110 226 134 220
2 2 6
182 0 101 69 191 129
1 10 2
73 155
1 20 2
207 195
1 7 2
187 89
4 10 6
212 192 126 43 248 252
1 10 5
33 214 130 283 142
1 3 4
45 277 80 282
2 6 6
23 12 288 174 247 89
3 13 5
245 125 189 270 167
2 9 4
161 114 198 64
1 18 2
239 220
1 4 2
180 175
1 6 4
233 192 140 201
1 4 2
39 179
1 10 6
130 185 27 258 150 31
3 8 5
43 136 68 297 174
2 9 3
279 90 117
2 17 4
138 18 54 178
1 3 2
95 254
1 9 2
162 108
1 2 4
0 1 228 210
2 2 4
176 37 261 175
2 2 5
24 2 133 148 255
3 1 5
273 223 22 249 51
1 16 4
288 129 18 113
3 16 6
28 222 204 152 298 297
1 7 2
47 82
3 1 5
44 70 78 50 231
3 13 6
207 112 224 14 281 206
1 14 4
239 33 217 240
2 10 3
179 245 182
4 11 6
114 256 34 209 215 46
1 6 2
6 172
2 7 4
299 30 24 113
2 11 3
129 55 0
1 11 4
124 272 176 80
2 8 3
233 151 277
3 9 5
42 149 290 37 219
1 11 4
193 235 288 81
1 17 2
94 174
1 20 4
232 164 188 292
1 19 4
239 156 275 103
1 4 3
54 284 63
3 11 5
123 265 257 231 239
1 6 2
118 122
1 3 6
24 222 216 217 192 7
1 8 2
192 188
3 14 5
86 282 187 225 80
1 20 2
156 265
1 10 2
128 294
2 2 3
42 127 233
1 12 5
75 223 155 245 219
1 10 2
101 158
1 12 3
185 180 275
1 1 3
87 151 41
1 13 3
137 91 224
1 12 4
3 94 298 184
1 17 3
150 180 3
1 11 2
110 53
1 4 2
57 265
2 19 4
102 127 132 290
2 14 3
13 296 270
3 20 5
111 143 48 227 249
4 7 6
170 281 149 157 9 161
2 11 4
150 42 55 178
1 6 6
90 218 108 82 69 4
3 19 5
219 4 105 156 208
2 11 4
260 172 32 160
1 11 2
80 41
2 17 3
261 66 219
1 9 5
260 227 73 211 32
1 1 2
235 95
1 19 4
108 215 293 253
2 4 4
5 133 245 293
2 13 5
133 79 11 268 241
2 10 4
216 52 234 244
2 2 5
60 61 189 109 110
3 18 6
75 191 277 281 140 92
3 19 5
162 209 292 44 219
2 14 3
293 138 83
1 13 4
263 284 117 154
1 8 3
201 242 84
1 1 2
221 72
2 7 3
18 3 235
1 4 2
114 228
1 10 5
272 155 127 224 171
2 2 3
292 263 64
2 12 4
149 48 134 284
1 5 4
55 66 170 4
1 10 2
29 78
1 11 2
260 281
2 9 5
57 207 14 4 199
1 8 2
206 163
2 1 6
208 296 141 1 161 32
1 13 4
96 185 53 228
1 9 2
81 66
1 11 4
176 99 288 231
2 17 6
27 123 290 252 54 136
3 7 5
56 213 156 237 15
1 11 3
67 193 77
1 4 5
206 35 31 112 55
2 18 4
259 142 39 148
1 12 3
297 64 251
2 14 3
177 208 169
1 4 2
194 218
1 14 2
43 175
4 13 6
51 277 43 278 211 276
1 9 2
96 153
1 17 4
12 237 37 177
3 14 5
94 210 104 57 269
1 5 5
294 3 40 114 279
2 9 4
12 125 119 198
1 9 3
77 243 89
1 4 2
128 132
2 15 5
289 230 105 173 174
1 9 3
189 175 187
1 1 4
166 174 15 212
3 13 5
276 281 201 140 2
2 18 5
30 120 9 165 193
1 4 2
225 244
1 19 5
118 94 198 176 115
1 5 2
80 17
1 10 2
221 202
2 9 5
11 275 78 66 196
3 12 5
7 55 229 250 169
1 17 2
142 35
1 12 2
145 221
1 18 3
205 186 287
3 8 5
2 240 288 158 208
1 7 2
224 31
1 20 6
25 65 253 91 226 86
1 9 6
74 164 233 58 144 3
2 15 4
164 201 100 234
2 5 4
253 267 2 261
3 3 6
61 182 119 197 51 44
1 15 6
111 270 148 233 178 151
1 4 2
275 128
1 1 2
73 175
1 11 2
37 11
2 13 6
74 143 183 106 284 229
2 10 4
270 120 111 31
1 11 6
265 255 149 179 187 6
1 6 2
187 292
2 19 5
228 93 86 16 165
1 17 2
76 190
1 9 2
109 106
1 13 2
185 150
1 12 2
259 227
2 9 5
136 252 23 132 160
1 15 4
175 223 44 132
2 3 4
177 240 198 279
3 2 5
171 137 272 104 138
1 9 2
278 80
1 16 6
229 209 47 64 76 112
2 17 4
45 145 6 201
1 7 2
163 147
4 2 6
251 294 295 46 145 139
3 14 5
180 133 260 52 198
1 13 2
80 163
2 14 6
141 112 11 157 175 194
2 16 4
174 25 27 91
1 7 5
207 162 44 232 8
1 5 3
84 280 100
3 10 5
2 118 212 74 83
2 4 5
269 140 5 196 123
3 2 5
53 77 278 103 245
3 11 5
180 139 24 207 250
4 11 6
28 197 271 194 102 235
1 2 4
214 221 177 61
2 20 3
34 186 36
1 11 5
132 249 64 176 288
3 15 5
80 106 147 95 126
1 12 2
266 137
1 14 2
94 150
2 19 4
158 136 92 67
1 5 5
94 293 235 239 140
1 15 2
104 183
1 6 2
203 130
1 12 2
284 201
2 5 3
292 105 247
4 15 6
222 44 172 299 29 91
4 15 6
43 287 34 237 236 6
4 4 6
99 234 296 225 264 7
2 13 4
185 235 175 262
1 20 2
230 71
3 13 6
250 54 252 173 284 15
1 11 2
47 217
1 13 3
262 226 94
1 9 3
259 262 69
1 12 2
33 165
2 18 5
253 278 245 104 270
2 15 3
184 83 7
2 17 6
155 241 173 136 185 52
1 20 4
148 157 86 101
1 2 5
231 219 68 62 201
3 15 5
278 257 179 264 196
1 9 3
150 159 87
1 18 4
214 56 17 221
2 1 5
40 225 219 48 232
1 11 2
281 114
1 13 2
181 295
2 8 5
109 184 154 111 64
1 6 5
267 263 228 207 181
2 1 3
87 47 276
1 13 2
18 36
1 9 5
115 242 123 183 59
2 15 4
129 113 1 20
1 6 3
244 98 79
1 14 5
193 58 157 76 39
2 4 5
121 55 210 57 130
2 13 4
59 143 279 87
3 8 5
2 173 142 27 242
3 20 5
201 178 212 51 40
1 19 2
80 190
1 3 6
72 1 149 177 128 151
2 11 5
219 173 291 263 4
4 12 6
154 249 144 60 167 101
3 17 5
185 52 99 123 63
3 5 5
199 142 203 177 295
1 11 5
193 281 276 87 111
4 18 6
29 160 75 284 236 2
3 6 5
36 134 49 257 181
2 8 4
288 241 83 24
3 17 5
10 239 249 234 231
3 12 5
277 288 262 11 178
1 13 6
51 173 157 55 124 264
1 9 2
38 167
1 19 6
226 99 72 240 199 53
2 7 4
31 88 187 71
1 8 5
262 80 49 284 19
2 5 3
71 188 216
3 13 6
38 48 194 241 254 281
3 3 5
221 20 119 116 289
1 13 3
136 200 63
1 10 3
271 174 208
1 15 2
9 234
2 14 5
156 115 165 260 82
1 2 2
167 195
1 10 2
73 70
3 19 6
99 121 144 43 59 105
1 19 4
63 230 195 154
1 12 6
144 235 56 93 8 261
2 13 3
226 227 96
3 3 5
292 191 66 277 50
2 11 4
118 158 6 245
2 17 3
135 81 143
4 16 6
73 219 152 213 34 184
2 16 6
94 2 34 231 81 15
1 18 6
184 145 293 214 140 112
2 7 5
51 244 174 190 222
1 7 5
114 241 77 92 5
2 13 3
226 237 184
3 3 5
47 96 144 8 124
1 15 4
167 175 252 238
1 12 3
136 275 145
2 11 4
54 278 104 168
1 2 3
114 25 78
2 1 4
219 258 220 72
2 10 4
50 119 135 163
1 17 2
110 288
1 8 2
84 86
1 16 2
197 85
1 6 6
79 272 138 179 81 120
2 18 3
100 282 184
1 20 2
207 102
1 8 5
296 157 61 24 280
1 13 2
281 172
1 14 2
130 155
2 13 4
93 223 24 174
2 16 3
299 38 205
1 10 4
183 50 235 8
1 18 3
38 291 35
2 19 5
108 153 77 59 276
3 12 5
241 268 60 168 151
2 19 3
192 12 26
1 9 2
152 278
1 20 2
37 293
1 5 2
44 1
1 9 6
69 97 30 254 36 107
4 2 6
248 170 53 221 220 47
1 7 3
207 222 123
2 1 4
149 91 280 251
2 18 5
252 203 18 251 162
1 10 2
236 206
2 13 4
106 276 123 241
2 11 5
103 272 277 104 184
1 3 4
154 4 118 59
3 4 6
291 184 43 152 167 230
1 10 2
129 70
3 17 6
167 183 120 44 267 49
3 9 5
158 180 162 100 84
1 2 3
47 208 62
2 15 6
89 154 282 222 104 250
2 8 5
191 252 19 86 76
2 19 4
262 282 94 184
1 14 4
71 59 123 295
1 1 2
74 147
2 10 4
137 252 278 113
1 4 4
206 238 80 262
1 11 6
8 139 249 233 290 119
2 19 5
239 107 100 179 94
1 17 2
2 164
1 10 3
265 84 200
2 20 4
116 146 57 276
1 16 2
241 205
2 7 5
71 0 214 69 197
1 4 3
255 25 138
1 7 2
187 208
1 7 3
251 142 61
4 9 6
232 36 291 276 137 69
2 7 6
235 67 291 153 206 210
1 7 5
154 97 43 213 234
2 7 5
293 145 57 42 180
2 19 4
200 140 108 33
2 10 3
63 140 274
1 6 5
129 290 142 14 218
2 1 6
23 86 202 90 195 205
1 13 4
246 17 221 143
2 7 5
77 200 270 175 76
1 15 4
86 190 213 228
1 16 2
101 210
1 2 2
201 188
2 3 3
127 173 252
1 19 2
148 51
1 2 3
213 272 198
3 5 6
119 247 46 148 259 145
1 13 2
47 232
3 16 5
107 293 254 185 170
2 15 5
77 140 125 190 251
1 1 2
154 142
1 18 4
84 8 176 143
1 18 4
5 274 255 71
1 19 5
195 158 186 221 28
1 12 5
209 138 268 278 26
1 14 2
119 221
2 1 3
92 198 175
1 18 5
209 26 228 289 210
2 9 5
187 58 81 253 121
4 8 6
153 129 211 112 252 9
3 12 6
32 180 177 43 51 81
1 4 2
136 236
2 17 5
298 162 135 37 113
4 20 6
275 163 152 74 267 68
1 2 2
73 21
2 15 3
43 108 193
2 5 5
113 55 249 211 189
1 20 5
173 13 210 243 21
2 8 5
241 156 174 93 65
1 7 4
263 43 177 33
1 12 5
269 190 9 31 290
1 7 6
221 50 34 76 78 275
1 19 2
162 272
1 5 5
129 20 124 128 93
2 17 3
145 130 125
3 15 6
164 93 92 205 292 180
2 6 4
89 92 153 274
1 18 2
134 83
2 10 5
268 237 152 90 25
1 18 2
154 196
1 9 4
202 143 62 97
3 9 6
268 198 155 195 230 282
2 12 3
271 60 13
2 11 5
184 112 212 3 134
2 16 3
279 143 253
2 10 4
209 168 228 196
3 19 6
57 286 43 54 148 44
2 13 6
38 138 273 18 26 205
1 3 4
118 136 149 253
2 3 5
94 184 149 261 88
4 10 6
114 207 105 283 213 246
2 18 6
259 290 141 200 248 278
1 19 3
4 215 237
3 4 5
165 245 3 128 73
1 11 2
233 222
1 1 2
148 71
1 6 3
254 9 89
3 1 5
181 51 291 114 157
1 11 5
253 233 147 231 47
2 12 4
45 194 289 137
1 6 2
191 167
2 12 4
27 219 125 166
2 6 4
129 52 22 27
1 20 2
106 68
2 8 3
297 26 109
2 11 4
125 180 210 296
1 1 2
154 177
1 18 3
119 245 142
1 7 2
82 265
1 18 4
287 30 148 36
2 15 4
190 165 175 135
1 9 2
135 190
2 5 5
39 287 101 262 268
1 16 6
40 190 4 244 215 171
3 2 6
46 187 133 192 32 138
1 12 2
175 138
1 19 4
194 272 49 290
1 11 3
108 265 214
1 8 3
14 115 284
2 6 4
85 219 207 88
1 5 3
9 105 108
2 10 3
174 211 156
3 5 5
170 39 79 166 133
1 15 2
60 35
3 9 5
143 34 38 31 82
4 1 6
101 40 9 11 128 190
1 7 3
227 285 59
1 14 3
51 236 246
3 15 5
10 104 98 297 253
1 11 4
156 77 168 145
1 15 2
288 181
4 9 6
121 137 139 202 289 234
1 5 4
64 264 142 120
1 5 2
265 102
1 5 4
284 153 252 137
2 16 4
89 263 163 195
1 14 5
179 266 1 204 158
2 11 5
92 249 62 178 129
2 19 4
57 141 186 239
2 19 3
118 69 267
1 10 2
110 168
3 7 5
172 274 243 80 107
2 14 3
65 107 144
1 9 6
13 65 257 296 246 192
1 14 6
70 171 222 237 294 25
2 13 3
110 107 96
2 9 3
135 48 158
1 4 4
166 206 16 197
4 17 6
292 64 183 171 216 43
4 8 6
286 29 65 12 176 79
2 4 5
223 77 217 129 34
1 13 3
257 163 50
2 14 6
52 42 261 187 37 62
1 4 2
120 210
3 8 5
65 263 238 282 245
1 15 5
283 166 279 43 61
4 1 6
85 264 12 55 148 112
4 13 6
18 201 153 136 7 249
1 20 6
11 145 239 10 73 257
3 4 5
264 20 215 225 123
2 1 4
121 148 287 228
1 18 3
153 221 66
1 1 2
250 290
1 18 2
116 46
2 8 6
220 153 139 259 24 150
1 12 2
51 101
1 14 3
177 258 180
2 10 3
102 6 159
1 15 3
180 202 282
3 17 6
239 114 179 258 59 64
3 6 5
167 295 202 120 212
1 9 2
195 160
1 19 4
281 56 110 159
2 1 5
96 170 59 215 32
3 19 5
216 230 46 161 274
3 20 5
221 4 118 111 39
4 8 6
60 234 215 299 194 67
2 19 3
288 252 125
3 4 5
32 268 133 148 157
1 6 4
249 135 228 10
1 5 2
19 176
1 1 2
144 212
1 17 5
207 156 4 235 210
1 8 5
289 115 29 288 75
2 14 6
295 89 218 193 264 169
4 7 6
99 241 195 143 136 155
1 6 2
24 293
3 20 5
234 111 277 81 288
4 2 6
96 263 180 157 91 72
3 13 5
80 167 65 208 74
2 14 4
286 159 176 163
2 17 3
255 283 146
1 2 5
16 12 198 288 80
1 8 2
84 126
1 8 2
11 207
3 3 5
121 13 298 177 185
2 7 4
124 197 227 267
1 19 4
286 131 285 160
3 16 5
42 271 244 3 57
1 13 2
89 279
2 6 5
241 107 82 137 270
1 5 3
22 237 158
2 6 4
99 222 157 175
2 14 3
153 177 146
2 2 5
97 131 134 123 230
3 15 5
110 215 229 96 172
3 2 6
3 64 210 189 29 114
2 15 5
165 92 225 241 68
1 9 2
239 126
1 15 3
188 79 152
2 9 5
58 235 193 253 185
3 19 5
107 220 130 255 291
1 16 4
147 233 250 206
1 6 4
28 3 137 143
4 14 6
212 154 129 14 205 90
1 11 2
269 66
1 20 4
209 162 176 272
2 19 3
36 171 160
2 11 3
67 213 283
2 1 3
76 190 193
3 3 5
283 119 215 193 12
2 5 5
281 152 13 185 139
1 11 2
171 265
3 1 6
186 137 175 136 260 234
4 9 6
242 120 13 237 205 184
1 16 4
72 7 78 284
2 12 4
98 245 47 53
1 20 3
83 252 80
3 16 5
212 117 123 133 199
1 20 3
152 293 296
2 4 3
281 199 143
1 12 2
52 193
2 15 3
208 260 55
4 13 6
30 110 173 170 279 205
1 9 4
166 188 34 6
1 6 4
54 205 75 70
2 18 3
106 186 221
1 1 5
207 193 100 192 257
1 20 4
259 116 297 147
1 20 3
257 159 231
1 19 6
1 86 149 201 172 229
2 14 3
105 153 55
1 18 4
245 178 187 110
4 8 6
135 10 224 232 203 211
2 6 5
61 289 202 42 186
2 10 5
130 28 132 288 233
1 17 2
128 116
3 5 5
282 292 260 103 119
1 19 3
120 197 149
2 18 3
271 268 183
3 12 6
97 89 297 41 115 284
1 20 2
165 227
1 12 2
25 145
3 15 6
57 257 156 155 139 163
2 19 4
283 16 146 120
2 1 5
192 72 98 268 63
2 14 5
265 197 254 135 194
1 12 2
234 1
1 3 2
228 269
4 2 6
38 183 158 205 125 110
1 14 4
269 88 271 257
2 8 4
281 219 197 189
1 3 2
218 289
2 9 3
56 260 265
1 19 6
48 236 91 75 34 156
2 15 4
84 250 114 199
1 15 2
263 32
3 19 5
158 183 27 114 11
2 10 3
180 252 45
2 9 5
57 173 35 289 102
1 16 5
109 91 63 90 187
1 1 2
13 141
2 19 4
112 199 93 190
2 19 3
103 80 78
1 18 4
92 154 277 237
1 18 2
48 166
1 1 2
149 299
1 3 6
115 100 76 235 179 31
1 17 3
26 222 83
1 14 2
162 299
2 10 5
50 211 165 237 292
1 2 4
81 191 32 212
2 16 4
79 188 219 89
1 15 2
239 182
1 4 4
56 140 91 14
2 7 3
69 79 44
2 14 4
4 67 86 294
4 1 6
105 175 75 187 124 235
3 14 6
69 17 192 78 20 80
3 20 5
107 261 232 277 143
1 10 3
174 76 127
4 8 6
188 1 259 297 33 181
1 13 4
293 164 45 105
1 7 2
70 57
1 6 5
42 88 86 130 80
2 14 4
257 43 52 80
2 12 3
204 9 65
1 17 3
35 248 200
1 2 2
126 280
3 19 6
210 36 275 58 225 204
1 10 2
135 36
2 15 6
65 148 17 31 269 85
2 2 4
119 169 179 3
2 9 5
268 87 273 136 224
2 20 5
252 125 129 200 118
1 1 5
92 26 208 10 25
2 17 5
154 177 68 274 166
2 8 4
31 226 71 91
4 6 6
136 281 141 61 114 285
3 7 6
162 233 133 262 107 275
1 20 3
127 113 176
2 17 4
151 182 265 216
1 4 2
253 132
1 19 2
93 88
1 3 2
163 94
1 13 2
35 45
2 11 5
17 164 280 90 200
3 20 5
290 263 3 92 10
1 6 4
39 204 243 208
2 20 6
55 299 236 93 69 106
2 3 5
216 218 162 272 286
3 12 5
139 271 284 279 23
1 4 2
252 2
1 12 2
249 170
3 5 5
115 268 9 212 122
1 20 5
51 137 279 294 245
2 2 3
164 203 89
2 8 4
57 293 198 190
2 15 5
203 25 126 29 293
1 5 4
158 172 150 26
1 18 5
105 270 182 91 14
2 2 3
23 243 280
1 20 3
280 57 146
2 14 4
258 28 108 59
2 17 4
254 173 106 297
2 10 4
247 43 13 26
2 17 4
103 156 79 41
3 14 5
132 92 158 162 260
2 18 5
88 18 9 236 222
3 17 6
40 116 201 92 236 141
2 10 5
98 159 182 93 176
2 7 5
39 52 88 34 71
1 3 6
189 31 39 201 273 38
2 18 4
121 81 197 184
1 5 3
122 105 39
3 4 5
265 282 295 248 299
3 18 5
58 126 57 227 179
3 4 6
240 201 173 99 50 275
2 5 4
73 33 123 260
1 17 6
76 101 299 198 225 59
1 13 2
122 181
2 17 3
290 262 83
1 5 2
41 158
2 11 4
284 129 97 23
1 12 2
27 233
1 5 4
22 174 279 9
2 20 5
74 30 229 131 291
1 16 3
250 32 102
2 10 4
84 44 135 146
1 12 3
269 75 18
4 14 6
71 245 276 66 23 238
1 10 5
132 48 186 15 169
1 15 4
233 164 205 260
1 18 5
74 297 60 244 216
1 8 6
221 0 168 177 207 145
2 2 4
266 101 29 91
1 16 5
81 249 212 191 265
1 15 6
146 161 232 199 138 17
3 12 6
287 299 66 7 149 70
1 1 3
266 283 256
1 15 3
118 52 153
1 20 4
52 7 283 162
1 2 5
129 139 13 295 18
1 13 3
265 287 242
3 11 6
198 43 204 176 208 12
2 5 3
125 112 254
1 2 2
93 265
1 5 3
95 15 143
1 6 6
132 281 141 122 113 127
2 13 4
90 67 126 56
2 20 3
251 135 18
2 20 3
280 87 42
1 19 5
106 117 58 187 61
1 16 2
105 159
3 12 5
30 1 53 37 62
1 5 3
290 141 97
1 15 2
139 35
2 8 4
0 275 66 30
1 12 3
137 163 236
3 4 5
26 72 47 264 113
2 19 4
295 291 171 188
1 5 3
276 224 21
1 2 2
52 283
2 17 3
255 70 80
2 5 6
129 78 175 281 110 114
1 19 2
233 255
1 10 2
90 147
2 10 6
247 30 198 49 289 183
1 7 6
258 260 25 212 201 7
1 7 3
175 148 131
1 9 6
244 43 123 42 197 150
1 4 3
180 135 88
2 15 3
221 152 220
3 2 5
26 120 291 295 127
1 2 4
254 91 126 136
2 13 4
17 290 254 37
1 2 2
11 2
3 20 6
144 23 50 60 75 121
3 8 6
101 187 107 58 262 143
1 8 2
67 208
1 3 2
210 215
4 16 6
155 237 49 73 240 9
1 1 2
138 248
2 7 5
121 132 59 44 47
3 3 5
2 108 202 22 11
2 9 4
215 17 234 121
1 12 3
144 142 231
4 14 6
59 37 286 207 175 104
1 14 5
210 20 224 276 23
2 16 3
103 117 210
1 16 2
279 234
3 11 5
235 91 199 244 188
1 16 3
176 190 237
2 19 4
255 232 139 160
2 2 4
288 120 55 243
1 4 2
14 159
3 20 6
106 89 49 258 2 62
3 15 5
246 188 162 125 152
1 13 2
256 174
1 5 3
285 55 155
4 18 6
99 76 275 208 251 156
1 8 4
299 16 86 147
2 17 5
127 72 87 176 27
2 8 3
105 36 239
1 20 2
254 71
1 8 2
129 28
1 9 3
46 175 229
1 1 3
93 10 40
1 18 2
196 282
1 3 4
11 256 275 147
1 11 3
203 193 128
2 8 4
148 176 113 268
2 13 6
99 273 52 71 270 156
1 15 3
48 243 101
1 15 2
261 176
2 13 4
74 292 134 275
1 8 3
48 33 19
1 6 2
210 82
4 18 6
4 185 9 85 108 54
1 8 3
215 99 176
1 20 2
248 1
1 6 3
163 3 262
2 11 5
298 208 29 58 229
1 7 3
113 114 216
1 2 4
214 296 118 246
1 14 6
88 104 12 47 113 290
1 1 4
285 179 34 289
2 2 4
30 142 296 256
1 20 2
15 253
2 14 4
226 122 100 194
1 1 4
31 28 82 123
1 20 4
105 27 84 77
2 5 4
262 247 78 118
2 15 3
10 152 198
1 5 2
258 115
1 3 2
122 45
1 1 4
8 177 220 191
1 4 5
173 262 29 193 161
2 2 5
155 106 41 247 184
1 3 3
55 159 154
2 7 3
53 268 73
2 14 3
234 1 296
1 17 4
277 120 186 274
1 13 2
142 133
1 15 2
115 155
1 9 2
145 254
2 20 3
150 108 62
1 4 3
275 161 156
1 13 4
110 15 245 125
1 13 2
193 166
1 13 2
142 252
3 8 5
3 201 194 141 17
1 17 4
98 116 186 76
3 17 5
120 14 32 196 76
2 17 3
27 176 46
3 14 6
46 191 145 289 6 100
1 3 4
51 294 178 99
1 4 3
275 48 269
3 14 5
54 29 27 10 86
2 14 3
230 72 229
1 6 3
104 265 110
2 16 4
271 130 241 247
1 18 4
91 173 70 238
1 8 4
145 89 106 119
1 20 2
149 224
1 13 4
89 28 208 132
2 11 3
78 76 43
1 13 2
6 252
1 5 4
36 111 248 274
1 4 3
205 36 122
1 2 2
33 21
1 13 5
143 113 215 91 259
2 11 4
214 86 95 207
2 10 6
75 188 48 119 60 51
1 20 2
276 191
1 5 2
160 161
1 18 3
127 179 105
1 5 3
230 39 199
3 7 5
132 295 41 136 209
1 19 2
228 285
2 1 6
245 178 143 85 11 165
2 12 4
99 299 24 240
2 15 4
270 15 236 111
2 4 5
12 204 185 290 146
2 13 6
86 210 88 61 202 246
1 6 2
215 158
2 6 3
123 16 20
3 1 6
45 109 105 24 195 238
1 19 4
154 23 81 227
1 16 2
274 253
1 18 6
280 12 79 32 188 39
4 13 6
242 112 216 278 46 68
1 12 5
14 158 9 84 119
1 7 5
219 60 174 40 19
1 17 3
5 130 68
2 8 4
283 227 255 257
1 9 2
199 128
1 10 4
93 230 214 85
1 12 3
182 173 195
1 5 2
290 36
2 11 6
246 56 175 133 211 243
1 8 3
149 247 168
1 15 2
12 271
2 5 3
138 76 158
1 2 2
108 213
2 1 3
162 264 70
1 12 6
72 11 36 107 54 233
1 10 2
210 15
1 5 2
53 279
2 17 5
57 25 202 147 250
2 1 4
18 127 52 35
1 17 2
291 116
2 19 6
41 24 70 102 256 290
1 11 5
68 263 138 229 22
2 3 3
216 22 185
1 11 6
16 214 251 58 289 17
1 12 2
198 218
1 2 2
38 288
2 7 3
47 184 23
1 20 2
101 171
1 5 6
191 94 222 44 20 93
2 10 4
203 70 212 244
1 15 5
208 43 3 36 41
1 16 4
201 62 15 241
2 13 4
43 14 142 210
2 19 4
144 208 172 143
1 16 2
143 17
1 5 3
54 238 97
2 6 3
60 97 76
1 16 3
267 287 33
1 15 3
148 219 101
1 9 5
230 15 142 163 217
1 8 5
140 21 117 229 245
1 20 3
9 116 13
1 13 2
227 11
2 11 6
106 108 148 11 155 102
3 1 5
265 173 254 6 45
2 12 5
226 90 238 294 24
2 7 4
252 196 184 260
1 19 5
217 86 137 114 291
1 4 3
45 252 243
2 15 3
229 71 221
1 7 6
156 23 147 85 1 123
1 7 2
125 273
4 16 6
115 99 240 127 222 31
2 13 3
117 133 84
2 10 3
10 124 277
1 17 4
217 117 250 35
2 20 5
295 209 202 159 157
2 8 3
275 226 244
1 19 4
231 188 253 238
1 12 2
34 190
2 15 5
159 109 78 79 256
3 10 5
37 205 96 51 21
1 14 5
218 132 51 256 0
1 8 4
52 14 294 33
2 7 4
178 265 98 67
1 17 2
157 38
1 14 6
135 131 188 177 83 273
2 3 3
68 161 77
2 18 5
89 5 43 90 6
2 2 6
278 162 37 64 235 136
2 4 4
194 185 42 163
1 13 5
83 56 47 67 117
1 18 2
277 193
4 5 6
35 145 192 88 30 78
2 5 3
205 69 68
1 12 2
279 12
1 17 3
59 269 190
1 15 6
131 266 260 248 225 90
1 20 2
136 89
1 20 5
26 13 204 250 24
1 12 6
71 49 77 93 86 97
1 11 6
80 150 280 126 54 233
4 13 6
216 138 263 44 65 293
1 13 4
118 111 222 155
1 16 2
156 218
1 5 4
150 128 46 138
2 4 3
41 199 44
1 12 5
250 274 242 139 165
2 16 5
26 189 229 121 123
3 18 5
149 89 167 170 175
1 3 4
258 263 227 168
1 10 5
296 229 224 14 120
2 11 3
91 276 264
1 17 2
215 49
1 12 4
93 45 11 48
1 4 5
295 78 139 263 73
3 5 6
27 67 33 140 47 233
3 17 5
279 52 248 78 97
1 6 2
224 200
2 8 5
216 202 235 196 27
3 10 6
119 44 101 186 74 83
4 12 6
150 97 33 114 211 293
2 8 5
103 119 282 14 171
1 18 4
109 128 122 97
1 14 3
246 105 187
1 1 2
244 53
1 12 4
234 197 20 214
3 19 6
246 210 47 5 233 237
1 19 5
45 173 236 89 110
2 1 3
164 265 161
2 4 4
271 37 101 169
3 11 6
12 293 13 35 27 250
1 6 3
22 177 167
2 17 5
122 171 239 178 55
1 8 2
5 143
1 20 2
275 143
1 17 4
109 211 2 249
2 4 6
179 180 242 184 21 40
1 1 5
214 98 31 15 6
1 19 3
261 48 243
2 8 3
149 237 66
1 18 4
72 163 176 26
4 11 6
278 270 3 85 200 210
2 2 5
124 81 11 89 265
2 2 3
240 183 269
1 17 2
144 67
2 19 3
79 183 190
1 11 4
96 138 240 43
1 13 2
159 187
1 3 2
194 151
4 1 6
5 46 23 16 129 286
2 1 3
128 191 263
1 1 3
61 57 200
1 17 2
207 178
1 8 4
187 126 82 189
1 9 6
76 192 101 137 109 87
2 14 5
43 139 276 94 144
2 15 4
37 182 189 265
1 17 4
120 279 92 299
1 16 3
60 29 209
1 1 5
219 279 217 258 19
1 7 2
109 113
1 7 2
294 233
2 19 4
225 118 223 238
2 6 3
209 230 97
1 19 3
78 197 131
3 4 5
178 285 124 247 186
1 7 2
11 150
2 10 3
120 287 74
1 2 4
120 223 283 253
2 6 3
58 33 299
1 17 4
223 237 126 265
2 6 4
231 236 269 154
1 5 3
38 45 69
1 5 4
121 16 234 82
1 14 2
291 225
4 8 6
136 200 251 62 212 37
1 17 5
237 44 259 246 47
3 13 5
182 108 63 178 216
3 6 5
269 204 65 275 146
1 15 2
295 7
2 10 3
98 22 278
1 10 5
4 27 184 267 207
3 6 5
67 88 145 11 178
1 20 2
58 282
1 10 4
123 44 75 166
1 6 3
3 126 7
4 6 6
195 148 162 226 288 209
3 14 6
214 113 4 134 208 147
1 13 4
290 86 149 270
2 3 5
93 285 137 106 261
2 6 6
299 138 217 215 193 260
1 16 2
37 40
1 12 4
168 54 123 36
3 13 5
157 254 181 198 57
1 19 4
51 24 159 41
2 15 4
10 188 61 101
1 19 2
119 90
2 4 3
146 116 299
1 14 4
101 91 150 250
1 5 4
42 51 161 248
1 14 2
286 251
2 9 5
265 94 197 115 25
1 8 2
200 93
1 2 6
155 11 261 197 156 164
4 16 6
193 46 294 233 1 288
1 10 2
55 156
2 10 6
149 158 155 138 52 54
2 11 5
27 261 106 201 143
2 14 3
74 121 276
1 18 6
161 103 226 72 189 60
1 20 2
236 289
3 1 5
105 172 40 206 274
1 13 4
179 132 180 230
1 8 2
13 269
1 13 2
60 35
2 16 3
199 296 231
4 5 6
225 56 130 19 243 73
1 1 5
128 249 146 175 189
1 15 6
177 62 124 225 212 169
3 3 5
176 231 268 163 2
1 10 2
181 209
1 1 2
220 129
3 4 5
41 215 44 96 272
1 4 2
168 262
1 7 5
56 216 156 274 256
2 1 4
283 136 200 249
2 7 3
148 120 77
2 14 3
157 201 184
1 1 4
52 117 32 119
1 16 2
262 293
2 13 3
21 63 271
2 7 4
64 77 206 57
3 18 5
79 265 13 5 32
2 14 4
169 17 267 190
2 3 4
249 138 96 61
2 6 5
278 262 275 154 287
2 17 6
62 272 3 63 224 138
1 10 2
35 46
1 5 3
81 157 14
2 17 5
150 6 29 97 193
3 2 6
246 20 297 9 160 299
2 4 3
55 93 51
1 7 4
184 153 87 97
1 1 2
126 107
2 9 3
271 276 24
2 13 4
94 103 140 170
1 13 4
176 101 175 284
2 17 3
39 120 170
2 5 5
123 1 251 255 241
1 16 2
229 173
3 6 5
173 8 232 86 128
2 17 6
210 280 113 202 94 10
2 16 3
21 268 100
1 16 4
97 128 85 237
4 9 6
41 56 297 30 131 295
2 4 5
78 7 230 241 94
1 4 2
156 235
1 18 2
299 94
2 8 5
151 19 220 189 17
1 20 3
151 143 58
1 8 2
66 153
1 1 2
186 95
1 18 6
152 176 52 264 294 96
1 16 4
114 67 216 86
2 9 4
56 126 299 247
2 13 5
5 187 11 267 254
2 19 5
111 188 292 157 218
1 12 3
100 48 38
1 3 2
179 210
2 1 3
24 198 147
1 15 5
13 99 221 234 191
1 10 3
119 51 80
2 18 4
140 134 253 106
1 15 4
140 152 234 221
3 5 6
119 199 151 287 126 254
1 3 2
251 272
1 15 2
180 283
1 8 2
267 12
4 13 6
3 126 172 180 36 265
1 4 2
237 113
1 6 6
295 48 74 103 166 129
4 16 6
65 171 286 220 180 152
2 20 6
110 256 142 172 183 202
1 20 2
199 296
1 8 2
195 108
1 2 4
27 3 238 145
2 12 3
25 28 196
1 2 6
84 16 72 36 172 82
1 9 2
200 214
1 19 2
193 111
1 7 2
227 241
1 17 5
29 194 120 251 261
4 5 6
162 104 29 9 206 142
1 18 4
69 2 56 191
1 19 6
220 191 279 6 222 283
1 1 3
240 271 66
2 1 3
176 56 266
1 19 2
165 63
1 1 2
40 132
1 15 4
150 126 52 4
3 6 5
111 14 292 43 225
1 12 5
68 151 212 50 203
2 17 4
67 155 23 42
1 7 2
134 101
1 12 6
245 45 115 50 62 10
2 19 3
168 144 263
3 9 5
21 15 190 52 231
1 19 3
280 192 15
2 19 3
169 38 69
1 13 6
218 196 41 46 230 107
2 15 4
134 118 228 144
1 20 4
7 267 97 28
1 10 2
24 246
1 7 2
84 168
1 2 4
169 297 98 268
1 15 6
217 124 223 119 76 20
1 11 4
234 38 117 192
2 10 5
71 30 65 21 111
1 12 3
296 217 274
1 5 2
86 107
3 10 6
236 106 8 123 261 65
3 6 6
66 52 172 161 96 236
1 3 3
220 195 8
1 16 2
38 253
1 7 2
104 258
2 15 3
46 19 206
2 17 4
149 239 64 248
2 18 4
189 290 249 45
1 7 4
283 109 106 245
2 19 4
186 34 178 207
1 19 3
36 195 247
1 15 5
228 76 123 180 121
1 6 2
188 249
1 18 5
273 52 37 223 59
1 15 4
150 299 185 250
2 8 4
111 171 96 131
1 16 3
242 254 226
2 20 5
279 99 62 24 158
2 3 4
5 245 289 52
4 4 6
150 166 204 59 155 31
3 8 5
69 236 114 139 87
2 1 6
282 197 272 40 45 39
1 10 2
39 56
3 7 5
46 235 278 184 227
2 12 3
189 288 244
2 14 4
142 44 233 9
2 12 4
19 236 100 205
1 4 2
38 247
1 19 6
175 96 185 209 104 223
1 4 2
151 225
2 9 6
33 207 123 151 31 258
1 12 2
130 141
2 9 5
225 39 106 97 98
1 3 3
223 103 12
1 8 4
175 209 174 53
2 5 3
200 229 104
1 3 3
226 6 138
2 4 3
264 163 208
2 10 6
235 217 23 254 136 24
3 18 5
135 203 243 245 83
1 12 3
55 6 109
3 11 5
251 247 41 119 197
1 13 4
160 277 266 169
1 5 2
163 236
1 10 2
66 299
2 9 5
137 235 181 84 225
2 5 3
10 162 258
2 16 6
87 91 289 14 206 116
1 4 3
282 186 87
4 3 6
26 40 115 22 192 217
1 2 2
221 268
1 13 3
180 99 243
4 16 6
241 281 150 46 176 161
2 2 4
216 132 257 268
2 15 5
124 226 47 290 170
1 4 2
168 59
2 10 6
180 174 293 177 254 164
2 5 4
161 159 76 20
1 6 4
220 132 85 115
1 20 4
71 249 266 237
3 19 5
298 216 64 66 89
1 12 3
181 20 192
1 20 2
299 182
2 4 4
0 158 8 192
1 17 2
159 93
2 5 4
104 162 86 241
1 8 4
206 224 256 86
2 19 3
20 289 81
1 2 4
253 230 289 51
3 18 6
48 121 249 146 227 223
2 6 5
93 245 104 101 276
1 2 2
243 30
3 4 6
71 196 284 296 168 14
1 5 4
204 173 104 16
1 10 2
138 209
1 18 3
114 267 143
2 2 5
95 136 81 211 31
1 3 2
257 193
2 11 4
295 249 55 241
4 10 6
269 130 160 93 19 142
3 3 6
272 65 262 44 136 158
1 16 3
77 275 181
1 12 5
141 215 251 41 194
1 20 5
141 22 249 125 151
2 20 5
241 76 117 124 236
1 9 4
147 92 153 28
3 9 5
55 93 276 59 201
1 12 2
128 92
4 15 6
78 91 296 168 138 183
1 2 6
162 0 114 125 18 155
3 17 5
291 226 44 214 19
1 8 3
144 113 106
3 20 5
208 217 34 2 39
2 16 3
38 80 49
2 19 3
148 204 46
3 16 5
13 178 160 143 145
4 10 6
214 60 16 63 281 200
1 13 2
209 7
4 6 6
286 17 167 68 173 263
1 9 5
291 114 14 109 183
2 14 4
61 222 276 121
2 10 3
22 185 258
3 20 5
98 125 184 266 150
2 11 6
159 111 38 233 109 149
2 4 3
46 138 185
2 10 5
137 3 189 225 281
2 5 6
265 23 261 59 202 277
2 13 5
213 251 235 107 5
1 9 2
200 85
1 4 6
259 287 160 45 243 73
2 19 3
10 235 253
1 6 2
157 8
1 17 2
245 88
1 19 2
183 5
2 8 6
197 254 62 59 215 46
1 11 3
234 149 47
2 11 4
146 10 247 89
1 5 2
286 93
1 1 3
270 225 152
1 13 4
176 18 31 59
2 13 3
171 199 54
1 13 2
226 280
1 5 4
257 59 279 9
3 5 6
260 185 19 129 73 163
1 3 5
154 161 64 199 253
1 9 2
198 204
2 12 3
113 209 284
1 6 2
110 70
1 20 2
151 201
1 5 2
284 257
2 10 3
124 235 211
1 17 6
251 245 228 213 112 56
1 2 6
153 209 248 184 9 80
1 10 2
65 201
2 3 4
262 91 98 281
2 3 4
178 245 205 20
1 6 5
176 107 217 281 275
2 15 4
150 5 117 45
2 12 4
294 243 221 156
1 9 2
213 197
1 1 5
45 288 127 227 31
4 17 6
297 80 17 115 73 45
2 2 4
86 147 278 217
1 2 2
227 139
2 19 4
148 59 50 135
3 5 5
250 140 9 128 108
1 11 2
119 72
2 2 4
63 135 113 114
2 14 4
274 259 37 16
1 5 4
267 232 25 122
1 13 4
223 183 194 124
1 17 4
172 20 292 44
1 7 2
30 135
3 11 6
60 226 229 32 206 225
1 7 2
157 56
1 11 2
90 79
3 6 6
117 144 286 279 19 187
1 2 3
261 285 23
3 17 6
17 38 198 207 274 177
2 9 3
158 156 170
3 13 6
80 87 190 267 58 253
2 4 6
287 239 108 82 109 141
2 8 4
222 162 146 99
1 9 2
298 23
1 18 2
162 277
3 8 6
113 191 2 155 58 6
2 11 3
34 23 149
1 11 6
224 1 137 18 98 159
3 17 5
158 78 88 285 73
2 11 3
295 38 115
2 18 5
78 165 23 287 250
2 15 6
41 170 257 37 245 256
3 1 6
86 149 137 105 25 96
3 11 6
155 25 166 72 39 53
2 16 4
244 271 125 208
1 16 3
263 106 179
3 11 6
229 98 41 299 137 244
2 16 4
285 179 123 252
1 12 2
166 233
3 10 5
226 132 212 29 84
4 19 6
102 162 243 263 273 252
k 20
