300 1500 465
11 35 34 31 27 21 39 29 15 16 26 35 16 20 40 32 39 30 23 33 14 26 40 36 18 18 17 21 18 28 29 12 36 25 20 19 31 34 34 34 27 15 25 39 21 13 24 27 32 35 23 28 38 24 15 30 29 33 18 37 26 16 38 33 18 39 25 31 27 23 22 20 16 11 34 39 12 33 16 12 18 13 37 30 38 35 25 39 20 22 16 35 35 14 30 11 21 23 24 25 18 20 37 24 29 19 23 23 30 28 13 29 37 13 39 13 16 28 26 23 11 12 33 14 31 23 16 29 30 37 22 11 22 32 23 35 16 36 33 26 23 14 36 30 13 16 32 35 38 14 23 18 38 19 11 25 34 11 38 18 27 40 35 31 27 34 23 39 17 14 22 32 25 18 12 34 13 19 19 26 39 32 29 22 26 32 26 37 23 30 25 39 19 23 13 16 12 35 25 21 19 36 37 37 30 26 22 28 29 34 29 21 22 22 16 31 20 19 22 38 16 35 27 31 38 30 29 29 12 27 39 16 28 23 19 31 12 37 29 37 26 40 35 32 27 11 37 24 11 19 33 14 11 21 38 23 15 33 16 12 19 22 25 23 19 36 39 28 28 16 12 19 25 20 19 37 23 16 21 27 12 16 21 40 34 14 40 37 12 29 38 30 37 17 31 21 38 20 13 36
1 25 24 21 17 11 29 19 5 6 16 25 6 10 30 22 29 20 13 23 4 16 30 26 8 8 7 11 8 18 19 2 26 15 10 9 21 24 24 24 17 5 15 29 11 3 14 17 22 25 13 18 28 14 5 20 19 23 8 27 16 6 28 23 8 29 15 21 17 13 12 10 6 1 24 29 2 23 6 2 8 3 27 20 28 25 15 29 10 12 6 25 25 4 20 1 11 13 14 15 8 10 27 14 19 9 13 13 20 18 3 19 27 3 29 3 6 18 16 13 1 2 23 4 21 13 6 19 20 27 12 1 12 22 13 25 6 26 23 16 13 4 26 20 3 6 22 25 28 4 13 8 28 9 1 15 24 1 28 8 17 30 25 21 17 24 13 29 7 4 12 22 15 8 2 24 3 9 9 16 29 22 19 12 16 22 16 27 13 20 15 29 9 13 3 6 2 25 15 11 9 26 27 27 20 16 12 18 19 24 19 11 12 12 6 21 10 9 12 28 6 25 17 21 28 20 19 19 2 17 29 6 18 13 9 21 2 27 19 27 16 30 25 22 17 1 27 14 1 9 23 4 1 11 28 13 5 23 6 2 9 12 15 13 9 26 29 18 18 6 2 9 15 10 9 27 13 6 11 17 2 6 11 30 24 4 30 27 2 19 28 20 27 7 21 11 28 10 3 26
3 12 6
140 297 28 64 142 54
1 12 6
132 23 199 294 160 114
1 11 2
276 105
1 9 2
141 162
1 13 3
252 122 158
3 19 5
188 45 208 47 182
2 4 3
21 78 66
1 8 3
242 36 99
1 15 3
242 139 297
2 19 4
160 114 89 208
2 9 5
207 247 35 204 58
1 16 2
130 179
1 18 5
93 172 138 110 39
1 5 2
220 105
2 11 4
46 160 22 188
1 18 2
114 173
2 5 4
129 86 76 127
2 1 4
260 137 208 29
2 13 4
182 240 288 126
2 6 3
162 295 131
1 11 2
245 61
1 1 4
197 178 266 265
1 19 6
118 119 206 226 90 7
2 20 6
46 292 41 272 58 278
2 3 3
293 166 0
1 5 5
56 188 296 206 9
2 19 5
114 71 192 25 99
1 12 3
182 278 99
1 15 2
29 203
3 18 6
48 138 222 198 178 11
2 9 5
291 76 10 35 128
1 18 3
201 39 58
1 5 4
162 129 15 7
3 2 5
61 267 104 53 226
1 17 2
12 244
2 1 4
96 134 152 276
2 13 5
80 82 90 237 183
2 15 6
216 38 166 263 197 12
2 5 4
113 129 144 128
3 1 6
22 231 104 235 81 94
2 17 6
19 180 142 171 208 68
2 13 3
32 205 49
1 20 4
176 293 53 249
1 11 5
227 62 222 92 100
1 5 4
32 188 35 270
2 18 5
171 132 98 149 227
1 6 4
86 218 211 250
2 8 5
89 29 11 284 76
1 18 4
6 92 63 278
1 9 3
136 261 109
1 6 2
109 42
2 13 5
45 238 106 118 82
1 8 4
20 230 64 88
1 20 4
274 202 90 120
4 10 6
293 171 61 85 35 253
1 12 6
189 89 224 127 141 202
1 13 2
230 284
1 2 2
17 244
2 6 4
58 232 74 63
1 17 5
287 203 216 32 269
1 18 5
64 274 56 173 18
1 6 2
174 92
3 11 5
24 225 283 248 141
1 3 2
103 60
1 2 4
171 47 163 272
1 18 4
108 297 288 203
1 18 5
193 136 6 96 51
1 18 3
51 276 129
1 4 2
103 255
2 2 3
91 260 253
1 13 2
158 43
1 1 5
178 16 270 110 194
1 17 3
169 26 271
2 2 3
198 239 169
3 3 5
49 178 108 191 61
1 15 2
69 157
2 10 6
267 232 125 201 82 79
2 10 3
118 138 92
1 9 3
251 209 40
3 12 6
220 257 27 104 89 223
1 5 2
294 52
1 7 5
173 221 37 271 186
2 9 6
134 206 165 255 21 229
1 8 3
37 118 30
1 11 6
223 231 28 99 198 11
2 17 4
167 30 203 245
1 10 6
97 119 54 49 254 282
4 9 6
63 260 52 81 259 12
2 5 6
19 213 206 5 126 171
1 14 5
1 279 101 90 83
2 5 6
47 199 165 60 178 17
1 14 3
22 187 64
1 19 2
288 31
3 6 5
179 292 288 217 299
1 7 3
234 44 196
2 20 6
14 208 16 166 207 177
2 19 3
220 196 67
2 6 6
140 165 178 291 217 103
1 7 2
44 91
1 14 4
110 230 153 203
1 5 3
233 120 67
2 15 6
226 110 159 4 147 168
2 8 3
15 250 240
1 13 2
123 18
1 1 6
15 215 178 195 75 45
1 16 6
295 237 191 99 234 219
1 1 4
149 43 129 8
1 18 3
4 168 147
2 10 3
95 173 78
3 7 5
236 274 175 155 84
1 11 5
125 45 136 245 251
1 3 2
105 86
1 9 5
206 105 243 65 66
2 15 6
212 125 232 66 274 183
1 12 2
130 274
1 10 3
157 268 100
4 1 6
95 177 141 290 276 103
2 13 4
80 15 241 296
1 6 3
66 247 173
1 20 5
288 180 256 200 112
2 6 6
276 81 291 236 133 96
2 13 3
109 80 251
2 20 6
224 82 85 41 233 175
3 12 6
1 170 95 26 271 202
1 6 5
181 290 170 217 200
1 4 3
102 209 112
3 9 5
160 287 15 119 165
1 1 2
20 280
1 15 2
80 107
1 9 2
257 269
1 14 3
150 236 97
3 7 5
88 144 177 206 191
3 6 5
136 67 276 258 225
2 10 6
144 8 133 57 60 91
1 7 3
166 107 43
3 17 5
30 82 171 260 2
1 13 5
60 103 298 154 252
1 20 6
1 231 131 156 136 22
1 12 2
183 184
1 2 5
38 218 141 191 276
1 12 2
200 143
1 5 2
140 124
4 16 6
38 202 261 135 14 145
2 13 6
164 4 54 65 294 236
1 10 6
158 4 179 192 166 95
2 15 4
146 72 187 228
1 4 2
17 174
1 10 2
10 268
1 14 2
163 274
1 15 3
64 3 48
1 3 2
283 128
2 12 5
61 172 87 203 13
1 9 2
20 144
1 14 2
142 256
2 19 4
278 68 274 245
1 14 3
206 140 126
1 16 2
212 244
1 15 2
240 79
2 16 6
217 56 295 290 43 31
1 20 2
256 193
1 3 6
295 265 209 10 78 123
3 4 6
163 187 93 195 141 164
1 2 2
277 107
1 3 2
72 186
4 18 6
233 5 41 102 39 95
3 14 5
265 225 284 244 10
2 1 3
57 159 288
2 4 3
217 186 278
1 11 2
154 233
1 10 4
141 110 85 257
2 9 5
254 33 179 64 85
1 14 2
87 281
1 7 2
287 126
3 1 5
189 281 198 50 257
1 18 4
42 100 12 83
2 9 6
292 210 284 265 287 84
2 20 3
84 6 249
2 12 3
19 261 245
2 10 3
73 221 81
2 9 4
139 89 34 198
2 6 3
207 35 275
2 2 6
250 82 178 96 277 74
1 16 3
61 73 74
1 13 2
189 87
1 11 4
95 171 289 185
1 6 6
164 171 131 219 102 83
2 17 3
283 155 0
1 9 4
9 24 58 291
2 10 4
246 115 254 201
1 8 2
166 67
1 12 3
94 89 130
2 14 3
9 99 185
2 2 4
72 170 145 268
2 6 5
239 226 214 107 188
1 1 2
291 128
1 17 3
262 263 228
2 9 6
263 134 179 274 176 4
1 19 2
169 207
2 2 3
67 207 175
2 9 3
258 159 106
2 8 4
272 51 13 107
1 18 3
250 131 283
2 18 5
68 57 270 135 268
1 10 3
76 122 61
2 3 4
260 153 140 10
2 17 3
294 7 5
3 10 5
0 141 209 65 290
2 20 3
62 24 170
2 8 5
130 105 124 210 289
3 12 5
196 295 211 188 39
1 2 3
296 21 107
1 15 4
265 190 182 264
2 2 5
163 268 100 92 223
1 4 5
289 14 261 85 263
3 10 5
216 51 191 281 130
1 10 4
116 280 53 139
1 3 2
91 271
2 15 6
165 120 25 186 196 14
2 11 4
249 206 11 57
2 4 3
268 294 9
3 12 5
5 273 218 103 292
2 17 4
130 122 50 14
1 16 3
103 44 45
1 13 4
224 213 218 250
2 5 5
272 99 212 72 220
1 17 3
219 256 286
4 10 6
173 263 253 184 1 154
1 20 3
18 279 0
2 16 6
116 36 25 246 6 31
3 14 5
33 279 91 290 56
1 12 3
42 91 116
1 14 2
236 49
3 16 6
183 196 120 170 249 161
2 5 3
187 0 106
2 17 5
186 203 19 117 171
2 10 4
83 48 120 169
1 10 5
34 179 66 284 56
1 11 6
68 65 114 272 281 0
2 17 4
273 211 31 16
1 3 4
218 248 274 2
1 6 4
234 65 266 134
2 2 3
78 160 3
2 6 4
107 243 170 61
2 16 4
138 68 131 119
2 16 6
69 236 131 246 285 242
2 15 3
239 290 246
1 8 6
166 114 1 22 207 237
3 2 5
240 190 35 176 188
2 5 6
155 207 170 174 171 210
2 19 4
264 39 112 97
2 13 4
191 239 53 295
1 5 2
221 255
2 17 4
32 231 75 91
1 19 3
35 269 149
1 15 3
166 147 128
1 16 2
246 187
3 6 5
75 130 65 271 138
1 19 3
278 53 216
2 15 5
142 215 115 95 169
1 13 2
46 210
1 4 2
11 95
1 10 6
242 183 54 265 224 291
1 19 2
226 65
1 7 2
3 81
4 18 6
115 221 97 198 254 107
2 3 5
84 23 11 208 128
2 13 4
109 266 71 48
1 9 4
27 216 257 222
3 12 5
22 283 258 122 18
3 2 6
132 212 47 285 134 218
1 9 3
178 164 237
1 13 2
176 77
2 3 3
8 17 179
1 14 6
177 66 226 54 212 172
3 4 6
80 3 10 55 201 143
1 20 3
234 221 85
3 3 5
90 85 6 26 50
4 1 6
289 91 138 29 213 212
1 3 3
58 193 141
2 4 3
124 166 140
1 1 2
297 18
2 13 6
175 197 68 49 265 30
1 19 2
120 95
1 9 4
66 285 46 234
3 6 5
123 267 256 178 35
1 5 3
82 57 154
2 14 5
281 250 287 55 150
1 1 5
149 276 191 86 202
1 8 2
270 200
3 17 6
177 100 38 291 208 166
1 5 2
159 20
2 9 6
262 163 105 250 160 175
1 9 2
59 279
1 16 2
248 135
1 4 5
40 167 30 94 173
1 19 2
128 271
1 14 2
126 248
1 12 2
295 224
2 7 6
34 65 228 173 244 119
1 15 2
277 294
1 16 2
17 36
1 6 6
80 9 225 152 285 163
1 19 2
114 198
1 20 4
40 22 56 271
1 19 3
286 83 69
1 8 4
199 184 38 114
1 4 4
188 4 238 271
2 20 3
92 276 239
1 2 5
137 203 187 114 223
3 14 5
283 21 112 95 234
1 2 2
230 173
2 8 5
275 64 91 13 251
2 9 4
142 31 140 129
2 6 3
72 241 106
3 15 5
40 4 270 247 265
4 10 6
283 191 166 177 293 232
2 12 5
57 290 114 5 190
1 5 4
89 225 57 102
4 5 6
195 56 36 182 71 78
1 15 2
232 263
1 6 2
110 193
2 6 6
95 66 17 151 71 297
1 15 2
14 94
2 1 3
247 74 80
1 7 2
237 286
1 5 4
66 119 253 184
1 16 4
244 108 227 24
2 14 6
269 133 72 95 14 230
4 6 6
34 286 181 67 258 91
3 8 5
240 54 101 42 191
3 16 5
265 97 86 269 102
1 16 5
65 230 296 291 44
3 2 5
12 237 41 49 261
1 4 2
39 273
1 8 2
59 30
1 16 4
167 81 141 250
2 3 5
196 294 241 37 63
3 20 6
166 189 280 122 160 81
2 17 5
141 219 186 207 64
2 4 4
73 130 177 187
3 20 5
212 167 139 188 255
2 11 4
98 110 147 167
3 14 6
154 114 242 145 127 117
1 20 4
81 29 92 70
3 7 6
247 208 167 202 158 13
1 9 2
194 120
1 7 2
185 126
2 10 6
66 21 223 117 44 10
1 1 4
83 176 149 38
1 12 4
15 203 264 103
1 15 4
54 156 52 183
2 13 3
20 262 160
1 4 5
116 160 205 127 274
2 20 3
48 267 192
1 3 4
252 268 201 156
1 15 3
5 77 145
1 12 3
256 240 259
3 1 5
190 6 196 88 12
2 9 5
91 197 155 269 266
3 10 6
141 247 97 232 243 51
1 17 2
161 148
1 14 2
79 125
3 12 5
168 68 104 107 62
1 16 3
126 178 220
2 4 3
2 288 86
2 11 3
110 253 298
1 11 4
173 46 220 92
1 11 5
156 1 179 209 45
3 5 5
70 50 49 142 96
4 8 6
122 209 296 251 157 18
2 7 4
71 80 212 25
2 10 4
23 276 27 132
1 16 3
262 73 200
2 11 6
122 228 119 226 179 286
3 3 6
253 62 245 109 55 12
4 14 6
256 3 6 11 288 31
1 19 6
236 103 134 105 262 202
4 5 6
201 148 136 26 0 209
2 15 3
241 123 185
1 11 5
203 209 178 125 298
4 17 6
51 222 177 247 3 253
1 20 2
122 270
1 16 2
1 95
2 2 3
275 105 272
1 18 2
98 36
2 10 3
73 191 100
2 16 3
184 75 57
1 16 5
199 52 181 51 209
1 18 4
205 118 20 172
4 11 6
109 62 92 65 267 118
1 18 3
239 247 163
1 18 6
241 12 155 284 217 203
1 8 2
106 210
1 7 2
91 152
2 7 3
270 236 80
2 15 4
140 204 249 277
1 3 2
144 249
1 5 2
216 137
3 15 5
33 177 291 95 201
2 8 5
107 103 122 101 51
1 7 5
32 103 129 163 247
1 7 5
284 88 207 211 194
4 10 6
49 46 184 213 104 20
1 3 4
224 216 237 222
1 7 2
64 154
2 5 6
292 32 261 78 98 154
1 13 2
64 91
1 10 4
198 239 70 47
2 3 6
65 224 18 157 260 130
3 19 6
245 110 41 51 244 140
4 1 6
262 26 295 149 181 276
2 2 4
204 162 52 82
3 3 5
269 220 83 21 175
3 20 5
138 211 71 153 59
1 9 2
221 264
4 4 6
25 11 60 130 33 138
1 8 2
161 165
1 18 2
228 195
4 2 6
126 101 75 28 190 234
1 19 4
259 151 269 1
1 11 5
147 36 206 139 279
1 15 4
155 9 272 63
1 2 3
143 284 103
1 19 4
230 185 80 172
1 7 5
249 160 103 127 72
3 8 5
163 35 133 266 295
2 10 3
192 47 233
1 8 2
196 215
3 15 6
143 21 11 265 18 103
1 6 3
265 213 61
1 8 5
81 64 114 188 19
1 1 2
77 184
1 6 2
78 98
1 7 3
72 295 146
1 19 4
112 211 210 259
1 17 4
211 26 17 194
2 7 3
132 129 97
1 13 5
203 158 213 260 57
2 8 4
129 207 295 224
1 6 3
1 119 218
2 7 3
123 145 74
1 2 4
211 56 243 10
1 6 6
125 116 189 177 201 224
1 14 4
182 114 254 24
1 19 4
197 236 15 70
2 18 3
20 53 48
1 13 5
78 128 224 48 9
1 8 2
277 106
2 9 4
265 292 102 128
2 19 5
101 54 32 142 145
1 8 3
223 294 70
1 1 5
67 53 21 289 153
1 13 2
224 41
1 20 4
69 45 119 276
3 10 5
159 156 89 180 8
1 8 4
259 251 97 284
1 1 2
56 172
1 4 6
92 38 254 203 217 214
1 6 5
55 266 0 43 101
2 16 4
165 103 180 19
2 3 5
131 124 247 284 265
2 6 5
85 232 5 10 266
2 18 3
175 191 115
3 15 6
21 67 209 23 191 121
2 6 6
136 183 139 190 196 234
1 8 6
24 27 249 260 243 241
3 14 5
215 134 132 105 89
1 9 3
1 83 142
2 9 4
228 285 195 96
1 8 2
21 171
4 12 6
154 128 18 282 295 172
1 1 4
137 68 160 297
1 7 4
62 145 78 70
2 6 3
213 2 55
1 2 4
3 264 164 182
1 4 5
210 290 109 237 263
2 11 4
152 266 145 59
1 20 2
105 61
1 17 2
103 189
2 16 4
263 276 288 98
1 18 3
234 232 258
2 8 3
17 29 39
2 7 4
162 17 146 228
1 15 3
239 82 280
2 6 6
42 20 249 121 39 74
1 16 2
90 230
1 11 6
171 165 139 238 105 126
3 14 6
289 183 113 151 159 221
1 8 2
68 264
3 3 6
225 91 100 121 254 270
1 15 6
62 139 261 42 278 184
2 5 6
82 5 149 50 33 150
1 20 3
193 29 200
1 19 3
157 132 87
1 19 2
216 273
2 9 5
19 122 170 94 131
2 2 6
177 72 137 16 205 139
2 20 3
128 83 59
4 20 6
201 90 246 146 76 148
1 3 5
63 95 172 146 105
1 13 3
62 13 101
2 13 3
48 132 240
3 3 6
15 99 291 154 141 60
3 11 5
293 101 244 199 165
3 3 5
164 57 195 104 103
2 16 6
60 63 86 107 11 58
2 20 4
220 275 219 60
2 7 5
276 262 174 97 287
2 9 4
88 170 218 225
4 3 6
149 241 47 228 293 114
1 6 2
96 47
1 9 3
42 31 281
3 18 5
17 221 158 218 76
2 6 6
139 165 106 44 213 89
3 4 5
68 40 57 172 45
1 5 5
224 158 153 257 240
2 11 4
77 183 110 172
2 16 4
126 267 7 299
2 14 6
166 59 140 188 25 120
2 15 5
1 11 178 261 275
1 13 2
92 289
1 15 3
67 211 267
3 19 5
164 38 17 268 204
1 2 2
30 4
4 8 6
187 295 204 61 78 254
1 12 6
277 212 74 36 140 184
3 2 5
135 219 215 276 261
1 2 4
175 64 213 241
2 19 3
12 258 32
2 6 4
225 188 7 107
1 17 4
95 126 215 92
1 4 4
93 192 98 100
1 20 4
83 192 215 160
1 4 6
161 146 20 94 178 202
3 17 6
236 286 234 207 233 74
2 2 3
38 230 35
3 17 5
124 3 31 177 267
1 8 6
107 81 68 260 37 131
2 6 3
246 280 170
1 10 4
198 173 6 116
2 3 3
180 98 79
2 11 3
87 48 273
1 15 4
92 217 271 156
1 12 2
219 221
2 13 4
122 19 118 182
1 5 2
115 277
1 4 3
297 49 139
1 18 5
147 106 94 153 47
1 1 2
25 110
2 4 6
274 138 57 106 287 82
1 6 5
295 164 83 209 148
2 12 6
219 276 200 11 78 111
1 6 6
116 209 151 21 229 159
1 6 4
94 167 259 277
1 7 3
144 261 255
1 1 4
19 21 8 34
2 2 6
157 251 145 26 243 132
1 12 2
218 31
1 14 2
78 44
1 11 4
22 158 225 230
1 7 6
119 120 53 213 274 288
2 6 5
205 43 160 54 147
1 4 2
55 290
1 8 2
261 273
1 1 3
136 12 86
2 3 4
120 296 297 192
2 18 4
288 274 298 51
2 10 4
160 45 75 257
3 15 5
280 8 166 211 118
3 1 5
275 239 206 285 266
1 4 4
257 246 126 255
4 13 6
133 299 151 132 24 250
1 8 3
225 279 81
2 18 6
287 254 43 289 183 159
2 11 5
222 198 297 279 201
2 5 6
70 213 25 75 24 210
4 15 6
172 232 278 9 177 248
2 4 3
205 7 281
1 12 3
70 240 41
1 8 5
87 288 291 136 65
1 20 2
110 213
1 4 2
234 22
1 4 2
100 279
3 7 6
157 116 274 264 83 152
1 12 2
291 134
2 2 4
167 83 124 155
1 9 6
165 110 89 18 250 44
1 4 2
137 261
2 10 6
40 34 117 127 122 187
1 20 2
115 66
1 15 4
28 61 35 165
3 1 6
254 260 198 275 69 244
4 14 6
43 288 249 3 63 17
2 12 3
62 236 157
1 20 2
17 57
1 6 4
100 26 241 118
1 8 6
187 260 257 127 106 239
1 20 2
214 276
1 7 2
47 130
1 10 4
107 5 84 67
3 7 5
12 7 66 148 228
1 8 6
262 200 150 269 34 48
2 3 6
134 162 209 191 103 136
1 7 2
249 104
1 3 3
25 246 269
3 4 5
145 158 107 162 44
1 19 6
193 76 61 92 100 84
2 15 3
4 36 255
1 6 6
92 218 297 6 215 242
1 15 6
222 230 121 237 272 137
2 16 3
15 162 35
3 20 6
177 247 71 126 297 270
1 15 3
294 139 175
1 5 2
11 66
1 5 4
104 93 91 127
3 3 6
207 131 181 214 249 203
2 14 4
90 234 209 175
1 2 4
39 115 150 82
1 15 3
106 227 10
1 8 6
55 165 123 141 249 211
2 10 6
199 120 78 177 81 287
1 17 3
169 147 228
4 14 6
11 147 138 159 152 129
1 12 2
5 68
1 16 4
238 56 157 266
1 15 2
212 22
1 12 2
79 94
1 7 4
156 172 175 280
3 2 5
74 119 242 54 53
2 19 6
262 130 148 168 175 181
3 11 5
275 183 27 97 178
1 13 5
62 210 27 12 208
3 18 5
72 136 253 290 164
2 18 6
89 246 154 23 146 245
2 9 3
197 18 236
2 15 4
283 161 132 218
3 20 5
216 278 266 283 144
2 7 4
274 73 226 18
1 12 5
252 78 53 82 126
2 16 3
187 241 231
1 17 6
242 69 99 33 241 107
1 13 2
152 23
2 8 3
7 265 280
1 6 3
221 60 186
2 5 5
37 56 116 92 276
2 20 4
20 127 35 192
1 16 2
243 253
3 10 6
174 33 229 47 25 201
3 13 6
94 107 103 30 39 124
2 14 6
288 175 150 237 121 137
2 3 3
290 55 271
1 2 3
147 35 33
2 6 3
280 110 294
2 16 6
235 236 105 238 10 259
2 16 5
157 271 298 38 178
4 15 6
22 10 211 13 67 138
2 13 3
10 129 117
3 18 5
27 91 230 269 295
1 18 2
167 145
3 17 5
25 127 87 111 40
2 7 3
67 180 72
2 17 3
265 40 188
1 20 4
222 200 281 54
1 20 4
19 109 287 260
1 12 2
297 37
3 4 5
221 38 214 179 180
3 9 5
57 238 65 108 111
1 11 2
221 149
1 19 2
246 275
2 7 4
95 260 79 247
1 17 2
295 40
1 13 4
197 294 195 115
1 9 3
35 178 247
3 9 5
47 171 35 275 169
2 12 3
217 0 256
3 14 5
43 92 34 23 182
2 18 4
262 80 124 85
2 20 4
131 43 161 172
2 3 5
293 247 53 240 89
3 12 6
9 253 256 94 152 214
1 10 2
286 229
1 9 2
132 143
2 17 6
2 134 181 108 279 100
2 9 3
56 140 145
1 17 6
5 127 114 195 32 65
1 13 4
20 56 270 137
1 5 3
232 250 130
1 2 2
273 271
2 19 5
116 287 32 124 179
1 1 2
296 162
1 8 2
288 80
1 14 2
132 236
3 18 5
53 236 285 110 132
1 13 3
172 204 35
1 8 5
268 222 273 154 6
1 11 2
46 164
2 10 3
16 102 64
2 8 5
217 13 196 226 76
1 20 5
242 172 290 77 29
1 2 2
291 132
3 1 6
182 32 262 151 272 214
2 19 6
20 192 233 81 280 83
1 2 2
166 160
2 17 6
243 281 217 56 275 11
1 6 4
183 85 199 70
1 18 3
172 5 118
1 17 4
130 252 157 59
2 10 3
34 41 42
1 12 4
213 188 54 199
1 4 3
58 279 235
3 15 6
51 212 155 199 101 250
3 5 6
240 192 199 36 96 48
1 11 3
200 251 138
1 12 3
70 195 261
1 2 2
108 228
1 19 3
145 122 246
1 4 5
277 191 135 236 154
1 5 2
6 101
1 3 3
256 269 34
1 17 5
273 108 295 203 165
2 2 3
239 288 138
2 3 5
213 43 141 18 46
3 3 6
112 235 150 160 200 115
3 20 6
114 75 269 196 297 105
1 20 2
212 79
1 4 4
270 162 27 35
1 6 2
198 266
2 8 5
225 149 44 113 0
1 6 2
279 195
2 7 3
229 62 276
1 6 5
15 167 31 271 42
2 13 3
173 297 68
4 20 6
80 118 25 5 117 248
2 18 4
256 19 149 274
3 13 6
152 95 88 10 145 234
1 8 3
172 293 285
3 9 6
77 258 66 37 82 3
1 11 2
159 23
1 12 2
68 50
1 1 3
57 3 87
2 8 3
289 106 92
3 5 5
251 98 128 288 286
1 12 2
145 259
4 19 6
79 228 58 37 118 53
1 1 2
166 2
3 13 6
110 129 23 244 4 216
4 10 6
11 105 148 58 33 123
2 16 3
69 299 31
2 13 3
225 49 208
1 16 5
24 3 249 166 76
2 12 5
250 40 11 127 83
2 20 3
29 242 103
1 18 3
26 163 105
2 17 5
193 294 49 62 48
2 16 3
186 58 98
1 14 2
48 246
2 15 3
255 260 225
1 4 2
109 224
2 18 4
121 87 252 237
1 16 2
89 250
2 2 4
178 33 224 257
2 18 4
272 170 147 133
3 20 5
36 199 69 93 284
4 1 6
175 130 5 103 114 207
4 1 6
47 282 185 178 251 114
1 3 4
244 102 107 16
1 15 4
42 291 215 47
2 20 5
187 222 146 123 91
1 3 4
138 171 54 85
1 8 4
242 23 92 103
1 11 2
78 72
2 13 4
46 65 209 286
2 1 5
189 178 248 46 24
2 16 6
196 209 55 287 202 235
2 11 3
78 267 226
2 8 4
192 120 286 123
2 12 4
87 193 133 113
2 17 4
98 224 223 264
1 16 2
151 136
1 19 3
80 19 172
3 7 5
84 204 256 161 131
2 15 3
173 282 52
2 12 5
136 280 226 254 137
1 16 5
21 273 93 234 160
2 5 4
215 19 49 125
1 14 3
265 5 93
3 19 5
109 78 141 62 24
2 1 4
270 138 50 189
1 20 3
125 117 135
2 3 4
260 38 90 211
2 15 3
84 100 216
2 4 4
110 94 21 294
1 9 3
151 245 69
2 8 5
193 25 138 33 6
2 3 3
284 242 171
1 9 2
72 141
1 7 2
240 140
1 20 3
256 6 115
3 2 6
120 247 41 84 256 282
3 18 5
299 77 235 252 264
4 11 6
52 144 161 131 167 17
1 16 4
130 258 237 65
3 16 5
30 52 111 118 32
3 7 5
85 248 112 74 49
2 5 5
61 214 236 290 78
2 11 6
68 179 256 201 145 39
1 12 3
125 166 115
3 4 6
23 239 1 118 72 83
1 17 2
268 154
1 14 3
137 23 182
2 9 3
164 26 12
1 11 6
190 194 84 186 71 23
1 4 2
94 117
2 9 3
291 161 4
1 13 4
110 188 158 31
1 4 2
186 143
1 16 2
289 152
3 20 6
46 102 276 20 202 225
1 15 5
1 165 24 272 51
2 15 5
285 3 96 22 147
2 10 6
170 199 197 59 51 46
2 8 3
290 230 243
1 1 2
295 113
1 7 3
95 266 176
1 5 2
221 293
1 1 4
296 48 2 213
1 10 3
216 259 8
1 7 2
26 242
3 2 6
83 202 46 256 37 71
1 20 3
183 73 59
1 20 5
98 196 48 277 184
3 3 5
225 159 82 252 211
1 11 2
90 56
1 4 2
224 44
1 11 3
257 193 136
1 15 4
114 47 126 124
1 11 2
32 162
1 7 4
128 166 90 286
2 7 4
138 288 210 280
1 20 2
100 283
1 18 3
55 182 278
3 1 5
137 126 161 19 164
1 3 4
216 114 126 186
1 16 2
2 205
3 7 5
73 214 252 238 296
1 11 5
250 82 199 238 205
4 7 6
292 91 32 69 149 105
1 19 5
186 92 192 26 288
2 16 3
254 244 93
2 19 4
61 47 83 135
2 9 3
40 299 98
2 5 6
179 76 74 124 173 156
1 8 3
16 18 291
1 2 3
228 90 186
1 18 4
205 127 39 230
1 6 4
229 265 224 246
1 2 4
286 47 49 246
1 6 5
26 166 6 204 269
1 5 2
230 154
2 14 6
61 152 18 12 79 127
1 10 3
70 110 78
1 11 2
23 30
1 6 5
180 291 59 40 152
2 1 5
175 84 126 19 47
2 15 5
198 141 221 99 91
1 5 5
98 193 123 73 75
3 10 6
8 195 127 76 276 297
1 18 5
171 199 32 103 186
2 19 4
223 21 245 207
1 5 5
38 176 84 265 65
2 14 6
126 76 46 49 236 279
2 1 5
54 193 190 31 159
1 2 4
134 75 213 111
1 15 6
243 52 277 137 172 114
3 14 6
184 235 210 153 223 166
1 2 5
271 283 144 23 214
1 10 4
269 144 134 30
1 19 4
250 244 257 277
2 18 4
63 181 205 290
2 20 5
173 155 295 22 98
4 1 6
187 6 101 117 79 194
1 6 2
299 243
3 14 5
11 30 91 85 229
1 2 5
32 168 193 0 83
1 13 5
211 138 151 50 248
1 10 2
273 67
1 3 5
89 41 131 198 294
1 18 5
89 85 87 72 172
1 14 2
36 7
1 10 3
45 187 158
3 11 6
173 296 160 111 139 11
1 20 3
267 132 24
1 2 2
249 35
2 3 4
280 48 273 170
1 1 6
122 154 36 159 271 123
1 5 4
293 42 137 198
1 17 2
22 193
1 20 5
10 121 88 69 17
1 14 2
255 146
3 17 5
143 147 13 184 254
2 20 5
290 156 155 145 53
4 7 6
163 5 43 296 186 80
2 3 3
210 28 270
3 8 6
299 183 215 41 114 243
1 13 2
118 264
1 16 5
210 121 246 190 32
3 18 5
61 157 83 3 268
3 13 5
126 15 106 291 32
3 12 5
262 33 174 164 246
1 6 3
49 2 238
3 7 6
143 235 256 242 89 177
1 15 2
267 139
2 17 5
216 169 290 79 92
1 9 3
74 170 150
2 14 5
269 198 28 128 288
1 18 5
108 50 244 190 183
1 3 4
24 192 152 144
1 16 3
135 281 184
3 5 6
250 49 185 92 258 222
1 16 2
4 216
1 5 5
160 242 80 39 60
2 5 3
69 285 104
3 17 6
61 156 3 221 13 246
1 13 3
255 282 241
3 5 5
160 259 21 126 250
2 11 3
61 156 143
3 18 6
111 157 176 159 117 38
2 11 6
86 270 5 138 155 34
2 11 4
41 169 183 285
1 19 2
1 220
1 7 6
135 108 115 291 147 167
1 10 2
69 270
1 4 2
267 199
2 1 6
259 263 10 251 117 182
1 9 3
236 76 131
2 9 4
240 284 23 249
1 20 2
194 112
1 3 2
235 103
2 9 4
176 254 105 110
1 15 2
177 147
1 17 2
232 153
1 13 5
99 85 285 73 55
1 1 4
140 37 286 296
2 18 3
118 87 171
2 10 3
206 112 24
1 1 6
211 245 37 138 126 192
1 12 2
11 63
4 16 6
282 42 265 125 145 138
2 4 3
151 64 103
3 17 6
10 138 206 114 184 116
2 14 3
287 87 202
1 9 2
287 219
2 12 5
257 272 261 24 248
1 13 2
182 17
1 5 2
266 167
1 3 2
57 142
1 3 2
225 162
2 10 3
28 43 158
3 20 6
109 33 154 70 120 208
1 19 5
92 33 10 201 4
3 14 5
182 221 57 161 73
2 5 4
107 209 194 5
1 20 3
184 137 218
1 13 6
130 114 17 29 244 75
2 3 3
262 85 118
1 8 2
21 40
3 15 5
257 192 299 174 217
2 2 6
70 290 286 173 250 16
1 10 5
121 49 137 8 256
1 18 4
63 12 184 131
1 18 2
240 62
2 5 6
237 284 280 4 295 141
4 17 6
114 237 14 56 102 146
2 14 4
249 212 285 136
1 3 5
83 119 158 32 213
2 7 4
207 106 117 4
2 2 6
58 191 143 212 112 211
1 2 2
233 104
2 2 3
9 41 170
3 9 6
261 12 44 98 140 265
2 10 3
299 111 282
1 14 4
23 36 194 263
2 16 3
268 71 271
1 7 4
56 216 51 271
1 10 2
149 185
2 16 5
279 134 4 52 183
1 11 2
174 191
1 13 2
83 261
2 20 5
278 138 137 55 32
1 11 3
296 19 123
2 6 3
178 119 235
2 17 3
113 80 85
2 20 3
164 155 62
1 7 5
247 235 279 137 187
2 11 5
36 56 126 6 294
2 17 3
223 38 178
2 6 4
252 251 15 50
2 1 4
252 70 21 134
2 11 5
121 186 1 22 145
1 18 3
207 270 179
3 7 5
189 150 191 28 274
1 4 3
127 27 252
1 14 2
65 73
1 18 3
268 93 44
1 15 2
296 0
3 7 6
259 264 30 239 81 167
1 17 3
41 244 210
1 5 2
7 125
1 11 2
190 150
3 18 5
139 207 134 39 144
1 4 5
78 299 194 97 107
1 6 4
74 259 130 137
3 8 5
209 12 226 177 194
2 2 4
299 127 125 183
2 10 3
296 82 122
2 9 4
151 258 270 161
2 13 4
6 12 43 288
2 7 6
163 273 234 14 34 49
2 4 3
279 152 89
2 20 4
269 125 294 184
2 1 5
266 140 48 73 10
3 6 6
10 115 38 99 101 21
1 4 2
265 196
1 8 2
279 165
4 8 6
128 40 12 125 249 185
2 6 5
54 189 230 234 149
4 12 6
179 66 298 184 90 195
1 2 5
10 236 238 271 173
1 14 2
167 41
3 13 6
223 80 186 189 275 230
2 16 6
164 217 158 129 138 92
1 3 4
54 134 176 237
1 6 2
12 148
2 14 3
239 146 130
4 17 6
130 185 122 90 222 46
3 19 5
209 155 175 70 169
2 8 4
266 245 233 161
1 11 5
38 265 96 173 281
1 9 2
5 190
1 11 4
84 145 297 251
1 14 2
3 190
1 13 5
191 274 278 55 41
1 13 3
201 170 100
1 14 5
91 156 198 33 283
2 10 6
66 97 132 228 10 207
2 14 4
107 97 13 46
1 1 4
47 110 101 217
2 8 3
127 212 38
1 11 4
234 182 85 111
3 4 5
32 71 175 200 66
3 13 6
221 250 35 110 9 10
1 6 4
282 171 139 23
1 20 3
30 117 199
2 5 3
194 98 296
1 2 3
75 30 195
1 16 6
223 258 171 53 286 14
1 1 2
181 103
2 10 4
47 151 296 171
1 9 2
158 3
4 9 6
241 28 56 276 119 155
3 15 6
215 26 127 190 119 42
1 17 6
235 239 60 16 62 8
1 6 3
239 226 174
1 17 3
297 148 195
2 11 4
165 189 154 119
2 2 6
172 134 15 6 11 164
1 8 4
73 156 147 216
1 7 4
9 201 154 188
2 2 6
56 294 41 163 215 251
1 7 4
294 267 243 127
4 18 6
107 4 180 200 48 287
3 1 6
197 159 17 53 92 107
2 16 6
165 225 289 257 26 245
1 12 2
195 88
2 16 3
260 103 252
1 12 2
203 270
3 9 5
173 97 134 105 86
1 8 3
207 239 180
2 10 6
114 151 269 207 292 98
4 17 6
19 263 114 275 211 24
4 9 6
132 259 159 0 266 94
1 9 2
76 210
2 4 4
143 89 76 149
1 10 6
78 257 106 55 53 86
1 13 2
260 217
1 7 4
97 154 197 219
1 8 3
215 247 204
1 6 6
108 111 184 107 221 269
2 2 4
202 296 293 73
1 13 3
159 155 138
1 6 4
215 88 258 178
2 19 5
52 146 109 282 122
1 18 4
154 27 269 25
1 9 4
50 151 14 254
2 8 4
160 31 149 169
1 9 4
244 24 173 5
3 9 5
62 180 8 138 28
1 17 3
266 56 238
2 1 3
3 213 163
2 7 4
209 166 207 150
1 16 6
276 175 284 9 65 195
2 15 5
241 42 266 44 72
3 19 5
101 183 233 273 284
1 5 4
221 270 69 254
1 5 3
297 180 184
2 13 3
151 274 119
1 5 2
156 244
1 5 4
15 156 14 192
1 13 3
64 12 188
2 17 3
78 34 141
1 13 2
31 257
1 8 2
198 264
3 1 6
220 4 248 278 213 94
2 11 6
26 48 117 234 69 65
1 8 5
130 177 139 192 3
1 5 5
234 244 125 72 39
2 9 4
204 10 82 167
2 12 6
194 218 143 5 77 119
1 1 5
159 180 63 272 75
1 15 4
183 241 95 119
1 18 4
256 226 38 200
1 8 3
230 31 6
1 8 3
66 286 22
2 4 4
89 154 214 87
1 10 3
17 166 25
2 11 6
129 75 273 14 254 8
2 3 3
186 89 78
1 19 3
104 101 117
1 10 4
229 246 52 239
1 6 3
216 173 270
1 10 4
14 287 232 48
1 17 2
292 96
1 20 2
230 290
1 14 4
4 112 225 102
1 19 5
36 40 219 26 167
1 9 5
274 137 33 191 218
2 8 4
296 255 297 155
2 10 6
74 136 192 186 288 53
3 14 6
111 194 163 140 234 182
2 9 4
148 204 237 51
1 6 4
194 82 225 241
1 9 2
36 15
1 10 3
292 277 192
1 7 2
119 109
1 7 4
56 239 160 170
1 17 3
220 102 205
1 15 2
76 186
1 10 2
131 273
2 5 3
187 294 95
4 1 6
67 62 77 210 64 139
1 5 2
102 212
1 13 4
223 17 114 194
1 6 6
182 146 80 24 1 291
1 8 4
202 180 196 292
3 11 5
96 226 78 174 183
2 4 3
205 46 3
2 3 6
37 207 238 245 160 49
2 9 5
274 36 208 248 174
2 2 4
285 40 258 147
1 11 4
139 182 299 141
1 4 2
271 84
4 15 6
92 69 260 82 256 91
2 10 6
215 282 255 154 227 28
1 18 4
35 132 116 248
1 17 6
159 64 243 106 84 58
1 1 5
230 280 15 152 216
2 18 5
23 67 164 92 257
1 18 3
119 33 182
2 10 6
225 121 97 25 50 283
4 1 6
136 80 200 6 295 182
1 3 5
58 194 228 135 131
1 9 2
258 269
2 20 6
124 115 155 227 99 164
1 1 6
100 177 1 7 247 213
3 9 5
58 220 38 176 198
1 8 2
104 67
1 16 3
217 292 14
2 15 3
162 286 92
1 9 4
198 24 275 3
1 11 5
248 277 159 26 249
1 10 4
72 285 214 176
2 15 4
165 174 211 282
2 10 3
67 226 8
1 16 3
160 142 220
1 2 4
97 27 217 150
1 13 3
120 284 23
3 20 6
224 21 15 180 55 45
4 20 6
220 290 158 240 98 249
1 10 5
103 42 54 184 88
2 11 4
153 26 61 275
1 1 2
245 207
2 6 4
286 62 254 198
1 7 2
14 262
1 14 4
232 151 237 287
4 1 6
10 228 278 104 295 140
2 5 4
205 14 75 50
2 7 6
253 193 284 63 225 287
2 14 4
237 166 26 75
1 2 4
147 185 263 112
1 9 4
291 247 38 252
4 4 6
275 208 95 269 174 211
1 4 4
6 196 64 55
2 15 5
6 74 138 219 220
1 1 2
297 5
2 2 3
32 112 55
1 10 6
104 259 145 0 257 99
1 2 2
251 294
3 7 6
33 174 62 245 237 187
1 13 2
244 97
1 9 6
150 87 260 51 215 39
1 12 5
164 88 267 280 210
4 8 6
203 65 145 173 184 9
1 8 2
49 175
2 20 4
100 169 198 36
2 4 4
37 141 220 101
1 16 2
37 246
1 14 5
118 88 180 291 171
4 2 6
206 133 117 204 194 87
2 14 4
234 174 26 159
3 13 6
244 79 228 158 165 71
2 15 4
63 64 143 196
2 4 4
156 84 99 266
4 12 6
143 249 18 7 244 90
1 11 3
149 177 35
1 5 3
78 109 135
1 5 3
219 154 123
1 13 5
149 89 170 174 28
1 7 3
175 47 203
1 15 4
113 207 159 292
3 6 5
292 128 113 207 222
1 17 5
279 29 39 219 214
1 19 4
110 146 66 9
3 12 6
188 227 274 182 210 273
1 12 4
231 168 217 191
1 19 4
294 220 71 138
1 16 3
66 114 260
4 3 6
267 290 163 166 231 232
3 2 5
57 181 169 83 122
1 4 3
121 137 227
1 20 6
53 260 107 284 29 209
3 18 5
168 189 101 29 170
1 3 2
49 83
2 14 3
192 130 273
4 20 6
20 244 81 30 271 55
2 18 5
289 8 144 222 181
2 11 6
7 46 90 238 186 27
1 20 4
169 258 237 141
4 16 6
5 299 265 198 133 151
2 5 6
224 135 61 29 129 228
4 17 6
104 299 173 90 109 297
2 3 3
211 220 50
1 2 3
7 231 161
2 5 4
14 30 85 77
2 20 5
41 196 248 57 204
1 6 3
170 169 57
2 1 3
226 36 207
1 5 2
72 127
1 12 4
257 254 54 228
1 4 5
68 2 277 221 202
1 10 3
215 26 242
2 4 4
102 142 205 157
1 19 2
57 79
2 6 5
34 248 207 275 153
3 9 6
14 28 276 245 72 226
2 17 4
233 192 273 24
1 1 6
168 66 6 253 16 225
1 5 6
3 240 49 275 57 231
1 1 2
115 239
1 10 2
203 180
1 17 6
40 274 12 178 190 30
1 20 4
72 52 144 226
3 7 5
225 276 122 56 43
2 11 3
239 100 286
1 2 4
229 54 6 240
1 4 2
168 284
3 15 6
298 273 62 149 111 22
1 16 5
123 276 19 26 112
1 13 2
27 156
3 15 5
27 100 58 107 68
1 10 3
112 135 65
2 6 3
123 259 57
2 17 3
18 175 288
1 15 4
199 22 253 218
1 17 2
205 208
1 13 5
123 20 211 176 224
1 17 2
111 277
1 15 4
272 193 67 221
1 15 3
163 147 153
1 7 2
106 162
1 4 3
88 32 127
2 13 5
48 8 11 209 203
1 15 2
197 276
4 20 6
229 255 188 293 19 29
2 19 3
196 213 61
1 2 3
230 208 50
2 5 5
10 71 47 266 19
2 16 5
169 7 94 260 194
3 10 6
55 145 246 89 82 65
1 20 3
239 147 299
4 9 6
36 90 292 276 37 71
1 20 6
3 28 221 100 163 232
2 4 3
240 245 176
1 20 5
175 121 109 56 214
1 10 3
149 57 227
1 7 2
130 56
1 9 3
156 48 239
1 2 4
17 228 121 297
1 16 6
257 211 10 73 239 224
2 5 3
195 162 101
2 9 5
30 37 280 195 282
1 19 4
50 86 240 193
3 20 6
232 250 12 170 32 256
3 1 5
97 160 54 245 156
1 1 6
69 138 218 156 288 9
2 6 5
119 187 264 181 269
2 13 4
154 9 89 252
2 19 3
19 221 169
1 9 6
95 109 184 214 297 220
2 4 4
247 84 191 93
1 7 2
283 147
1 2 2
17 26
1 18 3
124 127 10
1 8 3
263 282 134
1 9 3
61 176 42
1 7 2
174 14
1 16 4
176 10 0 151
1 13 3
63 279 38
3 6 5
207 105 288 194 59
1 3 6
6 225 84 182 282 128
2 11 3
22 81 90
2 19 3
117 296 143
1 11 2
221 131
1 10 3
45 251 270
1 2 2
252 38
1 5 6
178 25 156 176 134 130
4 6 6
163 169 149 73 79 76
1 17 3
9 201 184
3 4 5
34 279 234 112 77
1 7 6
148 150 271 138 12 265
1 18 4
143 202 275 145
2 3 3
178 95 198
4 12 6
125 197 208 108 206 115
2 14 5
143 275 210 73 111
1 3 4
69 87 240 182
1 1 3
233 177 93
1 18 3
157 227 260
2 6 5
225 135 164 77 247
1 5 2
228 227
2 20 4
206 103 140 196
3 9 6
287 41 78 129 95 255
2 12 5
249 198 164 51 246
1 17 2
197 296
2 3 4
51 295 11 95
1 5 3
52 88 56
1 17 2
272 284
1 13 4
35 252 216 212
2 4 3
270 230 251
1 1 2
297 113
3 19 5
185 297 5 16 136
1 1 3
168 52 221
1 5 5
181 216 270 11 252
2 11 5
228 284 253 134 218
4 7 6
77 79 25 158 96 200
1 2 6
140 34 249 232 81 171
1 13 4
245 94 291 185
2 2 6
269 130 282 244 35 234
2 2 3
146 180 274
2 4 3
257 245 53
2 13 4
12 207 81 203
2 4 4
92 68 173 204
1 11 5
274 73 62 202 175
2 3 4
45 201 95 254
1 7 2
199 297
1 9 2
272 166
1 16 2
66 29
1 13 2
5 266
2 15 4
256 272 166 68
3 16 5
197 71 161 112 68
2 8 3
214 141 10
1 7 6
249 180 82 228 146 159
1 7 2
164 198
1 2 4
267 145 221 43
2 15 5
170 236 89 90 110
1 14 2
209 264
1 16 5
296 194 239 64 66
1 8 4
84 117 164 45
2 14 4
229 282 287 62
1 20 2
177 18
2 7 6
136 97 87 3 266 212
1 10 6
179 226 129 249 180 86
1 16 2
40 65
1 1 3
222 17 178
4 10 6
12 106 71 215 111 211
2 10 3
9 142 286
1 15 4
155 158 10 174
2 1 3
46 222 245
3 2 5
238 16 2 211 178
1 18 6
277 226 241 77 229 20
1 14 2
246 134
1 5 6
60 268 121 15 271 188
2 17 4
293 133 16 50
2 14 5
167 166 95 227 134
1 2 2
259 45
1 2 4
289 203 129 293
4 17 6
190 196 209 170 62 166
2 15 4
113 7 26 3
1 4 2
113 142
3 1 6
54 93 127 225 152 255
1 7 5
187 57 231 104 5
2 14 3
112 160 122
2 1 3
34 81 256
2 14 4
148 243 97 265
1 9 4
46 257 67 37
2 2 4
68 71 80 234
2 7 5
15 128 267 58 146
2 5 3
119 20 260
1 18 2
47 237
1 5 6
156 9 145 266 64 297
2 10 3
113 0 110
1 10 5
136 227 260 53 196
3 6 5
146 265 267 266 279
3 8 5
75 26 260 38 31
1 7 2
161 28
2 13 3
281 18 130
1 19 2
32 194
1 9 2
4 67
2 11 4
299 201 263 123
1 11 3
218 76 32
2 1 5
257 253 277 183 206
3 11 5
148 149 107 132 200
2 12 3
97 29 254
1 18 2
106 51
1 17 6
264 197 21 153 196 186
4 4 6
32 115 17 295 204 294
3 18 6
68 148 188 287 154 2
2 16 3
13 296 132
1 17 2
254 263
1 5 3
215 45 115
2 3 3
168 91 77
2 5 4
87 223 169 1
1 3 4
88 257 279 178
1 7 3
82 139 276
4 9 6
53 54 178 67 234 72
2 16 3
66 133 298
2 20 4
280 16 61 100
2 16 5
32 90 192 36 183
1 1 4
188 223 200 160
1 15 5
184 165 3 51 19
1 6 5
145 256 237 28 140
1 16 4
245 285 254 202
1 14 2
144 45
1 1 2
135 240
1 19 2
92 110
3 6 5
201 174 188 204 61
2 1 4
17 202 110 144
2 2 4
270 93 28 217
1 6 5
237 269 118 141 165
3 14 5
107 275 118 33 246
2 20 4
189 170 108 274
1 6 3
169 183 66
2 14 5
87 88 74 10 161
1 10 2
240 153
1 8 4
39 26 53 0
3 17 6
248 211 22 261 147 145
1 4 2
46 288
1 2 3
94 215 42
1 5 2
256 58
2 16 5
262 116 261 134 69
2 5 4
23 108 211 185
1 5 2
222 41
1 2 2
290 112
1 1 6
67 164 184 79 171 271
1 14 3
249 207 234
1 3 2
242 61
2 4 5
117 203 109 277 173
2 13 6
98 140 13 35 87 105
1 17 4
154 135 213 168
2 18 3
271 109 74
2 1 3
288 228 269
2 5 3
268 158 150
1 12 6
247 161 42 3 62 87
1 6 5
213 49 242 25 24
1 18 2
185 146
2 9 5
89 185 85 255 201
2 15 5
107 181 34 119 60
2 14 3
14 82 283
2 1 4
186 16 273 221
3 13 5
95 244 230 191 193
1 9 6
74 125 19 124 189 36
4 12 6
148 120 125 296 277 224
2 7 4
293 118 226 133
2 10 6
64 155 130 22 45 202
2 1 3
75 239 287
1 5 2
57 156
2 3 5
175 32 287 173 84
1 16 3
134 198 78
2 16 3
50 7 227
1 20 3
152 69 101
1 1 2
240 36
1 18 4
164 247 89 262
k 20
