300 1500 465
6 29 4 10 1 4 22 8 25 15 14 24 1 26 15 5 9 14 3 13 14 21 21 2 14 30 15 8 1 27 28 15 29 9 6 18 13 18 2 11 25 30 23 29 23 16 7 29 15 13 7 29 1 3 2 1 25 11 28 30 22 8 12 18 1 28 28 15 3 10 19 18 25 11 20 26 14 1 12 10 29 16 3 21 16 18 23 15 17 27 27 13 12 23 12 6 25 23 7 19 15 27 5 27 27 12 11 15 6 24 20 5 16 25 1 18 1 8 19 27 22 25 23 20 5 24 4 26 12 20 17 29 3 6 29 28 15 26 6 27 27 18 5 25 10 15 5 4 17 6 28 20 28 30 5 29 25 13 9 19 25 28 22 20 3 1 2 7 29 3 11 15 30 22 16 1 5 2 17 11 26 4 21 23 15 23 24 7 7 25 12 2 5 2 9 19 8 28 23 4 17 6 6 15 8 30 25 22 29 26 22 17 21 21 18 3 10 1 12 27 24 8 6 12 7 15 2 21 16 11 19 4 9 20 30 13 4 15 14 21 27 8 7 18 9 8 12 21 28 20 15 21 7 12 30 13 12 17 19 14 26 14 24 13 19 9 6 21 2 16 8 16 6 24 21 14 2 14 27 17 14 25 5 25 28 19 29 11 14 5 24 7 13 3 20 25 17 24 12 12
1 7 26 5 14 28 7 23 2 23 24 29 25 9 6 12 28 24 16 24 11 5 24 5 25 6 4 29 29 25 20 11 18 14 2 8 30 7 15 2 30 11 11 6 26 3 1 26 29 11 2 19 18 14 2 21 19 5 11 7 27 27 22 1 15 21 16 15 14 7 18 21 27 30 16 9 11 6 10 2 16 29 29 5 5 25 15 15 12 9 1 13 20 24 4 8 11 1 28 5 27 18 26 21 26 16 10 25 14 1 28 6 1 21 28 18 23 16 25 29 8 16 27 27 16 11 8 27 9 18 19 14 26 4 19 9 23 17 15 2 4 2 20 12 18 17 20 17 2 16 2 27 28 3 20 1 29 2 13 9 11 23 30 13 29 2 1 8 19 4 6 20 23 29 9 2 24 24 11 8 8 11 21 25 7 28 28 15 4 9 14 4 17 5 17 24 3 9 30 9 21 25 29 4 28 3 8 7 2 4 16 23 3 10 5 18 10 20 23 15 23 14 30 28 1 24 20 6 15 10 5 17 17 27 18 16 23 24 8 27 12 5 13 27 16 27 12 16 19 24 23 19 11 6 14 2 16 24 12 29 21 5 24 26 21 28 24 27 26 16 14 24 18 19 4 14 23 14 2 27 29 15 19 12 5 18 24 4 12 12 4 22 10 29 7 23 8 4 15 22
1 18 2
232 184
1 2 4
189 181 82 132
2 5 5
242 129 279 274 65
2 1 5
62 158 9 224 280
2 5 5
232 284 137 282 148
3 13 5
180 90 227 164 117
1 17 3
292 132 288
1 3 4
112 225 57 151
1 14 3
266 107 60
2 17 3
122 72 13
2 12 3
294 3 204
1 13 4
111 194 196 104
3 3 5
178 160 295 137 100
2 20 5
171 78 47 232 54
1 4 4
130 57 257 227
1 20 4
177 279 38 88
1 17 5
132 269 286 49 26
1 7 3
136 201 11
2 3 4
16 243 138 260
2 18 3
152 211 264
2 12 3
297 256 28
2 20 5
1 223 250 57 27
2 3 3
250 94 10
1 10 3
113 266 232
1 15 6
65 50 144 284 278 259
2 7 5
186 126 11 257 134
2 15 5
92 107 184 165 73
1 6 4
206 262 20 56
1 8 6
51 100 14 124 245 26
2 14 3
46 59 132
1 7 5
90 82 26 81 84
2 11 4
227 174 210 179
1 2 2
233 214
1 11 2
233 83
1 2 4
282 255 93 103
1 18 2
142 296
1 12 5
75 98 273 182 94
2 7 6
29 47 133 153 242 48
1 13 2
294 16
1 15 2
86 92
3 9 6
289 171 166 68 205 212
2 9 3
237 253 29
1 14 2
52 215
2 6 4
241 89 34 190
3 16 6
48 217 286 267 91 85
1 1 5
37 183 43 130 0
2 3 4
297 134 172 148
1 4 6
223 0 230 45 65 286
1 8 2
3 273
1 18 6
97 251 289 217 152 207
1 20 3
110 213 103
3 4 6
6 137 94 207 237 8
1 11 4
140 82 184 252
2 8 5
106 296 290 165 224
2 9 4
106 171 200 213
2 11 5
15 271 266 298 185
1 13 2
178 79
1 15 3
131 82 280
2 1 4
133 6 96 155
2 4 4
251 148 139 176
2 13 4
71 91 27 286
2 12 6
242 73 227 131 299 249
1 1 3
59 52 90
1 14 5
23 166 167 17 11
2 1 4
17 219 6 20
1 1 2
225 90
2 8 4
242 100 47 253
1 14 4
26 85 9 291
1 4 2
287 82
2 12 3
186 6 238
2 11 4
223 210 67 168
4 12 6
11 28 82 7 142 220
1 18 5
121 232 175 66 297
1 11 2
146 69
1 13 2
54 115
4 18 6
217 160 234 89 127 182
1 7 2
94 177
2 2 5
129 295 52 241 267
3 13 6
293 137 2 239 121 193
1 13 6
129 183 7 278 12 94
1 11 3
118 134 30
1 11 4
56 291 297 89
2 3 6
63 33 171 38 254 1
1 16 5
136 84 71 11 118
1 11 2
112 74
2 6 5
238 266 274 162 195
1 5 2
146 218
2 7 3
120 150 254
3 16 6
200 22 125 264 141 297
2 1 5
182 253 112 141 36
2 3 3
98 144 180
1 3 5
252 107 132 39 128
1 15 3
68 260 34
1 19 4
99 57 12 73
2 17 4
89 166 209 205
1 14 4
113 83 157 129
1 1 2
208 287
3 14 5
4 240 274 154 256
2 15 3
17 226 171
2 7 5
32 211 274 295 221
1 8 2
20 101
1 13 4
95 272 74 10
1 17 2
112 33
1 7 3
261 79 111
2 2 4
219 284 197 277
1 2 6
206 299 4 134 146 75
1 20 4
50 234 141 78
2 7 3
249 16 17
1 10 2
259 242
1 13 5
101 81 220 102 55
1 6 5
139 200 236 252 121
1 17 5
21 94 106 299 52
1 16 5
241 165 51 100 120
3 1 5
231 283 13 235 34
2 20 3
94 256 29
1 14 2
193 187
2 1 3
135 276 0
2 8 6
79 243 167 153 11 61
1 14 2
181 86
2 19 3
69 188 27
2 5 4
223 190 282 294
2 19 4
171 85 25 269
2 18 4
201 181 230 53
1 2 2
70 183
3 19 5
297 131 74 102 23
2 1 4
92 53 298 228
4 11 6
265 116 223 24 264 69
1 10 4
170 182 128 75
1 7 5
279 160 208 100 213
2 3 3
79 227 119
3 10 5
64 224 288 155 223
2 8 4
58 39 125 241
2 13 5
259 9 235 79 123
4 17 6
22 270 81 194 105 68
2 4 3
281 179 71
1 16 5
27 185 4 282 265
2 5 3
145 80 64
1 9 4
168 295 162 189
2 16 4
241 295 167 169
2 8 6
65 223 160 234 101 180
1 2 6
44 243 79 109 180 19
1 15 2
17 197
1 5 4
151 105 60 267
4 3 6
251 247 38 208 184 283
1 19 5
33 28 191 156 139
1 13 3
218 220 284
1 18 2
31 70
1 8 5
25 200 265 194 125
3 3 6
22 132 98 275 244 177
1 17 6
243 150 104 100 295 181
1 15 3
113 247 33
1 9 4
120 281 80 103
1 4 5
284 176 71 127 70
1 7 2
271 184
1 17 3
30 275 98
2 9 3
283 193 145
2 14 5
183 189 222 281 17
3 3 6
264 185 104 59 261 5
1 20 3
74 61 127
1 9 5
260 176 155 228 229
1 1 4
163 279 42 31
1 17 5
16 80 6 1 21
1 2 2
114 50
1 10 4
174 5 18 79
2 3 5
269 226 90 75 112
1 14 5
226 231 232 270 273
1 18 2
41 265
4 15 6
32 298 74 68 110 270
2 9 5
76 230 220 42 250
3 4 5
110 136 218 103 298
1 7 4
238 123 140 185
1 7 2
226 65
4 6 6
169 209 138 264 71 149
1 15 2
163 58
1 8 5
288 240 79 5 55
1 2 2
143 160
2 14 3
252 265 173
1 17 3
151 234 150
1 15 2
148 233
3 10 5
11 297 198 95 157
3 17 6
143 202 107 199 140 121
1 5 2
37 297
3 9 6
173 217 260 216 85 247
1 9 5
253 40 96 252 215
1 5 2
268 222
2 10 3
57 297 50
3 6 6
289 282 79 36 256 253
1 10 2
237 59
3 15 6
227 126 275 220 36 292
1 18 2
260 237
2 2 3
72 236 91
1 5 6
147 142 297 88 114 79
4 3 6
60 228 176 86 177 152
1 3 2
259 202
3 9 5
32 35 183 94 293
2 8 5
213 140 201 250 156
1 5 4
52 170 163 107
1 9 3
208 75 98
3 12 6
140 160 59 78 279 255
2 7 6
257 13 280 80 41 246
4 7 6
151 224 265 298 212 87
2 17 3
226 193 292
1 9 4
6 70 66 155
1 16 3
176 240 27
2 20 6
85 190 238 256 58 30
1 3 4
141 59 83 105
1 14 4
294 258 197 37
2 3 3
245 94 139
2 3 4
62 111 166 255
1 1 2
258 48
2 16 6
256 243 248 264 265 91
1 4 6
6 142 43 113 190 148
2 4 5
80 6 185 150 83
2 20 3
130 59 140
2 2 3
151 153 174
4 10 6
22 186 264 9 259 166
1 4 6
97 119 58 165 175 80
2 9 3
286 144 197
1 7 4
205 63 144 70
1 16 5
165 25 92 161 151
2 10 3
203 77 65
1 1 2
223 230
2 15 4
93 212 14 171
4 11 6
56 175 71 33 103 205
1 7 4
40 275 46 130
2 6 3
290 189 27
2 10 3
67 37 217
1 8 4
79 88 24 208
2 13 5
204 154 1 150 40
1 14 6
151 15 110 241 258 79
1 5 4
205 111 16 1
1 20 4
135 272 54 268
2 19 4
58 137 53 259
3 12 6
4 18 137 170 132 262
1 17 3
146 275 299
1 19 4
91 214 211 53
2 12 4
210 148 167 275
4 6 6
156 6 230 186 255 155
1 1 2
102 14
2 11 4
133 75 171 101
2 11 3
65 215 79
1 9 3
181 41 1
1 11 2
21 40
2 8 3
258 110 179
1 14 5
296 248 185 245 163
2 1 3
240 166 253
2 16 6
226 97 160 272 197 148
3 7 5
95 134 53 210 171
2 4 4
56 210 128 233
2 10 5
1 210 53 218 191
2 7 6
250 79 114 117 151 73
1 10 3
235 106 220
2 9 4
110 107 101 119
1 12 3
263 260 103
1 3 2
207 122
1 3 4
155 297 268 160
2 5 4
260 167 269 284
3 12 5
160 92 247 269 73
2 12 5
1 6 155 281 117
1 17 4
251 2 160 214
1 9 6
128 68 228 21 266 298
2 19 3
263 191 129
1 2 2
157 201
1 18 4
284 28 120 145
1 6 4
264 148 216 166
2 17 5
31 62 230 162 101
1 5 4
127 30 145 18
3 11 5
161 195 221 276 11
2 13 4
62 133 270 137
1 7 6
186 266 227 61 217 225
2 7 3
104 39 206
1 5 2
145 19
1 10 2
43 163
4 15 6
141 245 298 214 104 94
2 8 4
244 276 52 49
1 17 4
83 141 114 216
2 9 5
244 148 248 289 94
1 1 2
22 181
4 20 6
193 129 259 151 0 95
1 4 4
32 63 229 253
2 18 3
106 223 96
1 4 5
81 30 290 11 73
1 12 6
290 131 121 196 247 77
1 19 3
191 149 132
1 9 2
143 145
1 2 3
138 186 223
1 4 4
130 207 64 238
1 14 5
68 287 274 198 285
1 4 2
296 66
3 19 6
291 221 146 75 144 59
2 14 5
185 260 156 119 223
2 20 4
142 150 49 29
1 8 4
42 245 56 91
2 5 5
17 23 43 270 168
1 1 6
206 182 65 141 205 277
4 20 6
11 223 281 63 296 125
1 4 3
202 56 22
2 11 3
180 104 287
3 9 5
205 262 286 99 206
1 1 3
231 270 115
2 19 4
252 251 119 194
2 3 3
175 147 242
1 11 3
5 86 299
2 6 5
261 209 40 104 11
2 15 5
23 221 234 179 129
2 17 3
197 220 254
1 17 2
255 102
1 12 2
191 177
2 20 4
266 80 90 156
1 15 2
69 164
1 3 4
260 16 26 214
2 8 5
144 171 228 132 84
2 2 3
194 274 297
2 13 4
60 181 39 37
2 15 3
280 27 198
1 8 4
293 76 112 170
1 16 2
72 111
1 7 5
277 249 100 27 120
1 18 2
186 103
4 3 6
230 82 0 168 155 167
1 12 2
90 73
1 8 3
183 26 13
1 19 2
235 207
2 10 3
187 264 250
2 12 4
61 199 179 84
1 16 5
122 128 204 180 106
1 20 2
268 239
1 12 2
97 71
3 12 5
136 132 220 221 91
1 16 2
277 234
2 4 5
169 4 156 108 260
3 4 5
12 180 80 285 172
3 17 5
249 181 219 132 147
2 9 6
186 182 277 218 239 215
3 1 5
299 124 23 210 194
1 7 2
191 150
4 10 6
295 290 197 68 97 166
3 17 5
100 77 123 127 93
1 19 2
66 155
2 2 4
79 86 7 49
1 16 2
133 121
1 14 3
118 270 128
1 20 4
193 172 19 150
2 20 3
120 264 64
2 20 3
174 59 274
1 5 2
270 99
1 3 2
63 106
4 6 6
236 59 159 285 136 267
1 11 2
190 236
1 19 2
242 102
2 12 6
234 72 83 262 50 228
1 8 2
235 41
2 11 5
3 294 153 151 127
1 19 5
179 141 95 211 186
1 2 5
34 21 144 299 272
2 19 3
115 87 178
1 2 3
108 143 195
1 19 3
199 174 77
2 5 3
141 240 93
1 10 2
154 38
1 10 5
2 56 202 175 24
2 14 4
217 87 128 158
1 1 5
275 143 71 196 282
3 16 6
11 16 216 67 74 52
1 14 2
164 56
2 20 5
98 126 183 84 33
2 4 6
148 112 216 187 198 7
4 2 6
9 202 42 101 40 295
2 5 5
210 41 43 203 153
1 5 2
229 209
2 11 4
221 104 43 3
2 3 5
112 42 8 188 47
4 3 6
9 259 227 193 172 176
2 5 6
64 238 24 283 153 264
1 13 2
26 105
2 2 6
68 253 65 15 262 289
1 6 6
0 226 293 31 255 6
1 10 5
81 80 288 33 205
2 9 3
87 165 131
2 10 5
293 291 237 206 70
1 2 3
86 223 175
3 19 5
251 207 256 269 262
1 5 3
34 52 42
1 11 2
163 47
2 9 6
38 208 81 11 25 123
4 8 6
273 12 259 232 113 185
2 6 3
170 63 98
2 13 5
27 239 209 57 184
2 1 3
66 104 269
1 6 6
153 278 261 204 120 121
4 5 6
133 206 220 177 2 266
4 16 6
209 296 134 92 54 95
1 9 2
95 134
1 10 2
201 88
3 12 6
177 39 224 109 202 102
1 18 6
221 49 234 127 149 31
3 15 5
23 250 132 241 279
2 11 4
289 177 174 142
2 9 4
213 234 109 184
2 11 5
199 277 82 126 241
3 2 5
156 135 12 177 194
1 8 5
91 144 2 18 256
3 12 6
5 39 168 256 150 148
1 10 5
87 164 161 19 240
2 16 6
1 260 99 285 293 122
2 12 4
299 190 61 271
1 17 2
59 287
1 13 5
115 66 23 149 37
2 14 4
138 272 69 221
1 14 2
164 295
1 20 5
5 53 140 210 48
2 17 4
194 70 188 177
1 9 5
298 234 122 30 128
1 3 2
177 172
3 19 5
98 152 216 34 208
1 15 2
244 58
1 15 2
274 204
1 12 4
203 51 214 182
2 10 4
40 232 59 133
1 9 2
65 183
1 20 4
48 243 281 244
1 12 4
126 86 290 109
2 8 5
264 114 2 118 17
1 4 2
24 91
1 15 3
23 226 71
1 8 2
73 96
3 9 5
78 212 88 169 15
2 7 4
95 116 229 36
2 17 6
266 11 258 39 181 145
1 20 2
73 276
1 20 5
114 23 255 133 142
1 9 2
21 0
3 19 5
33 44 299 197 213
4 19 6
98 160 1 170 203 159
2 17 4
205 55 230 172
1 18 2
50 111
2 15 5
49 260 261 122 72
1 16 4
87 137 232 274
2 4 5
262 204 164 61 95
1 11 5
195 106 281 290 149
1 9 4
37 141 131 261
1 14 5
38 80 27 194 46
2 18 4
55 128 266 101
1 1 2
95 245
2 7 4
22 264 121 53
1 19 2
74 203
1 7 4
35 92 17 82
3 16 6
155 158 216 245 202 77
2 15 5
102 38 85 67 239
2 7 3
243 223 205
1 20 2
119 94
3 18 6
181 193 215 255 186 48
2 20 3
274 251 195
2 20 3
201 22 208
2 14 5
270 159 197 288 172
2 6 3
82 283 16
1 2 2
251 69
3 9 6
209 225 39 87 131 2
3 9 6
19 293 85 204 172 64
3 16 5
268 156 186 277 148
3 17 5
146 114 13 151 293
1 5 6
71 68 169 1 238 237
1 12 2
260 231
4 10 6
113 284 48 95 35 141
2 11 5
120 266 16 17 167
2 14 4
72 197 88 102
2 15 5
61 142 125 184 269
1 9 3
44 99 186
1 12 2
0 132
2 20 3
269 288 149
1 10 3
15 45 39
1 5 3
107 288 207
1 12 4
128 27 51 207
2 1 3
276 57 98
1 15 2
144 226
1 3 3
109 298 2
1 3 2
145 219
2 6 5
8 275 210 10 284
2 3 4
44 139 169 1
1 12 3
234 255 162
2 9 5
204 228 245 145 241
1 15 3
166 50 149
1 14 3
150 87 235
1 2 2
225 18
1 10 2
219 74
1 3 2
103 17
2 8 5
197 68 44 88 144
1 3 2
135 47
1 10 2
139 54
1 18 2
140 125
2 7 3
281 190 38
2 6 3
292 172 62
4 12 6
167 21 91 160 274 138
1 2 4
33 269 219 192
1 6 5
20 193 5 199 50
1 9 2
43 25
2 15 3
193 81 166
2 13 4
188 83 170 33
2 6 5
251 131 93 184 299
1 6 3
72 190 189
1 14 5
216 255 140 87 60
2 1 4
130 74 156 33
2 4 3
53 120 264
1 16 2
202 180
1 6 2
164 17
1 12 6
267 68 245 194 67 187
2 17 5
3 49 115 45 215
1 12 4
79 179 137 64
2 4 3
280 176 113
1 13 5
284 23 123 50 104
3 19 5
277 17 145 182 74
1 2 2
65 145
3 9 6
223 78 239 117 179 204
4 6 6
242 79 98 104 160 108
2 12 6
256 107 297 98 288 1
4 16 6
272 9 289 209 248 140
1 8 6
9 176 53 113 202 238
1 1 6
71 277 88 256 120 78
3 11 5
190 172 56 122 201
4 16 6
238 190 93 61 235 42
2 18 3
228 126 245
1 14 6
253 279 101 77 265 269
1 7 2
162 190
3 2 6
286 150 49 292 285 11
1 9 6
281 242 240 21 234 273
1 9 3
182 26 141
2 1 6
227 145 224 110 129 91
2 2 4
165 30 101 44
3 4 6
129 195 8 145 223 198
2 1 4
148 204 129 155
1 2 6
2 217 69 141 233 84
1 10 3
114 102 268
1 18 3
75 248 5
1 12 4
136 244 247 15
3 19 5
269 18 263 204 52
3 17 6
124 187 31 203 46 218
3 14 6
281 170 130 3 121 224
1 9 2
293 91
2 3 3
121 111 142
2 9 6
84 186 287 199 168 235
1 12 2
94 95
1 4 2
9 275
1 15 4
146 282 238 289
1 16 4
136 177 247 253
1 10 3
290 125 60
1 5 3
204 202 219
1 17 5
191 223 13 20 295
2 17 5
111 29 63 293 72
1 6 3
88 206 155
1 18 3
263 201 60
1 7 2
68 80
2 20 4
70 79 194 191
2 5 4
91 59 169 33
2 4 4
131 122 205 258
1 19 2
115 153
2 2 4
275 177 283 272
1 13 5
140 263 90 15 205
3 2 5
202 271 132 138 33
2 8 5
8 270 126 185 284
2 7 3
193 34 228
2 5 3
205 66 295
3 1 6
199 95 284 162 158 79
2 6 5
166 69 72 55 117
2 17 4
182 289 5 57
1 14 6
260 129 128 295 261 258
2 12 3
212 144 194
2 7 4
4 214 148 61
1 1 2
23 74
1 17 2
146 100
3 2 5
19 288 223 145 3
3 12 5
2 295 103 148 76
1 19 3
287 31 177
1 4 2
82 139
1 2 4
298 54 275 178
1 3 4
28 285 131 279
1 13 2
260 153
2 9 5
71 48 18 139 43
2 2 6
127 192 198 296 86 186
1 8 3
178 293 202
2 6 5
278 169 275 33 95
1 2 5
218 283 231 188 116
2 6 4
198 180 250 36
3 15 6
249 84 214 208 230 18
4 10 6
145 218 154 37 57 278
1 13 2
168 52
3 3 6
135 280 34 153 85 75
2 11 6
53 224 139 47 58 184
4 1 6
297 14 97 95 145 103
2 7 3
233 48 273
2 13 4
215 172 282 186
1 16 4
248 200 285 145
2 6 5
68 97 73 116 50
3 19 5
32 15 113 119 116
2 9 5
200 252 203 245 246
1 17 4
123 19 153 227
1 1 5
40 237 30 41 63
1 11 2
202 245
1 15 6
16 183 292 24 89 274
3 16 5
231 285 48 177 71
1 3 3
298 238 295
1 6 2
114 50
2 17 5
44 177 198 275 100
1 16 5
206 179 95 57 143
1 3 2
295 22
1 17 3
58 93 138
1 11 2
78 38
3 19 5
193 294 270 5 35
1 3 6
7 0 203 130 266 121
1 5 5
147 85 82 13 103
2 1 5
151 130 27 58 56
3 14 5
9 194 46 275 0
1 14 3
223 68 52
1 12 5
51 176 76 47 95
1 13 4
287 124 132 82
4 3 6
280 113 207 256 21 172
3 17 5
144 111 116 136 288
1 2 6
11 140 29 236 284 115
4 7 6
27 119 277 49 151 152
1 14 4
249 294 101 188
2 15 6
184 134 240 64 199 227
1 17 4
133 283 291 237
2 19 6
126 63 122 29 269 206
2 18 5
216 29 37 96 207
1 8 2
277 225
1 7 4
201 58 115 234
1 2 5
208 221 285 186 137
1 16 4
191 72 141 241
2 17 4
126 129 204 31
1 11 2
167 170
1 17 3
50 54 229
1 13 2
213 125
2 4 4
294 213 255 87
2 20 6
8 245 258 90 109 217
2 17 4
175 282 8 178
1 7 6
113 133 230 4 39 266
2 16 5
296 21 110 7 299
2 19 5
255 24 68 3 293
1 13 6
274 245 121 32 173 172
1 11 5
104 237 277 174 45
3 3 5
117 229 98 149 73
2 1 5
170 233 0 140 86
1 14 2
181 183
2 2 3
168 19 49
1 10 2
110 172
1 4 6
216 196 130 256 68 291
2 3 4
258 135 52 226
2 14 3
170 158 161
2 20 4
288 15 144 228
4 15 6
63 34 64 8 205 156
2 10 4
196 104 186 2
1 19 4
246 92 85 145
3 9 6
114 167 95 218 165 43
2 15 3
43 66 250
2 16 3
221 119 86
1 17 4
60 206 232 82
2 19 4
30 63 41 286
3 19 6
227 268 280 196 251 237
1 18 2
278 32
2 8 4
68 48 51 227
4 14 6
51 105 59 108 138 170
1 20 6
278 89 292 138 66 112
2 9 5
254 15 7 81 144
4 6 6
175 174 226 65 39 267
1 19 3
197 214 254
3 4 6
98 83 60 297 169 212
2 1 4
261 0 180 148
3 1 6
133 102 51 158 47 59
2 4 3
237 269 0
1 4 5
5 95 189 298 165
2 13 4
162 127 99 83
3 11 6
170 198 295 265 115 166
2 9 4
100 232 88 178
3 20 6
256 196 213 192 53 220
2 9 6
142 288 154 99 23 182
1 4 2
140 69
1 5 3
19 231 133
1 19 5
98 268 195 19 80
1 17 2
246 61
3 9 5
276 124 127 241 94
1 15 2
190 27
1 7 4
223 0 290 200
2 1 4
4 58 96 215
2 12 3
247 178 202
1 14 2
204 5
1 1 3
60 240 195
1 13 3
269 38 3
4 14 6
294 30 269 31 153 79
1 18 2
219 84
1 2 2
279 231
2 10 3
213 134 3
2 19 4
257 145 57 11
3 12 6
283 106 279 46 261 240
1 10 2
39 145
4 14 6
216 6 234 132 51 78
1 11 5
133 209 37 88 90
1 14 2
11 189
2 9 3
17 286 260
2 10 4
3 156 116 239
1 11 2
208 19
2 6 4
107 212 235 255
2 12 4
180 54 90 79
1 13 3
217 270 253
1 1 2
146 35
1 13 6
256 144 222 127 169 71
2 10 5
159 224 261 48 5
1 20 2
175 24
2 19 6
175 259 135 161 0 54
1 7 3
285 86 242
1 6 4
176 247 131 84
1 17 3
193 254 126
3 14 6
71 260 199 236 92 189
2 18 3
173 89 132
1 9 4
200 150 172 253
1 6 2
37 86
1 20 2
257 296
3 19 6
272 267 194 228 178 218
2 18 4
166 205 73 62
2 13 3
299 104 263
2 1 5
2 31 250 144 14
1 19 4
244 177 283 72
2 17 3
265 223 251
2 6 3
180 116 31
1 16 4
83 265 80 253
1 14 2
12 66
1 4 3
216 294 102
3 10 5
264 139 57 204 71
2 18 4
167 13 70 206
1 18 2
153 14
3 14 5
282 223 151 37 256
1 5 6
210 206 257 143 208 239
3 14 6
234 214 32 13 142 266
2 8 4
107 251 22 78
1 8 3
272 41 39
1 13 3
93 102 127
1 11 3
145 156 161
1 11 3
265 288 102
1 6 6
53 124 60 154 290 89
3 19 5
110 272 201 204 200
2 1 3
201 76 16
1 2 5
147 169 281 236 144
2 16 4
44 34 245 51
4 2 6
189 260 285 117 134 107
1 18 2
12 62
1 4 4
266 80 60 56
1 20 2
65 272
1 5 3
134 163 143
2 15 4
218 234 183 76
2 17 5
208 27 93 99 250
2 9 5
295 199 215 125 142
1 4 3
31 283 212
2 11 5
228 233 246 13 92
2 16 3
73 39 187
2 8 4
214 239 6 231
1 5 2
181 60
1 11 2
146 14
1 1 2
240 167
1 18 2
263 117
1 15 2
68 17
2 14 4
265 135 216 174
2 13 6
71 12 206 10 111 196
2 13 4
106 224 291 212
1 7 3
187 126 118
2 17 4
113 287 80 61
2 19 3
1 136 279
3 14 6
253 72 160 19 87 95
1 1 4
185 99 287 130
1 19 4
200 258 76 222
1 10 6
11 176 274 299 93 144
2 14 6
148 100 233 179 295 17
2 3 5
104 116 2 65 46
2 11 5
25 171 116 182 113
2 3 3
261 253 155
1 16 4
113 175 161 13
3 12 6
109 139 299 261 148 246
4 2 6
109 148 80 112 96 258
1 13 2
195 99
2 11 4
85 200 60 159
1 17 4
299 19 234 173
2 3 4
126 51 7 261
3 7 5
254 113 197 214 87
1 12 2
217 13
1 12 3
90 195 161
2 13 4
242 266 199 295
2 12 3
224 141 15
3 8 5
207 5 263 37 295
2 8 3
78 23 58
2 19 5
238 48 224 239 50
2 4 3
171 216 1
2 2 6
183 240 76 293 47 115
1 19 5
282 152 149 119 259
2 9 6
204 133 211 87 114 192
1 10 5
53 140 51 114 284
1 20 2
243 258
1 5 4
221 122 215 17
4 8 6
96 103 247 80 101 243
1 11 3
90 281 161
2 1 6
30 221 259 235 80 279
1 3 3
68 34 96
3 1 5
204 21 45 24 238
1 17 2
101 70
3 9 6
278 240 225 272 44 227
2 8 3
134 44 290
4 8 6
266 282 195 36 9 192
1 1 2
200 85
1 8 6
212 298 148 215 88 160
2 4 6
23 287 190 7 81 276
1 10 6
58 176 261 179 278 282
2 20 5
288 149 32 212 33
1 2 4
243 98 60 27
1 8 4
270 99 222 285
1 15 3
227 37 202
2 18 5
175 173 206 134 220
1 20 2
228 179
1 9 2
186 174
1 20 2
112 141
1 13 4
24 252 231 189
2 8 6
204 137 92 156 238 201
1 8 2
100 123
2 20 4
27 71 150 173
2 6 3
167 104 64
2 5 5
151 145 172 191 166
1 3 2
78 267
1 2 2
115 170
1 8 4
230 38 62 244
2 10 5
202 257 186 151 137
2 8 3
216 143 136
3 8 6
259 179 56 19 138 265
2 18 5
204 18 220 226 24
1 1 3
68 216 156
1 2 2
24 11
3 1 5
18 94 16 247 290
1 10 2
131 82
2 3 3
294 25 183
1 6 4
147 47 290 173
2 17 3
241 40 32
2 12 6
214 215 112 208 299 121
1 9 5
114 154 59 74 256
1 1 3
53 134 113
1 4 2
100 208
2 6 4
180 22 186 25
2 13 4
35 298 280 74
3 9 5
199 256 6 109 166
3 8 5
263 14 234 82 160
2 13 3
36 238 52
1 1 2
183 298
1 5 4
226 90 105 141
2 16 5
168 273 253 106 236
3 16 6
134 2 63 267 224 86
1 16 2
259 16
3 6 5
236 266 85 97 212
2 5 3
277 211 24
3 3 5
174 245 224 31 130
3 11 5
162 182 130 269 144
1 4 2
292 268
2 17 6
36 144 119 149 290 256
1 13 4
275 11 152 231
2 12 3
57 258 281
2 10 3
169 23 31
4 19 6
70 97 282 283 40 176
1 13 2
11 86
1 18 3
103 280 131
2 3 3
172 263 60
1 18 6
199 128 121 148 253 219
3 6 5
98 184 243 31 229
2 12 4
103 277 149 89
1 2 4
214 78 114 160
1 16 2
251 166
3 19 6
252 261 75 250 96 65
1 20 2
72 157
3 2 6
173 76 176 58 166 277
1 7 2
23 195
1 16 6
168 36 98 42 285 54
1 5 5
296 23 264 151 112
2 13 3
115 182 17
1 12 4
244 211 59 55
2 4 3
40 274 179
2 16 6
196 27 11 126 183 107
2 7 3
17 174 63
1 5 2
73 298
2 16 6
52 201 205 101 115 89
2 15 4
178 224 166 115
2 17 3
116 168 162
1 5 4
181 27 159 117
2 20 6
244 130 234 212 205 78
1 3 3
57 173 254
4 13 6
182 50 72 272 47 133
2 15 4
59 155 286 56
2 16 4
16 73 45 265
1 2 4
12 56 259 114
2 16 3
274 250 93
2 13 4
69 115 47 218
4 7 6
5 60 248 178 56 148
1 10 5
18 228 286 265 24
1 3 5
64 159 19 87 138
1 12 3
190 132 293
1 6 4
237 217 218 142
2 15 3
151 230 139
1 7 6
128 278 154 257 202 247
1 12 2
222 116
1 17 6
192 207 243 199 289 78
1 4 2
58 145
1 14 2
39 286
2 7 5
176 62 78 75 109
2 19 4
133 288 207 208
3 6 6
61 202 93 8 185 285
1 8 3
292 6 244
1 4 2
13 132
3 15 6
266 159 211 146 134 267
2 20 3
108 9 165
2 8 4
232 191 201 147
2 1 4
239 35 198 85
2 19 4
10 133 166 72
3 6 5
0 162 196 50 147
2 14 3
36 39 14
2 14 6
124 267 254 266 285 118
2 20 5
161 243 261 104 185
4 3 6
16 185 92 235 30 87
2 18 6
233 163 200 225 31 18
2 18 3
79 261 12
3 17 6
134 250 12 228 223 270
1 15 3
172 3 89
1 10 4
225 129 13 229
1 5 2
291 180
2 18 3
295 152 244
2 13 4
269 188 93 160
2 6 4
233 289 229 192
1 3 2
124 24
2 4 4
84 140 81 255
1 9 6
187 26 198 233 56 17
1 17 4
22 253 128 151
1 7 5
77 223 211 181 48
1 4 2
266 227
2 19 3
118 56 82
1 6 3
113 65 27
1 3 4
261 216 198 257
1 15 2
102 278
1 13 2
40 8
1 13 2
189 239
2 7 5
121 113 194 140 283
1 8 2
194 6
3 5 6
90 77 33 186 212 240
3 10 6
274 157 4 292 200 86
1 16 4
244 186 285 171
1 2 2
47 291
1 16 2
35 148
3 15 6
133 33 120 145 229 260
2 11 3
86 246 33
3 19 6
247 2 63 232 27 135
1 3 2
69 35
1 7 5
171 103 43 177 138
1 3 3
162 191 134
1 1 2
196 66
2 13 6
248 50 210 82 157 40
2 6 4
20 101 135 99
2 20 3
122 99 139
1 18 5
21 223 121 288 130
2 19 3
137 229 34
1 18 3
178 239 278
1 15 2
251 92
3 8 5
2 25 13 289 202
2 1 4
27 281 21 234
1 4 5
190 9 35 122 278
2 12 3
130 234 158
1 1 4
70 276 93 158
2 15 5
98 21 28 145 87
2 9 3
150 8 270
4 8 6
275 155 86 287 83 116
3 9 6
125 8 71 189 17 238
1 13 2
190 212
1 20 2
138 22
4 12 6
162 244 104 70 155 144
1 12 3
24 114 282
4 16 6
247 276 98 88 165 256
2 12 5
296 26 191 262 159
1 20 2
244 86
3 11 6
2 129 37 83 214 95
1 15 3
77 229 15
2 9 4
276 263 115 163
1 4 3
69 192 241
2 6 3
253 280 111
1 13 5
79 71 70 30 2
1 2 6
236 4 62 159 76 16
4 2 6
176 60 104 135 194 147
1 11 2
60 251
1 18 5
171 203 161 172 2
1 6 2
144 249
2 13 5
288 298 13 299 174
2 16 4
263 295 95 272
4 13 6
159 182 105 108 263 118
2 9 3
6 203 255
1 20 5
221 229 96 147 16
2 4 6
206 238 139 51 209 48
1 9 5
187 71 87 253 222
2 1 5
285 294 8 42 2
1 17 3
298 108 62
3 9 6
158 57 98 210 44 273
2 9 6
116 249 167 175 64 5
2 4 5
228 299 110 80 221
1 6 4
38 246 251 98
2 2 6
283 181 120 45 163 0
3 2 6
187 145 226 96 71 282
2 18 3
169 288 261
1 6 5
196 46 231 188 130
1 6 4
10 59 262 78
2 20 4
148 19 37 2
2 19 4
284 91 211 28
1 7 4
172 41 162 20
2 1 5
101 242 283 141 286
1 17 2
258 53
2 19 5
197 228 263 185 241
1 14 2
2 279
1 2 6
6 14 28 233 271 293
2 18 5
245 26 273 109 168
1 7 2
108 227
4 13 6
81 216 63 270 105 130
1 11 2
126 282
2 2 5
282 118 81 136 35
1 16 6
144 27 2 163 3 87
1 9 4
86 49 107 206
1 13 2
40 210
1 6 4
70 19 242 231
1 9 2
169 272
1 18 3
86 236 179
1 6 3
198 113 278
2 20 3
235 111 45
3 20 6
118 273 139 253 232 9
1 10 2
204 123
1 9 4
283 224 289 15
1 2 5
143 233 262 156 62
1 3 2
112 174
1 8 5
192 156 6 207 138
2 13 4
264 295 130 80
2 9 4
150 227 299 31
3 18 6
92 177 137 198 39 129
2 9 3
192 150 5
1 9 2
15 268
3 1 6
242 64 258 68 296 120
2 7 5
125 232 283 231 282
2 16 5
5 236 225 142 50
2 20 6
177 257 297 145 189 258
1 17 2
202 28
1 20 5
174 59 93 19 218
1 7 2
266 99
1 8 2
26 64
1 16 6
94 241 85 67 188 239
1 4 4
163 39 259 144
2 2 3
145 247 293
1 19 3
90 189 184
1 4 5
76 186 12 193 94
2 20 3
103 242 67
1 7 5
235 146 46 162 190
1 18 2
252 244
3 2 5
21 130 88 133 230
2 3 4
213 50 52 74
1 7 4
14 26 24 65
1 9 5
136 209 275 10 291
2 5 3
6 222 291
1 14 4
173 120 203 162
1 8 5
251 137 271 235 77
1 18 4
154 238 114 6
2 11 5
210 169 190 237 227
4 7 6
213 63 262 194 120 99
3 7 5
290 197 166 150 246
1 10 3
193 190 161
3 6 6
184 87 99 191 237 153
1 2 6
244 151 91 297 208 269
1 19 2
6 223
3 11 5
246 38 234 54 64
1 8 5
145 31 59 122 73
2 2 3
47 87 177
2 7 3
36 157 91
3 5 5
122 256 138 282 16
2 16 3
87 9 55
1 9 2
131 74
1 3 3
243 235 46
4 12 6
64 118 159 81 61 151
1 3 3
152 36 181
2 5 4
219 166 57 206
1 9 4
137 250 99 158
2 7 3
209 229 245
2 15 4
107 47 188 92
1 6 4
8 154 91 40
1 15 6
257 15 103 176 295 150
3 1 6
182 108 9 194 8 130
3 14 6
105 91 179 79 51 203
3 10 6
167 108 161 250 80 17
1 19 5
47 42 37 253 229
3 17 6
209 206 175 164 170 210
1 15 4
173 275 224 241
1 15 4
204 56 244 237
1 6 2
266 153
1 19 3
114 74 49
2 19 3
197 133 272
1 4 3
19 275 218
1 16 2
50 1
2 20 6
245 140 232 166 196 65
2 2 6
111 126 282 234 290 59
1 14 2
129 122
1 16 2
160 273
1 7 4
232 55 298 289
2 13 3
119 146 186
1 3 5
232 279 55 84 290
2 10 6
241 195 116 125 185 42
2 9 4
226 31 142 189
1 12 3
224 31 174
2 8 3
229 57 275
2 15 3
49 240 38
1 19 3
53 3 92
2 4 4
226 182 270 0
1 14 2
229 238
1 11 2
154 147
4 20 6
197 251 212 74 201 113
1 2 4
77 191 111 19
4 18 6
51 182 104 46 38 27
2 3 3
147 156 139
3 12 5
225 277 282 297 173
2 14 4
57 150 41 285
1 3 2
18 283
2 20 3
29 131 32
3 17 5
66 188 8 286 292
2 14 3
14 260 177
2 1 4
249 58 16 180
2 15 3
59 185 228
2 11 4
69 189 296 244
1 7 5
156 100 5 55 38
1 5 2
154 150
2 3 6
47 211 169 260 147 88
1 6 2
238 242
2 3 6
95 87 120 162 297 63
1 20 4
181 282 57 134
2 9 6
43 181 23 121 103 195
4 1 6
17 270 165 263 58 264
1 18 4
58 202 92 7
4 1 6
61 134 281 74 42 280
1 7 2
283 266
1 18 2
12 144
1 17 4
60 275 101 270
2 5 6
10 51 297 38 56 116
2 9 5
217 125 245 11 218
1 19 5
74 289 133 290 209
2 1 6
74 121 206 61 44 252
2 3 3
217 136 231
1 16 2
238 70
1 1 6
125 199 226 111 66 119
2 8 3
126 198 209
3 14 6
149 95 68 90 44 235
1 19 2
86 19
1 17 2
208 287
4 9 6
107 289 19 230 125 52
1 10 2
27 7
2 4 6
59 61 191 293 132 93
1 6 2
70 150
4 1 6
97 33 180 272 60 139
2 9 3
248 290 79
2 5 5
257 170 49 210 8
1 12 5
88 265 8 205 183
1 4 3
199 56 239
2 15 4
55 117 277 91
1 11 4
75 37 135 117
1 20 6
146 27 269 277 125 43
1 7 2
26 261
1 10 2
170 293
2 2 3
138 166 156
1 8 3
251 134 161
2 20 4
59 162 241 238
3 8 5
133 122 167 282 276
2 6 5
97 3 237 224 123
3 3 5
45 163 173 191 49
1 9 6
20 114 68 168 128 26
2 5 5
89 145 124 270 47
1 19 3
61 139 293
1 17 2
111 106
1 1 3
195 107 278
1 13 3
279 161 168
2 5 5
151 38 291 93 272
2 17 5
193 11 184 160 93
1 10 5
178 174 294 202 129
2 3 6
202 33 147 61 23 148
2 18 6
261 106 271 163 168 72
3 12 5
263 103 52 190 97
2 2 6
255 196 60 173 187 176
2 14 4
181 104 263 116
1 6 2
208 93
2 8 3
251 227 91
3 16 6
273 132 188 280 44 244
2 18 4
177 48 85 15
1 19 2
142 73
1 11 2
252 291
1 13 2
156 119
1 12 2
144 60
1 19 2
36 35
1 12 3
137 2 138
1 5 5
46 249 24 146 283
4 8 6
274 65 40 76 100 14
1 1 3
148 193 137
2 14 4
142 294 113 261
2 1 3
8 287 296
1 3 5
291 212 210 19 196
1 6 5
2 127 40 59 24
3 13 5
270 257 163 240 9
1 6 3
208 45 162
2 4 3
170 124 228
4 10 6
231 38 194 205 135 296
1 1 2
17 72
1 16 3
160 223 197
1 12 2
272 229
1 14 2
102 288
2 1 4
180 115 22 287
1 17 2
196 206
1 5 3
78 122 1
1 16 4
174 237 166 233
1 2 2
34 110
1 2 5
143 14 181 211 183
2 9 3
176 96 295
1 11 5
206 61 41 49 56
2 1 5
26 189 115 4 271
1 4 3
82 271 262
3 19 5
163 286 69 270 113
1 11 2
197 213
1 3 3
209 180 160
3 20 5
37 58 78 89 68
2 14 4
119 239 6 209
2 10 4
119 95 128 7
4 19 6
108 2 260 163 112 213
1 12 6
42 292 27 17 99 22
2 6 4
53 175 87 240
1 9 5
70 51 249 65 243
1 9 2
257 168
3 18 6
266 276 287 191 140 148
1 20 3
189 111 38
1 8 5
180 61 18 292 223
2 20 3
152 281 124
2 10 3
166 190 86
3 7 6
38 113 78 270 31 258
1 18 6
128 105 39 229 28 5
1 18 6
214 241 198 235 165 112
2 13 5
133 2 177 246 136
1 12 4
209 241 54 15
2 19 4
60 74 38 35
1 2 3
25 48 55
3 19 5
147 159 52 152 137
4 2 6
270 41 165 184 112 6
1 16 2
211 42
4 13 6
165 98 74 177 62 163
2 1 6
109 46 16 228 294 121
2 6 4
233 228 157 129
2 3 3
54 73 9
3 12 6
249 75 271 223 298 147
3 19 5
49 290 222 52 20
1 6 5
282 143 202 220 244
1 12 4
284 163 28 217
1 8 2
267 82
3 18 6
297 248 54 38 113 20
1 2 2
136 192
1 17 3
114 14 289
1 5 2
105 254
1 11 2
161 288
1 1 4
227 238 250 196
1 12 2
63 51
1 15 6
157 132 30 158 249 120
3 2 5
249 0 56 153 141
1 4 6
10 121 116 59 115 186
1 6 6
35 20 80 143 227 26
2 19 4
7 221 202 24
2 2 6
281 157 4 153 35 9
1 10 4
257 103 201 208
2 3 6
146 64 174 251 167 182
1 10 3
146 94 158
1 8 2
49 199
1 5 4
266 265 148 23
1 13 3
268 6 176
2 5 3
181 158 169
3 18 5
133 225 193 248 103
2 11 4
201 226 105 124
2 2 3
224 141 251
1 19 6
0 72 234 141 112 73
2 7 5
213 74 105 33 231
4 11 6
94 184 287 81 248 50
1 7 5
197 281 229 111 34
2 16 4
218 80 160 100
1 8 6
47 263 15 98 106 7
1 8 2
122 244
2 2 5
228 104 61 100 171
1 6 3
291 70 116
4 6 6
258 19 169 267 97 119
1 5 3
97 66 14
1 8 2
46 258
2 7 6
157 266 219 212 167 182
3 11 6
224 73 279 83 167 139
2 18 4
167 224 213 192
3 14 5
247 213 132 218 200
1 6 2
254 100
2 6 4
114 99 238 116
1 14 5
72 262 284 46 176
2 7 4
29 240 195 129
3 18 5
244 259 245 47 117
4 11 6
108 164 153 152 285 2
2 7 3
32 254 153
3 17 6
63 248 241 239 225 206
3 14 6
217 208 124 132 23 176
1 8 5
6 272 44 85 72
2 7 5
120 37 163 100 188
2 4 4
172 112 135 134
1 6 2
256 11
3 9 6
93 246 184 199 78 192
2 5 4
50 134 194 229
2 3 3
226 297 232
3 13 5
109 43 47 273 269
1 12 5
104 268 229 86 280
2 17 3
267 80 47
1 19 2
47 246
1 7 2
117 50
1 2 5
124 1 273 185 132
2 15 4
13 272 72 172
2 18 4
104 107 232 191
1 1 2
266 134
1 19 3
151 195 80
4 13 6
182 274 247 23 236 82
2 17 3
16 173 44
1 8 2
160 83
3 15 6
293 268 172 219 215 276
1 9 3
216 81 283
2 3 4
197 205 232 190
2 18 6
10 257 98 292 17 146
1 5 2
150 110
1 4 4
105 161 210 14
1 7 2
43 234
3 15 6
72 71 259 182 43 115
1 16 6
56 249 248 93 288 168
1 7 4
276 249 72 187
1 11 4
155 263 281 253
2 5 4
28 222 197 223
3 16 6
16 110 186 223 58 31
2 18 4
101 180 69 92
2 18 3
247 178 30
2 14 4
9 217 67 139
1 4 2
68 298
1 8 5
238 65 218 150 273
2 6 6
235 289 248 15 80 158
1 3 4
281 85 221 65
1 7 2
61 289
1 10 4
69 291 37 169
2 10 6
260 231 29 204 42 236
2 1 6
201 195 257 207 232 279
1 6 3
240 140 24
1 14 5
109 78 15 54 250
1 5 2
150 67
2 1 4
118 60 55 77
3 3 6
154 221 87 229 163 211
1 3 3
294 227 127
1 9 6
129 280 14 278 127 266
1 6 3
212 200 68
1 9 4
99 116 137 18
1 2 2
124 143
4 14 6
193 257 53 93 232 94
1 4 4
127 94 93 10
1 14 4
150 192 51 213
1 15 4
255 87 117 57
1 17 4
288 290 170 274
1 14 2
127 191
1 8 4
116 162 225 207
1 10 2
111 117
1 16 2
18 19
2 14 3
52 99 6
1 13 5
280 8 7 198 231
1 10 4
120 167 250 124
1 6 6
188 179 35 6 84 223
1 17 2
275 47
2 18 5
134 7 299 19 280
1 13 2
280 58
1 2 4
290 165 218 123
2 20 3
288 104 246
2 17 4
198 23 201 136
1 19 2
238 52
1 19 5
7 191 90 106 38
1 9 2
252 243
2 6 5
33 120 250 143 273
2 8 3
200 158 47
1 7 5
176 190 131 98 173
2 4 3
201 89 193
3 5 6
101 150 80 297 181 244
1 9 6
23 249 113 11 27 173
3 16 5
64 241 297 237 171
4 17 6
254 279 129 138 265 212
2 17 4
254 196 142 123
4 17 6
220 70 280 211 291 54
1 17 2
103 46
3 7 6
87 29 127 89 21 266
1 2 2
205 28
1 11 3
89 256 280
4 20 6
186 64 277 229 206 252
1 6 4
219 73 157 69
2 4 5
30 35 11 119 22
4 3 6
92 128 12 55 40 291
3 9 6
187 70 172 78 180 112
3 9 6
77 141 45 49 128 285
1 8 3
35 191 260
3 11 5
50 113 205 108 115
2 10 4
215 58 233 279
2 4 4
108 93 55 25
4 1 6
176 257 152 286 191 76
1 6 2
196 229
3 8 5
187 153 115 200 257
1 2 2
115 265
1 20 3
224 96 158
1 20 2
250 274
1 2 5
103 182 124 268 43
1 20 2
30 139
2 20 3
87 46 84
4 8 6
273 153 179 100 177 23
2 16 4
227 55 105 142
2 8 6
238 201 230 206 114 210
4 14 6
76 71 225 279 88 52
1 16 2
35 181
2 18 5
142 40 288 97 179
3 1 5
76 254 257 259 174
2 7 6
70 266 139 5 183 195
2 7 5
145 80 201 0 50
2 14 3
117 95 28
1 19 5
43 16 42 285 274
1 19 2
281 199
1 19 6
253 86 126 164 290 207
4 11 6
294 118 98 9 64 183
1 5 4
109 141 117 197
1 19 2
26 103
1 12 3
81 119 29
3 3 6
32 186 44 88 87 290
1 1 3
196 107 156
3 16 6
284 191 298 292 218 78
1 10 4
232 30 102 49
4 14 6
181 22 242 202 269 92
1 7 4
158 100 31 246
1 7 3
178 133 167
3 7 6
270 182 170 190 193 85
2 11 5
137 29 163 244 218
1 14 4
81 263 230 118
1 14 3
262 145 235
1 20 2
54 141
3 10 6
239 96 244 79 228 276
1 6 4
227 11 140 247
1 11 3
208 108 236
1 9 4
114 115 151 206
1 19 4
199 107 64 11
1 17 5
172 62 210 250 236
1 4 2
292 197
3 3 5
116 43 200 284 197
2 10 5
125 39 112 238 63
2 12 6
152 101 130 106 159 95
1 7 4
189 187 64 167
2 14 4
58 224 0 269
1 10 6
197 287 61 23 28 12
1 11 2
267 33
1 16 6
165 230 111 236 240 92
1 15 3
217 235 81
4 16 6
152 167 240 233 131 136
2 7 5
254 257 196 207 205
1 9 3
133 27 44
1 20 3
265 53 119
3 6 5
299 52 148 59 189
1 15 6
237 119 77 295 259 157
1 16 4
210 111 58 238
1 2 2
203 299
3 16 5
67 94 78 51 89
3 15 5
5 225 141 260 58
1 8 5
281 280 83 274 47
1 10 4
62 219 266 146
2 15 5
30 286 173 88 258
1 6 2
83 270
1 16 3
280 220 59
1 7 3
120 141 49
1 3 6
58 234 23 116 146 107
1 13 2
4 278
1 15 3
1 139 22
1 8 2
246 7
2 15 5
23 249 292 90 11
1 3 3
167 208 121
1 3 2
186 134
1 1 4
15 197 171 137
1 13 2
154 211
1 3 5
39 80 33 285 65
1 20 2
246 67
2 9 4
156 183 190 69
1 1 4
262 283 260 21
2 4 4
226 7 3 134
2 7 3
48 76 60
1 7 3
170 163 35
1 9 6
54 97 213 3 223 76
3 7 6
244 78 270 127 138 139
2 9 5
141 13 132 178 155
4 20 6
45 117 62 43 293 31
1 11 5
118 293 155 152 30
2 11 4
127 74 27 240
1 4 2
192 5
4 20 6
56 167 22 242 233 82
1 6 3
205 45 182
4 6 6
241 200 238 224 19 136
2 14 4
63 296 103 171
2 17 5
164 265 67 77 250
1 5 5
259 264 77 40 81
1 16 3
217 10 241
k 20
