300 1500 465
11 22 34 37 36 14 27 26 22 32 36 11 18 25 24 31 11 25 30 21 15 23 36 16 34 14 36 22 15 22 33 11 26 23 26 33 29 22 40 20 27 38 27 18 27 13 28 18 15 16 30 18 38 27 14 31 37 19 26 33 21 13 33 18 15 37 39 22 11 18 23 14 39 34 34 27 22 31 30 14 38 40 37 34 16 22 35 13 38 11 32 32 27 31 15 23 19 24 20 39 40 26 19 24 40 11 36 24 18 39 19 13 32 22 39 25 14 29 28 15 37 38 11 32 11 33 16 17 29 18 36 30 16 26 25 20 25 27 18 29 14 22 36 34 24 29 12 24 34 38 32 35 20 26 31 35 31 11 25 16 15 29 26 26 12 21 18 24 24 32 31 15 19 11 36 20 30 28 15 16 27 14 40 30 35 30 40 38 33 20 18 40 34 19 18 14 18 35 12 30 36 24 15 22 12 26 17 11 38 16 17 37 25 34 17 24 24 15 36 22 38 17 19 12 40 34 12 38 14 24 23 39 21 34 16 29 17 26 29 24 35 36 33 21 40 15 17 33 19 36 16 34 24 39 27 29 35 38 28 17 38 32 12 19 30 24 36 17 38 27 36 27 29 14 18 38 26 28 15 14 37 33 27 20 27 30 19 19 11 26 40 12 33 38 27 19 11 34 40 25
1 12 24 27 26 4 17 16 12 22 26 1 8 15 14 21 1 15 20 11 5 13 26 6 24 4 26 12 5 12 23 1 16 13 16 23 19 12 30 10 17 28 17 8 17 3 18 8 5 6 20 8 28 17 4 21 27 9 16 23 11 3 23 8 5 27 29 12 1 8 13 4 29 24 24 17 12 21 20 4 28 30 27 24 6 12 25 3 28 1 22 22 17 21 5 13 9 14 10 29 30 16 9 14 30 1 26 14 8 29 9 3 22 12 29 15 4 19 18 5 27 28 1 22 1 23 6 7 19 8 26 20 6 16 15 10 15 17 8 19 4 12 26 24 14 19 2 14 24 28 22 25 10 16 21 25 21 1 15 6 5 19 16 16 2 11 8 14 14 22 21 5 9 1 26 10 20 18 5 6 17 4 30 20 25 20 30 28 23 10 8 30 24 9 8 4 8 25 2 20 26 14 5 12 2 16 7 1 28 6 7 27 15 24 7 14 14 5 26 12 28 7 9 2 30 24 2 28 4 14 13 29 11 24 6 19 7 16 19 14 25 26 23 11 30 5 7 23 9 26 6 24 14 29 17 19 25 28 18 7 28 22 2 9 20 14 26 7 28 17 26 17 19 4 8 28 16 18 5 4 27 23 17 10 17 20 9 9 1 16 30 2 23 28 17 9 1 24 30 15
1 6 2
210 259
1 18 3
143 54 195
1 13 2
128 251
1 1 6
280 115 266 12 44 40
1 9 2
257 124
1 13 5
32 154 116 26 227
1 17 4
275 72 73 126
1 9 3
100 116 215
1 2 2
161 196
1 18 6
284 30 83 299 262 61
1 20 3
253 177 66
1 14 6
245 243 91 107 64 78
1 3 3
229 256 166
1 7 2
201 181
1 4 3
95 294 165
1 13 4
62 183 79 38
1 3 3
188 116 63
1 3 4
243 24 163 219
1 20 4
121 97 178 8
1 8 5
226 257 134 172 10
1 5 6
58 250 16 265 272 5
1 6 3
251 171 114
1 4 4
18 218 68 11
1 12 6
251 155 83 174 49 87
1 15 5
35 104 131 272 252
1 12 4
162 201 68 15
1 12 6
66 83 294 198 52 204
1 19 2
298 114
1 16 2
192 74
1 7 4
185 240 267 167
1 18 4
22 152 293 173
1 18 4
140 174 39 267
1 15 4
206 26 277 254
1 16 2
233 96
1 2 4
263 284 177 32
1 9 4
126 33 120 258
1 3 4
247 50 251 242
1 15 5
78 214 42 22 86
1 20 3
25 44 129
1 11 3
222 101 180
1 8 2
176 117
1 9 4
16 86 176 84
1 1 6
46 289 186 219 54 265
1 12 2
274 218
1 10 4
114 33 185 25
1 19 6
259 36 95 115 121 120
1 12 4
218 225 267 177
1 7 3
297 209 234
1 3 2
62 210
1 11 6
162 56 53 220 132 173
1 16 6
27 294 226 111 249 144
1 6 3
138 51 184
1 6 4
205 8 17 101
1 11 5
280 255 23 201 148
1 16 2
144 73
1 17 2
205 172
1 19 5
81 116 22 144 213
1 8 2
33 109
1 19 4
277 8 122 153
1 14 3
71 72 227
1 4 6
124 211 158 268 51 72
1 17 5
201 36 177 122 275
1 18 5
218 250 243 289 261
1 3 6
218 215 77 199 142 203
1 2 6
288 242 134 248 181 212
1 9 6
148 106 287 265 74 212
1 20 5
209 18 220 243 70
1 3 3
190 51 294
1 9 3
230 143 134
1 14 6
85 242 87 223 258 124
1 19 4
202 288 105 191
1 12 4
187 13 140 7
1 13 2
196 56
1 4 6
274 106 0 134 229 179
1 12 3
232 136 126
1 1 6
2 288 104 169 95 242
1 15 2
31 122
1 18 3
223 238 14
1 4 4
216 292 191 139
1 7 4
41 134 270 111
1 7 4
80 179 199 275
1 17 3
237 125 96
1 7 5
179 225 120 176 66
1 11 2
220 155
1 20 6
114 283 251 200 189 261
1 9 6
270 183 175 182 93 210
1 17 5
97 87 159 177 229
1 6 3
62 135 100
1 8 6
125 174 194 239 75 123
1 2 6
275 93 54 2 131 273
1 2 4
219 160 268 195
1 3 4
289 80 248 283
1 10 6
85 148 69 211 238 83
1 6 4
260 276 148 110
1 4 3
216 173 291
1 20 2
187 238
1 4 2
188 40
1 12 5
224 143 70 146 19
1 13 6
57 177 70 163 206 263
1 19 6
222 184 177 296 221 218
1 19 4
246 275 41 269
1 8 5
185 115 104 133 155
1 6 3
272 188 19
1 19 6
68 8 105 64 203 48
1 19 5
7 184 74 299 98
1 8 2
202 70
1 10 6
57 185 260 105 142 236
1 16 4
299 59 160 10
1 18 2
148 275
1 6 5
152 89 95 15 264
1 13 5
247 14 53 282 157
1 17 3
299 218 279
1 16 4
8 99 34 109
1 16 4
18 236 12 69
1 14 5
2 98 124 294 260
1 16 4
280 295 14 189
1 15 5
114 155 252 14 222
1 5 2
241 287
1 14 3
142 119 235
1 2 3
61 197 111
1 2 6
148 295 161 168 149 200
1 16 5
20 135 87 118 78
1 8 4
109 197 219 158
1 19 3
244 27 222
1 15 5
249 167 213 131 17
1 2 6
281 21 124 133 61 161
1 16 2
163 136
1 16 4
92 7 8 74
1 13 3
38 95 4
1 16 2
138 231
1 17 5
97 55 260 202 213
1 3 2
80 235
1 12 2
229 30
1 8 2
70 20
1 15 5
191 189 142 157 163
1 9 3
231 232 60
1 4 6
100 233 289 48 185 28
1 1 2
133 139
1 16 2
61 107
1 2 6
282 87 131 64 70 155
1 19 6
242 21 255 182 162 9
1 12 5
15 16 13 299 264
1 11 5
36 275 87 15 4
1 8 4
80 230 42 253
1 6 2
183 194
1 18 6
53 275 130 161 235 225
1 14 6
2 288 209 176 138 233
1 7 2
230 218
1 14 3
84 145 150
1 12 4
204 231 97 7
1 9 5
211 22 66 125 127
1 13 3
37 99 7
1 13 4
82 7 128 198
1 13 2
238 55
1 18 5
287 132 104 21 192
1 8 3
197 151 80
1 9 5
21 96 124 24 173
1 13 2
87 79
1 15 2
273 69
1 6 6
244 217 17 179 225 149
1 15 3
64 75 244
1 5 4
28 248 270 298
1 20 2
174 2
1 12 5
251 297 18 44 157
1 9 6
249 130 175 214 292 151
1 16 4
213 70 252 295
1 3 2
175 290
1 19 6
234 194 233 167 281 56
1 2 4
210 267 25 229
1 20 6
217 108 282 63 49 216
1 3 5
198 287 97 250 270
1 11 2
63 21
1 15 4
69 241 266 278
1 5 6
33 27 0 199 30 130
1 18 2
182 22
1 12 4
281 237 18 165
1 17 6
145 170 122 142 206 150
1 9 4
156 169 20 294
1 8 4
184 148 230 189
1 4 6
166 34 177 234 66 129
1 13 2
296 220
1 6 5
112 157 61 63 167
1 5 2
169 271
1 9 6
284 4 163 118 205 122
1 2 6
266 200 71 12 154 262
1 15 2
108 163
1 17 3
9 212 68
1 13 4
67 292 48 213
1 5 5
242 207 76 277 217
1 11 2
8 267
1 7 5
124 117 130 152 237
1 3 6
18 62 173 271 229 142
1 8 6
128 201 70 189 228 236
1 1 3
251 126 60
1 14 2
298 68
1 8 4
22 11 139 205
1 2 5
286 76 221 51 146
1 14 3
283 18 276
1 11 5
193 179 55 52 178
1 19 2
121 94
1 9 4
230 150 63 228
1 3 5
74 70 95 80 233
1 8 6
83 201 208 92 166 277
1 9 2
59 192
1 13 5
103 193 290 252 161
1 14 4
232 286 102 218
1 11 3
192 284 14
1 2 6
155 50 282 43 112 98
1 2 4
108 260 69 91
1 1 2
216 124
1 1 3
6 17 44
1 6 4
230 185 77 173
1 15 5
194 249 5 40 199
1 20 3
122 20 173
1 14 4
97 6 215 74
1 6 6
71 85 241 11 294 255
1 9 5
53 171 58 211 120
1 5 2
95 120
1 4 2
172 207
1 12 4
274 67 263 264
1 10 3
120 47 139
1 19 6
242 163 161 265 274 115
1 11 3
166 22 25
1 10 5
136 275 39 81 130
1 9 5
196 125 43 30 1
1 8 5
42 1 85 97 232
1 14 6
255 52 10 252 201 214
1 3 2
64 267
1 17 6
133 90 58 52 257 117
1 4 3
107 188 123
1 3 2
252 208
1 10 4
5 218 37 142
1 14 5
99 237 134 270 284
1 6 2
1 208
1 12 5
53 255 234 57 68
1 12 6
203 122 85 174 13 76
1 8 3
64 284 156
1 19 5
45 93 263 221 283
1 15 2
171 8
1 11 2
129 263
1 3 5
73 225 35 243 98
1 3 4
299 4 76 186
1 5 2
230 277
1 14 2
223 233
1 20 3
114 85 209
1 1 4
112 53 192 267
1 1 6
246 3 258 208 276 217
1 14 4
130 11 179 92
1 5 6
260 214 132 88 45 130
1 12 3
238 140 58
1 10 4
156 169 268 276
1 16 4
287 269 176 130
1 3 2
85 271
1 18 4
278 224 42 83
1 9 2
210 46
1 13 5
121 230 3 299 157
1 15 3
27 233 232
1 20 4
254 52 45 84
1 9 6
113 129 29 141 140 21
1 14 3
56 29 241
1 4 6
215 104 260 159 118 217
1 14 2
237 7
1 4 3
134 211 210
1 3 6
241 105 81 196 199 82
1 10 2
35 274
1 2 4
92 256 201 250
1 12 5
172 100 183 201 217
1 16 4
260 94 32 92
1 2 3
260 46 257
1 3 6
110 103 251 61 52 59
1 18 3
183 217 12
1 14 2
249 23
1 15 3
195 246 65
1 15 4
78 27 43 131
1 9 5
133 155 0 221 191
1 3 2
94 16
1 7 6
97 159 179 154 201 29
1 15 3
25 247 178
1 5 2
210 265
1 18 2
212 153
1 16 4
239 64 14 102
1 3 3
271 198 154
1 13 3
176 280 133
1 11 2
3 199
1 4 2
12 73
1 12 5
280 157 168 116 67
1 11 2
202 88
1 17 4
159 54 128 11
1 9 2
110 256
1 12 3
188 274 279
1 13 5
34 236 133 158 121
1 2 3
219 92 247
1 6 3
298 194 108
1 1 3
230 54 150
1 1 4
265 111 160 162
1 11 4
153 157 110 181
1 9 3
225 58 162
1 20 2
184 59
1 5 4
177 8 154 203
1 7 6
66 285 117 115 271 112
1 14 6
29 144 163 143 45 49
1 8 6
178 5 224 271 195 257
1 16 2
85 116
1 2 3
49 260 190
1 4 6
35 34 290 195 114 23
1 14 3
82 3 161
1 19 3
241 171 80
1 1 4
181 269 54 128
1 3 5
298 128 197 132 24
1 7 4
271 47 158 22
1 13 3
199 198 144
1 15 6
7 238 73 212 116 218
1 13 5
5 19 170 195 292
1 2 3
265 102 69
1 6 3
7 255 17
1 5 6
189 63 263 272 294 73
1 10 6
173 183 144 211 185 79
1 11 5
79 175 218 233 77
1 4 2
50 170
1 15 4
97 199 0 295
1 8 6
188 251 263 3 281 220
1 10 5
244 76 231 272 26
1 20 4
288 144 62 249
1 13 3
281 252 81
1 17 3
205 175 209
1 2 5
287 61 95 117 141
1 4 2
59 3
1 3 5
5 265 109 246 210
1 12 4
77 249 119 217
1 1 2
36 117
1 2 3
255 9 15
1 20 4
41 83 218 117
1 11 3
81 205 160
1 11 4
71 233 234 28
1 5 4
176 223 259 173
1 16 2
240 256
1 16 5
198 8 253 41 282
1 18 4
211 56 252 154
1 13 4
296 30 120 295
1 19 4
237 297 288 183
1 12 6
262 90 272 158 186 92
1 5 2
209 32
1 20 3
17 54 154
1 19 3
295 267 284
1 13 4
3 59 21 32
1 8 2
239 52
1 5 3
190 235 85
1 18 5
83 173 205 120 161
1 19 4
90 286 191 226
1 2 5
254 86 215 189 57
1 4 5
256 248 38 277 108
1 5 5
293 198 133 295 189
1 17 6
90 148 284 227 27 259
1 19 3
201 277 30
1 19 5
271 195 169 226 257
1 6 4
41 123 242 91
1 5 2
150 287
1 8 6
222 211 28 124 213 164
1 7 2
183 197
1 10 6
18 92 59 133 53 8
1 19 3
205 138 213
1 10 3
152 252 17
1 17 3
31 286 229
1 11 2
161 160
1 12 3
234 158 14
1 15 5
189 99 182 11 47
1 3 6
196 122 2 99 12 208
1 14 2
224 23
1 17 2
37 176
1 16 3
66 290 65
1 5 2
273 161
1 5 3
129 125 25
1 15 3
22 179 12
1 4 5
42 185 191 31 7
1 16 6
111 220 228 188 227 170
1 18 4
256 55 29 44
1 2 5
118 174 209 299 234
1 3 3
282 256 84
1 2 3
31 257 237
1 2 4
59 108 147 245
1 10 4
248 267 257 37
1 10 2
176 14
1 20 6
145 223 204 93 299 267
1 2 2
266 34
1 18 2
268 297
1 11 2
236 164
1 7 2
269 0
1 1 2
178 163
1 12 2
70 53
1 10 5
262 67 290 179 38
1 17 2
65 43
1 2 2
7 117
1 13 5
121 212 255 214 40
1 13 2
95 67
1 14 5
130 201 66 85 243
1 13 3
276 284 214
1 3 3
143 35 106
1 12 2
290 296
1 7 4
228 129 75 231
1 11 6
131 66 134 261 226 238
1 10 3
258 183 52
1 7 4
103 297 199 180
1 13 3
188 281 143
1 3 4
54 185 74 13
1 1 3
153 188 207
1 16 3
13 94 78
1 6 4
241 6 137 115
1 10 3
64 299 105
1 19 6
274 113 56 87 225 62
1 11 5
41 88 291 293 294
1 9 5
90 284 245 163 72
1 16 2
163 65
1 13 2
50 89
1 10 3
94 5 192
1 5 3
116 108 119
1 16 3
160 92 44
1 3 2
86 219
1 7 6
163 103 54 139 262 198
1 7 5
206 178 219 92 138
1 1 5
262 177 46 160 68
1 14 4
212 288 44 58
1 20 6
9 260 277 18 229 191
1 18 3
72 274 130
1 11 5
86 161 203 99 10
1 1 3
33 58 50
1 17 4
19 184 170 95
1 17 5
231 232 55 151 186
1 15 4
291 154 191 46
1 4 3
54 247 3
1 18 5
240 253 147 263 84
1 19 5
169 168 267 51 200
1 11 5
61 287 194 129 67
1 7 4
148 19 158 200
1 5 4
218 32 62 157
1 18 5
5 225 65 30 34
1 20 3
81 91 67
1 10 3
250 73 286
1 7 5
168 75 101 211 50
1 14 3
35 23 53
1 16 3
188 219 98
1 6 4
285 122 164 13
1 7 3
121 12 252
1 20 2
75 71
1 12 3
164 243 129
1 14 3
263 42 286
1 3 5
282 214 258 83 77
1 18 5
173 214 59 52 261
1 10 2
218 234
1 7 2
75 15
1 8 5
58 91 15 125 248
1 2 4
100 173 96 245
1 4 4
33 136 283 3
1 8 6
295 163 97 216 58 94
1 9 6
130 138 87 62 2 242
1 12 2
94 28
1 2 5
8 176 115 101 97
1 20 3
81 24 215
1 9 5
133 158 120 162 291
1 19 2
174 29
1 11 4
288 177 1 110
1 16 4
292 117 105 84
1 1 3
54 127 168
1 5 4
107 10 284 78
1 2 5
214 117 196 52 184
1 14 3
74 193 0
1 16 2
32 166
1 17 2
60 271
1 4 6
95 225 73 159 81 52
1 2 2
40 147
1 19 4
87 240 52 169
1 16 6
281 252 39 234 75 256
1 16 3
26 211 188
1 5 6
2 168 18 241 152 4
1 8 4
173 171 248 6
1 15 4
215 93 298 128
1 17 2
86 281
1 14 6
69 170 21 283 150 72
1 9 5
186 110 18 113 233
1 1 4
16 43 207 22
1 19 6
247 108 89 127 20 237
1 18 3
76 18 249
1 3 2
255 229
1 20 6
212 180 52 219 8 273
1 19 4
162 5 298 189
1 15 2
86 217
1 3 5
110 48 59 53 8
1 20 3
228 125 64
1 13 5
32 7 9 114 83
1 11 6
25 9 31 10 130 139
1 4 6
36 66 135 64 266 237
1 2 2
244 2
1 9 6
44 215 55 120 298 128
1 16 5
217 208 126 214 89
1 12 4
283 10 95 144
1 14 4
231 277 184 54
1 5 6
161 144 57 107 134 162
1 17 4
129 153 49 214
1 14 2
60 74
1 14 6
271 34 297 273 11 80
1 18 3
109 17 276
1 10 6
27 29 163 67 289 169
1 11 6
32 281 174 31 120 3
1 8 5
205 238 34 71 193
1 9 3
100 112 1
1 4 6
10 22 248 62 75 266
1 19 5
126 296 240 203 151
1 5 3
149 90 76
1 12 2
11 185
1 6 4
182 111 84 127
1 13 6
34 182 47 16 299 145
1 4 5
159 151 199 238 291
1 11 6
86 81 64 125 33 2
1 15 4
269 263 163 154
1 17 2
289 156
1 16 3
173 100 74
1 1 2
160 195
1 2 4
206 13 156 25
1 2 6
21 145 255 266 125 142
1 19 2
270 25
1 12 3
152 259 37
1 13 6
111 196 35 11 80 14
1 20 4
47 139 61 43
1 8 5
162 131 287 160 108
1 1 6
27 80 247 65 112 47
1 12 5
159 198 5 43 12
1 15 2
48 237
1 13 3
72 105 47
1 12 3
110 203 215
1 3 5
8 186 279 15 105
1 17 3
295 67 6
1 6 4
218 69 15 178
1 12 3
122 37 81
1 16 5
16 69 229 98 242
1 16 5
130 125 44 118 24
1 3 3
259 164 30
1 7 2
232 120
1 1 3
153 0 249
1 6 5
156 127 249 150 19
1 13 4
84 13 230 212
1 4 3
78 187 49
1 12 6
141 18 73 174 22 152
1 18 6
131 270 45 239 106 180
1 9 3
235 2 213
1 11 5
45 289 249 129 191
1 17 3
217 145 146
1 15 6
92 277 109 84 299 157
1 2 5
183 54 289 154 200
1 7 6
120 16 172 167 164 8
1 19 5
277 37 292 44 162
1 10 6
94 113 118 141 196 99
1 16 3
275 38 174
1 12 4
253 123 291 93
1 19 3
134 271 165
1 4 4
189 14 134 207
1 6 3
92 55 98
1 18 4
165 75 265 155
1 10 2
227 0
1 7 5
297 65 133 167 77
1 10 2
249 292
1 17 4
52 181 99 209
1 2 4
182 115 189 202
1 20 6
146 113 64 156 257 210
1 3 4
14 191 65 147
1 18 6
187 80 130 2 47 285
1 4 6
221 155 124 98 18 245
1 12 2
243 171
1 14 2
187 147
1 19 6
141 242 276 62 36 49
1 15 6
8 41 197 233 230 291
1 8 4
198 252 185 176
1 19 4
205 16 86 39
1 9 5
0 129 253 252 124
1 13 5
241 192 67 45 264
1 6 4
265 203 279 182
1 11 4
285 169 273 199
1 5 3
268 123 102
1 10 5
298 170 147 78 180
1 4 3
6 102 232
1 2 6
202 111 194 201 296 245
1 10 2
154 69
1 7 2
40 86
1 2 6
162 171 193 178 159 20
1 4 3
161 243 108
1 3 3
5 128 110
1 15 5
56 19 242 191 128
1 4 4
74 297 53 248
1 1 5
98 286 159 151 53
1 12 4
270 133 117 174
1 11 2
33 202
1 9 5
278 28 118 262 175
1 14 2
64 114
1 3 5
112 91 296 286 65
1 1 4
38 109 21 91
1 14 2
278 123
1 19 5
75 106 70 134 277
1 14 4
231 88 49 79
1 3 3
191 257 298
1 8 6
77 174 227 267 69 263
1 10 4
27 15 221 255
1 2 2
297 14
1 19 5
226 98 265 24 63
1 4 5
260 170 266 255 252
1 2 3
208 107 41
1 13 3
67 223 134
1 10 4
71 270 181 16
1 20 3
235 83 114
1 20 6
175 107 226 93 279 31
1 18 6
24 171 240 57 231 252
1 9 4
114 105 243 81
1 5 5
40 152 124 259 132
1 19 3
47 65 204
1 9 6
38 142 276 16 296 146
1 20 2
125 187
1 10 5
222 260 247 145 216
1 4 6
89 81 165 134 144 43
1 6 6
125 277 184 97 292 201
1 20 2
165 46
1 16 6
20 179 177 30 295 200
1 1 2
20 71
1 8 3
76 140 10
1 10 3
45 98 235
1 2 6
214 137 114 294 31 79
1 17 2
270 243
1 4 2
92 112
1 9 5
19 82 225 263 298
1 20 3
139 66 58
1 4 2
119 193
1 11 2
169 259
1 20 5
87 14 92 242 176
1 10 5
83 181 209 298 142
1 14 5
248 185 165 264 236
1 3 2
258 193
1 11 6
181 177 24 22 23 84
1 9 3
90 172 270
1 12 3
187 206 156
1 2 3
51 10 241
1 18 6
88 150 205 130 272 187
1 19 3
109 72 108
1 15 6
295 224 161 34 58 121
1 3 4
98 101 25 162
1 6 2
270 258
1 8 3
13 184 295
1 13 5
170 225 155 90 51
1 20 4
230 91 122 260
1 13 5
183 87 50 64 119
1 19 6
93 229 61 244 118 232
1 17 4
147 252 42 297
1 13 5
162 77 211 248 144
1 7 2
152 27
1 9 2
234 293
1 12 2
83 280
1 6 6
76 48 256 177 170 297
1 18 5
82 180 185 134 34
1 16 4
247 50 88 290
1 8 5
129 75 38 70 15
1 11 2
290 160
1 19 2
295 161
1 15 3
171 8 116
1 17 5
287 148 229 48 184
1 17 5
259 208 26 85 224
1 1 6
107 128 284 295 58 150
1 12 6
191 244 170 198 15 111
1 6 5
295 287 275 294 103
1 19 5
250 180 197 190 200
1 17 5
192 97 70 203 67
1 16 2
264 288
1 18 3
28 180 68
1 20 2
143 260
1 2 5
13 178 137 129 51
1 2 2
27 85
1 3 5
52 136 174 235 244
1 7 3
282 259 174
1 9 5
176 0 238 9 159
1 14 4
14 26 96 81
1 19 4
152 88 265 293
1 7 3
277 266 124
1 9 4
246 251 85 46
1 5 2
69 299
1 19 6
124 157 138 251 152 213
1 18 5
206 176 81 24 95
1 7 3
255 268 249
1 13 6
130 213 159 46 137 245
1 14 6
104 118 33 7 132 69
1 13 3
128 91 88
1 16 4
172 186 37 260
1 2 4
218 235 225 166
1 15 5
130 28 203 254 31
1 11 3
77 155 269
1 4 6
54 229 42 93 78 235
1 19 6
20 62 175 155 152 154
1 2 6
236 208 219 232 273 261
1 5 3
54 89 131
1 4 2
295 42
1 5 4
101 178 10 93
1 3 6
6 0 278 155 162 15
1 3 3
285 281 271
1 18 4
91 171 46 41
1 15 3
68 81 205
1 6 4
151 213 212 251
1 13 3
99 263 108
1 3 4
100 185 214 15
1 13 3
36 165 235
1 14 3
162 128 177
1 12 5
211 183 169 138 117
1 2 3
241 168 94
1 4 6
24 42 130 126 166 81
1 18 3
32 69 282
1 16 5
204 157 194 84 214
1 2 6
255 284 253 6 242 188
1 4 4
157 73 56 140
1 6 6
166 223 263 34 127 147
1 1 2
255 187
1 12 5
109 46 286 175 66
1 13 2
2 115
1 19 2
59 157
1 11 6
123 201 248 177 21 295
1 15 4
165 97 2 92
1 19 2
31 156
1 11 6
64 176 154 284 271 51
1 17 3
174 83 70
1 5 2
59 265
1 14 5
146 167 180 15 144
1 11 6
109 85 58 288 75 113
1 6 2
93 163
1 1 2
224 104
1 4 6
85 284 169 62 267 213
1 2 2
220 20
1 17 6
46 222 52 169 107 145
1 20 2
67 293
1 19 6
140 110 180 206 151 64
1 2 2
247 53
1 16 6
297 182 104 158 68 156
1 16 2
282 145
1 8 3
235 37 13
1 11 4
85 277 257 86
1 6 5
243 76 64 108 57
1 9 3
180 20 201
1 18 4
243 231 198 238
1 6 3
130 221 200
1 18 4
292 4 96 166
1 9 4
125 16 36 22
1 14 4
91 286 233 129
1 19 6
228 13 147 173 227 160
1 9 4
9 35 296 186
1 2 2
144 33
1 6 2
21 135
1 16 6
136 7 158 22 16 276
1 10 6
9 282 73 84 34 58
1 2 3
191 11 3
1 10 5
274 50 124 37 217
1 7 5
111 292 228 126 196
1 9 4
67 135 14 115
1 20 4
141 238 137 185
1 15 4
229 30 242 6
1 1 4
289 29 91 26
1 4 6
254 230 43 65 13 268
1 17 4
30 296 147 292
1 4 2
124 54
1 15 5
24 37 0 264 279
1 11 6
124 204 121 54 41 78
1 8 3
61 184 180
1 11 2
208 288
1 11 2
278 227
1 9 4
59 143 185 103
1 1 5
223 185 8 173 129
1 20 5
232 259 255 102 15
1 10 2
109 21
1 5 5
61 288 156 120 99
1 2 4
269 50 266 172
1 15 2
74 287
1 5 6
251 296 36 5 156 128
1 18 2
26 101
1 17 4
91 208 49 24
1 9 3
181 58 71
1 3 3
180 34 51
1 1 4
47 92 121 222
1 19 3
154 85 144
1 14 5
201 113 23 154 89
1 8 5
262 230 225 68 20
1 5 3
101 270 283
1 1 5
53 90 205 104 259
1 5 2
25 62
1 12 4
162 231 44 266
1 17 5
101 194 239 1 74
1 16 3
135 78 107
1 10 2
112 122
1 3 6
141 94 297 78 209 161
1 1 2
20 121
1 4 4
28 19 198 12
1 4 3
12 9 93
1 18 2
177 197
1 6 2
243 14
1 20 6
119 42 106 62 12 247
1 1 3
256 213 83
1 19 5
144 154 284 204 295
1 6 4
259 151 235 258
1 7 5
6 205 3 52 163
1 16 6
69 4 43 32 149 18
1 14 6
23 147 114 146 65 191
1 15 4
131 63 221 241
1 18 4
254 285 120 47
1 17 3
13 237 242
1 5 2
74 84
1 17 3
1 52 177
1 9 2
188 121
1 5 6
183 181 228 204 14 238
1 2 6
199 44 137 165 228 291
1 5 3
182 67 172
1 8 3
59 251 85
1 17 6
230 112 99 46 233 244
1 11 4
120 217 204 263
1 5 3
46 272 239
1 20 3
236 158 128
1 18 4
200 276 168 103
1 1 2
160 97
1 7 5
232 222 106 141 168
1 5 6
146 272 202 162 175 143
1 8 2
245 258
1 4 2
18 135
1 4 5
294 168 85 259 5
1 5 3
298 100 259
1 8 2
94 261
1 7 2
253 109
1 19 3
167 23 45
1 19 5
291 262 9 197 268
1 15 2
214 292
1 8 2
129 297
1 14 5
260 251 135 65 5
1 8 6
109 178 163 79 222 226
1 8 3
111 57 285
1 18 4
265 173 12 35
1 6 5
172 250 176 48 12
1 10 2
135 36
1 17 5
25 3 184 130 66
1 8 3
83 209 118
1 14 4
288 76 37 24
1 20 4
92 263 2 204
1 12 6
48 145 213 72 268 128
1 1 3
141 15 23
1 4 3
64 149 102
1 8 4
90 96 190 57
1 11 3
261 283 201
1 1 6
145 223 68 227 198 34
1 4 6
114 123 270 125 23 119
1 16 3
114 137 130
1 17 4
292 205 41 146
1 11 6
258 121 173 57 214 180
1 12 3
106 152 87
1 2 3
110 51 199
1 5 4
90 155 259 111
1 1 4
242 248 21 177
1 14 3
169 57 52
1 12 6
172 297 87 64 221 242
1 7 6
195 299 173 0 96 178
1 8 6
188 14 123 278 272 141
1 13 4
77 51 135 44
1 3 6
244 30 65 235 4 292
1 4 3
68 216 3
1 1 3
124 260 129
1 13 3
215 263 187
1 6 6
47 74 123 128 297 275
1 7 5
166 201 276 164 94
1 17 2
237 162
1 5 5
207 29 188 234 190
1 1 5
241 142 165 162 87
1 3 5
282 198 71 134 6
1 19 5
142 261 141 116 254
1 5 5
295 183 101 239 55
1 7 5
4 234 196 299 154
1 9 6
106 34 218 153 141 191
1 17 4
1 263 114 187
1 7 3
123 138 152
1 5 2
110 137
1 10 4
7 245 243 164
1 12 2
139 184
1 8 2
105 234
1 10 6
268 186 243 68 144 20
1 3 6
293 139 270 192 186 161
1 6 3
195 185 152
1 17 6
260 240 186 151 292 166
1 4 4
54 152 105 104
1 6 2
8 64
1 5 3
249 11 260
1 8 5
155 109 45 86 190
1 3 5
95 185 84 190 261
1 3 6
197 42 291 196 1 39
1 10 4
261 274 215 171
1 9 2
98 73
1 15 6
116 85 19 174 59 122
1 16 2
120 142
1 11 4
47 122 118 14
1 5 6
0 254 146 20 18 122
1 15 5
11 205 175 79 276
1 5 4
123 155 191 101
1 1 5
2 160 193 208 71
1 7 3
50 88 164
1 1 5
238 52 63 72 129
1 1 3
175 212 283
1 2 5
100 110 161 183 193
1 14 5
109 143 38 264 277
1 5 6
14 276 169 150 152 95
1 2 4
213 285 87 298
1 11 3
150 47 164
1 19 2
229 176
1 10 3
4 57 250
1 7 4
201 226 0 106
1 3 6
239 260 282 187 105 40
1 1 2
32 10
1 12 5
254 284 1 41 77
1 15 5
164 186 96 291 65
1 17 4
175 222 142 46
1 12 3
242 205 144
1 20 4
242 17 91 284
1 4 2
214 72
1 19 5
128 76 225 47 291
1 8 6
190 73 216 130 145 279
1 5 2
86 122
1 15 6
50 240 122 248 177 98
1 19 4
142 191 74 12
1 10 3
187 84 292
1 7 2
17 123
1 13 5
219 27 215 253 252
1 3 6
92 142 6 258 193 251
1 20 4
214 167 224 120
1 10 2
260 119
1 7 4
252 154 204 237
1 10 6
243 51 171 106 229 141
1 6 2
113 283
1 15 2
180 169
1 11 4
118 143 252 14
1 10 4
217 71 81 198
1 20 6
131 29 114 38 165 271
1 14 6
128 88 237 222 246 209
1 18 5
118 28 241 145 38
1 11 3
292 84 258
1 13 4
272 2 49 93
1 1 2
289 236
1 5 6
168 2 108 214 235 75
1 18 4
268 184 50 155
1 17 6
223 290 270 24 298 189
1 3 5
80 30 244 289 246
1 3 5
17 281 110 102 148
1 19 3
223 273 51
1 14 2
80 64
1 20 3
134 3 33
1 6 6
281 102 48 0 133 9
1 15 3
98 291 135
1 11 4
198 210 223 201
1 13 2
54 218
1 10 6
244 60 285 106 145 26
1 1 2
258 271
1 7 4
10 136 267 255
1 9 4
199 235 247 138
1 6 3
85 3 2
1 14 4
3 8 132 52
1 2 5
64 172 71 229 191
1 1 3
269 159 198
1 5 6
279 15 22 57 23 30
1 5 4
286 70 277 29
1 6 3
129 3 70
1 18 5
295 6 251 45 65
1 10 3
166 240 10
1 20 2
235 73
1 13 3
245 146 18
1 11 4
280 248 125 153
1 16 4
15 220 138 125
1 1 4
72 220 154 297
1 2 5
179 297 252 244 195
1 17 2
139 152
1 7 2
139 259
1 18 3
38 140 153
1 17 2
164 46
1 8 4
279 8 237 86
1 2 2
113 96
1 19 2
25 29
1 6 5
279 266 278 50 296
1 2 2
265 279
1 4 3
50 12 118
1 3 4
291 116 4 151
1 14 6
192 240 99 210 67 131
1 17 6
175 56 216 205 155 162
1 19 4
217 121 297 285
1 19 3
52 183 0
1 10 5
298 203 289 37 284
1 18 6
221 238 17 51 45 186
1 16 6
78 98 156 138 260 212
1 12 3
129 20 106
1 16 6
25 77 217 0 200 123
1 2 6
225 277 96 203 254 242
1 4 3
179 153 233
1 8 4
208 144 62 282
1 20 4
230 107 266 43
1 3 4
89 57 220 92
1 8 3
296 141 15
1 11 5
153 154 258 286 234
1 15 3
24 45 280
1 19 5
130 117 57 145 157
1 18 2
123 281
1 18 6
212 66 252 137 140 191
1 6 4
209 250 2 200
1 2 4
259 12 150 277
1 13 6
254 276 219 3 62 12
1 1 3
237 60 132
1 5 5
203 2 110 55 193
1 5 4
198 191 240 26
1 9 2
218 144
1 18 3
249 18 258
1 3 3
207 140 79
1 9 3
208 205 263
1 18 6
277 23 6 183 136 185
1 12 4
16 24 85 182
1 15 2
7 179
1 2 4
222 200 247 274
1 7 4
98 218 235 89
1 7 4
138 181 299 8
1 3 3
109 202 58
1 10 6
256 230 107 10 224 94
1 20 6
136 75 252 102 130 221
1 1 5
55 85 47 209 284
1 3 5
158 105 257 74 244
1 16 4
217 44 247 298
1 5 2
139 37
1 4 2
281 282
1 6 2
149 266
1 20 4
94 156 177 6
1 5 6
289 113 116 221 264 178
1 9 6
46 26 59 181 18 22
1 3 4
17 128 242 38
1 9 6
179 16 1 263 280 143
1 2 4
83 216 97 177
1 6 5
295 173 146 209 241
1 14 6
191 54 153 164 16 60
1 10 2
13 293
1 20 4
87 288 240 56
1 19 5
52 169 200 174 238
1 5 6
135 40 261 202 240 251
1 17 5
287 117 92 43 28
1 7 2
151 189
1 6 2
209 77
1 7 5
165 110 129 72 195
1 6 4
31 137 153 103
1 8 3
179 157 62
1 5 2
7 33
1 1 2
111 242
1 7 5
106 75 170 263 166
1 10 2
246 186
1 12 3
287 262 196
1 1 2
124 295
1 10 2
136 84
1 16 6
152 41 102 65 186 133
1 1 4
256 44 33 69
1 8 6
75 94 54 83 6 131
1 9 4
253 64 249 294
1 1 4
117 176 230 285
1 20 5
93 224 123 71 278
1 1 5
17 31 107 227 67
1 8 4
108 260 123 249
1 9 6
28 71 190 151 74 44
1 19 4
214 46 100 187
1 7 2
251 19
1 5 2
152 168
1 20 3
259 242 122
1 5 3
155 154 20
1 11 5
212 103 221 136 175
1 19 2
111 177
1 2 2
180 136
1 10 2
71 169
1 12 6
159 155 283 236 57 9
1 6 4
38 4 16 158
1 8 6
26 268 32 125 53 24
1 4 2
183 5
1 14 5
81 210 105 243 184
1 11 2
11 65
1 20 3
71 245 236
1 20 2
97 120
1 4 5
193 42 288 263 209
1 8 5
25 286 166 10 33
1 10 4
285 91 200 191
1 2 4
244 56 252 90
1 13 5
296 227 211 1 216
1 8 5
53 46 262 149 116
1 18 4
107 154 22 51
1 13 6
126 3 178 107 295 87
1 11 5
51 117 276 148 31
1 12 6
141 38 48 193 254 106
1 9 5
290 259 270 123 287
1 9 4
249 58 82 127
1 3 3
228 142 248
1 8 3
206 80 238
1 20 5
68 48 185 92 241
1 5 3
264 57 229
1 4 2
195 134
1 13 4
277 1 142 209
1 18 2
295 96
1 20 3
287 70 151
1 12 6
33 69 76 137 190 1
1 4 2
18 253
1 14 5
189 24 244 222 167
1 2 4
253 56 49 262
1 5 2
112 83
1 6 3
144 59 43
1 12 4
88 207 275 189
1 18 3
35 275 26
1 18 6
251 59 190 11 263 155
1 19 3
290 297 60
1 16 2
10 179
1 1 4
169 233 262 287
1 11 3
125 247 17
1 2 5
122 64 231 197 175
1 10 3
10 49 38
1 14 2
114 170
1 17 6
27 118 256 103 185 127
1 9 2
34 199
1 14 2
238 196
1 15 6
122 87 288 140 73 284
1 4 5
113 59 275 27 233
1 14 6
131 166 228 47 75 7
1 13 3
67 247 254
1 20 4
156 172 191 257
1 13 4
289 104 123 28
1 2 2
71 102
1 3 4
18 11 260 205
1 10 5
272 283 280 89 152
1 11 6
198 81 144 113 40 224
1 5 5
139 145 220 184 259
1 14 2
4 271
1 3 2
20 35
1 14 5
198 40 126 184 158
1 17 4
168 25 242 71
1 16 3
297 274 60
1 18 3
78 172 155
1 11 4
79 110 298 169
1 4 2
48 219
1 3 2
256 149
1 19 4
56 70 291 159
1 4 4
38 198 217 171
1 4 3
243 182 65
1 19 5
66 6 231 245 268
1 2 5
48 103 66 262 184
1 18 2
265 79
1 18 5
29 61 164 80 33
1 16 5
184 50 51 69 56
1 13 3
118 267 123
1 5 2
66 95
1 16 3
293 109 153
1 6 5
126 111 225 211 7
1 3 4
298 66 288 228
1 10 2
59 243
1 13 4
184 256 140 238
1 18 3
195 151 168
1 17 6
255 122 143 110 123 126
1 1 4
208 259 74 155
1 8 3
13 292 4
1 17 6
170 71 173 275 208 70
1 1 2
80 280
1 14 3
246 18 29
1 1 3
147 139 178
1 1 3
213 234 293
1 18 5
76 96 294 161 94
1 16 4
55 295 175 246
1 16 4
133 181 59 256
1 9 3
51 162 217
1 13 4
17 61 75 230
1 4 5
241 232 167 292 69
1 17 5
80 73 146 204 127
1 12 3
136 178 229
1 14 3
85 28 33
1 14 3
60 166 207
1 18 3
233 203 135
1 15 6
265 112 257 247 49 188
1 2 6
299 194 56 242 88 101
1 20 5
12 250 112 197 101
1 6 3
232 27 241
1 15 3
154 240 45
1 17 4
202 49 55 40
1 13 3
79 258 279
1 12 3
129 119 106
1 6 3
35 31 119
1 6 3
132 225 227
1 1 3
143 47 222
1 4 4
182 169 123 51
1 15 3
74 7 129
1 6 3
102 162 293
1 4 4
186 6 210 82
1 13 6
285 67 4 15 192 155
1 2 3
295 212 137
1 5 3
64 256 154
1 15 5
190 9 291 124 143
1 8 4
98 174 7 112
1 18 5
138 32 10 171 71
1 11 2
264 294
1 7 5
173 203 277 20 50
1 14 4
235 70 214 29
1 6 3
285 202 281
1 8 6
256 57 98 42 212 134
1 1 6
82 193 270 127 23 133
1 19 6
171 99 241 129 100 211
1 18 4
128 130 55 146
1 19 5
66 24 78 287 214
1 17 2
12 152
1 20 3
195 66 113
1 19 4
12 294 62 298
1 6 4
257 245 44 253
1 8 6
193 256 85 286 247 131
1 4 6
137 94 33 69 201 181
1 1 4
104 278 141 145
1 19 4
51 126 70 137
1 18 6
256 104 127 189 245 169
1 19 2
238 67
1 2 5
89 154 234 34 173
1 1 5
165 276 85 102 103
1 8 2
42 142
1 16 2
125 201
1 20 3
188 252 278
1 5 4
29 122 202 27
1 19 6
126 256 183 129 233 200
1 6 3
168 187 43
1 3 5
88 45 53 170 212
1 20 6
246 214 119 219 142 26
1 11 4
73 180 148 55
1 8 4
11 290 64 195
1 20 6
120 193 219 119 268 290
1 1 4
130 103 143 262
1 3 4
209 36 242 86
1 20 6
101 206 169 209 185 59
1 1 6
164 254 151 155 145 216
1 19 2
201 109
1 20 6
136 98 264 61 124 113
1 11 4
273 192 13 179
1 19 6
138 145 99 170 168 160
1 8 5
201 29 199 166 216
1 14 6
147 146 67 265 20 85
1 17 2
174 143
1 16 4
7 74 201 269
1 18 4
235 6 291 220
1 8 2
272 55
1 15 5
160 62 285 140 73
1 6 4
181 233 203 151
1 2 3
196 18 239
1 13 6
213 123 178 193 254 85
1 9 3
256 295 152
1 16 5
7 28 18 116 179
1 16 2
295 136
1 18 3
243 205 146
1 7 5
125 0 164 10 128
1 14 3
94 34 295
1 17 2
126 120
1 18 5
260 231 138 64 15
1 14 4
265 117 250 290
1 7 2
139 206
1 6 2
42 5
1 4 3
224 299 5
1 16 2
122 145
1 19 2
283 84
1 5 2
96 292
1 9 5
214 42 166 193 156
1 4 5
116 257 237 126 71
1 4 4
279 222 41 99
1 16 6
69 104 282 202 154 51
1 7 4
73 268 89 103
1 1 4
93 241 291 267
1 14 6
93 271 239 172 14 112
1 12 5
235 113 186 35 261
1 20 5
164 85 154 210 2
1 13 2
39 6
1 19 5
233 128 21 6 230
1 12 4
118 84 286 275
1 2 2
232 150
1 11 3
273 149 123
1 4 4
178 20 270 242
1 20 6
19 181 150 146 65 113
1 5 5
264 210 17 299 59
1 11 5
152 63 226 137 164
1 20 6
92 214 221 150 138 111
1 13 2
292 280
1 15 3
84 209 192
1 8 4
220 240 251 59
1 2 3
192 197 194
1 9 3
273 80 28
1 7 6
155 277 235 202 248 76
1 3 2
160 22
1 15 2
140 124
1 3 5
191 13 199 146 120
1 14 3
136 167 281
1 14 3
55 168 19
1 2 5
250 254 29 125 257
1 14 5
234 229 195 10 283
1 4 5
230 279 37 15 199
1 18 4
217 166 85 19
1 18 4
47 51 237 76
1 13 2
127 88
1 5 5
117 290 185 280 102
1 2 2
116 49
1 19 4
143 283 205 203
1 14 6
218 132 252 272 288 14
1 1 2
230 222
1 3 4
159 249 285 292
1 12 3
144 220 296
1 13 3
228 115 9
1 12 4
212 234 262 134
1 15 5
26 290 105 74 194
1 11 4
68 112 268 260
1 16 6
173 29 83 182 299 184
1 6 2
232 119
1 5 2
132 40
1 9 6
161 260 160 166 100 157
1 12 5
172 124 49 48 31
1 2 4
268 177 171 187
1 1 2
88 45
1 3 2
228 64
1 7 2
218 197
1 20 3
290 31 60
1 16 4
281 46 297 174
1 4 2
145 199
1 19 2
195 183
1 13 5
34 182 221 8 36
1 2 3
145 131 151
1 19 4
85 41 101 64
1 11 4
251 235 207 268
1 18 2
109 163
1 3 4
129 70 278 286
1 13 2
167 182
1 5 4
64 98 214 285
1 4 6
274 202 288 7 126 240
1 9 5
145 107 50 59 240
1 1 2
124 79
1 10 2
31 291
1 2 5
199 285 219 70 164
1 18 3
214 113 136
1 9 6
146 142 98 257 174 7
1 18 5
41 217 135 286 296
1 13 4
289 292 272 123
1 2 2
165 253
1 5 6
194 61 100 182 232 252
1 15 6
65 267 235 208 245 210
1 3 3
124 82 52
1 6 2
210 54
1 10 2
136 15
1 18 3
144 228 53
1 1 5
150 218 115 63 241
1 9 3
146 291 279
1 6 5
287 70 5 137 241
1 8 2
100 115
1 4 2
34 66
1 8 2
136 65
1 13 3
88 78 114
1 3 3
251 240 12
1 7 3
253 249 93
1 5 3
289 219 68
1 8 2
257 221
1 13 3
0 129 199
1 6 6
298 43 197 141 151 214
1 7 5
143 9 75 137 79
1 2 5
66 40 59 95 147
1 12 5
211 46 94 250 210
1 20 4
186 275 90 106
1 17 5
278 162 275 243 223
1 16 5
133 226 279 191 168
1 2 4
102 177 135 241
1 7 2
96 30
1 9 4
45 39 240 58
1 4 6
163 134 227 112 228 269
1 5 5
77 251 111 282 158
1 10 2
218 245
1 19 2
270 146
1 3 6
173 72 141 118 277 238
1 10 2
245 188
1 9 6
170 265 14 257 214 104
1 16 2
188 148
1 16 4
223 258 39 85
1 5 5
150 172 295 26 280
1 15 5
173 115 58 134 158
1 11 6
143 105 3 177 298 74
1 1 3
9 242 218
1 14 6
34 198 83 132 177 94
1 19 2
167 249
1 9 2
181 272
1 14 5
164 4 18 292 209
1 15 4
132 92 262 240
1 5 5
83 7 206 247 249
1 4 6
73 258 0 172 263 234
1 2 3
284 63 210
1 13 4
224 34 183 79
1 2 4
223 205 165 85
1 12 4
81 299 290 194
1 16 3
244 206 158
1 12 5
270 234 30 151 219
1 6 6
60 192 81 79 126 282
1 16 6
222 240 146 173 134 233
1 1 5
58 205 152 218 7
1 9 2
265 160
1 1 2
25 142
1 15 5
206 11 130 93 54
1 20 5
291 286 102 290 71
1 10 3
260 200 111
1 10 2
9 68
1 10 3
142 103 237
1 17 6
242 180 166 89 216 195
1 4 2
6 27
1 8 3
263 154 253
1 8 4
5 278 93 172
1 13 2
142 256
1 2 4
150 104 256 8
1 3 6
150 283 274 268 135 225
1 13 2
243 123
1 15 5
11 142 181 257 144
1 18 4
103 94 274 172
1 20 2
291 44
1 17 5
141 30 242 160 196
1 10 5
198 249 267 34 285
1 1 5
245 180 266 193 68
1 10 4
108 126 193 81
1 17 2
101 38
1 9 4
14 105 282 203
1 3 5
279 55 150 11 243
1 6 6
285 203 26 65 134 253
1 19 4
114 29 284 160
1 13 3
191 235 240
1 18 5
147 143 150 139 272
1 15 3
95 116 206
1 19 6
248 190 137 274 9 30
1 13 2
53 234
1 3 5
152 223 87 105 100
1 1 2
36 18
1 15 4
138 104 191 5
1 19 5
274 21 161 42 122
1 18 5
20 76 129 66 145
1 16 2
152 219
1 14 4
16 293 276 139
1 2 2
276 181
1 17 4
21 91 95 45
1 4 5
55 129 237 20 77
1 5 4
279 286 154 270
1 13 3
250 12 242
1 7 4
239 269 38 246
1 5 3
123 254 63
1 1 4
177 139 36 133
1 16 4
177 14 272 139
1 4 2
164 202
1 11 6
233 24 252 174 256 135
1 6 4
222 209 206 149
1 20 3
174 43 167
1 1 6
141 273 294 214 10 155
1 17 5
117 183 122 181 10
1 2 2
181 203
1 10 3
209 154 94
1 17 2
94 170
1 8 5
172 206 179 23 154
1 1 4
189 153 225 175
1 14 5
242 119 178 275 138
1 17 4
211 273 298 280
1 20 2
200 133
1 4 6
155 289 268 205 221 33
1 15 4
152 284 136 205
1 5 3
238 274 129
1 18 3
277 281 284
1 16 3
196 177 184
1 7 5
293 172 257 271 148
1 1 5
21 159 27 77 268
1 18 4
22 121 83 104
1 10 6
102 157 224 201 265 96
1 10 2
217 67
1 15 2
57 225
1 5 5
214 66 204 71 197
1 3 2
268 23
1 12 2
228 127
1 2 3
248 148 205
1 19 6
20 247 19 84 246 241
1 1 2
54 220
1 8 4
292 258 39 18
1 4 5
283 170 67 203 69
1 1 5
187 235 262 128 286
1 2 5
176 30 32 123 86
1 4 5
49 265 191 85 294
1 20 3
10 237 194
1 15 5
202 254 224 150 192
1 17 4
208 252 64 144
1 18 4
191 108 72 151
1 11 2
254 95
1 6 2
265 196
1 10 3
149 7 235
1 12 6
88 234 231 139 118 5
1 13 5
131 37 129 132 154
1 19 5
206 124 209 49 73
1 5 3
170 146 134
1 12 2
79 217
1 15 2
155 11
1 1 5
275 126 94 40 116
1 15 4
95 282 173 267
1 17 3
66 218 62
1 15 5
142 284 250 2 12
1 8 4
231 77 112 131
1 8 3
273 152 140
1 7 3
15 289 8
1 19 4
173 116 41 23
1 2 4
143 28 98 253
1 2 3
278 200 243
1 2 4
226 281 285 264
1 13 2
282 165
1 16 3
299 38 221
k 20
