300 1500 465
25 14 24 24 4 18 1 18 2 14 28 25 1 28 18 14 8 28 10 12 13 28 8 30 20 22 10 6 17 6 12 18 21 17 8 6 22 8 19 13 11 11 6 8 12 9 16 1 6 30 21 8 16 19 22 3 29 6 11 4 22 7 14 4 9 27 3 16 27 16 10 16 6 20 2 14 7 27 20 29 27 20 6 10 4 19 9 18 23 15 7 24 14 25 14 11 6 1 2 12 1 16 19 8 6 23 25 1 9 5 28 27 12 25 7 24 25 3 14 18 10 4 12 13 25 28 6 22 18 8 10 20 7 15 22 11 7 11 13 3 1 6 19 10 29 22 4 21 11 23 18 20 27 2 22 20 29 22 18 1 30 18 17 30 30 20 2 20 22 23 26 30 9 25 28 10 25 29 27 25 30 4 28 15 11 25 19 25 7 5 28 30 18 10 6 17 7 7 18 19 24 4 17 16 12 16 18 1 10 17 20 6 1 23 5 9 5 19 3 18 30 24 27 5 10 26 24 11 21 27 7 16 8 4 28 16 7 13 8 21 25 21 21 7 4 20 24 8 29 6 19 30 21 2 16 4 27 5 7 6 30 13 5 28 8 16 21 15 11 9 26 24 4 2 24 20 26 7 15 16 3 1 23 23 5 1 7 28 3 11 1 19 12 16 26 1 27 4 25 13
1 30 26 12 8 23 4 20 17 29 14 8 7 28 3 2 2 17 8 5 5 20 28 11 29 14 29 7 5 25 21 5 21 30 11 21 6 14 27 22 16 22 7 9 12 30 5 27 13 13 26 30 24 26 14 21 23 2 13 14 7 5 29 3 30 25 5 14 12 4 13 23 8 23 5 4 20 9 24 11 26 15 3 2 18 29 20 24 28 21 16 12 23 26 7 18 7 17 17 28 13 4 23 18 25 27 14 26 20 28 23 2 12 3 14 19 2 6 5 22 30 7 2 22 11 8 13 3 24 2 15 14 30 21 4 30 15 10 9 23 6 26 16 17 8 16 23 7 24 24 9 11 26 28 16 12 7 26 29 25 5 11 6 30 12 6 12 5 25 20 8 24 12 29 21 22 21 6 17 19 23 17 21 26 19 7 5 26 23 20 27 2 30 4 10 20 20 12 10 17 4 26 1 25 9 30 21 6 5 5 4 13 23 17 20 1 2 19 23 19 17 16 26 25 17 20 2 4 15 14 25 19 26 14 19 15 25 26 13 20 13 4 11 2 11 21 7 18 26 8 7 24 22 21 12 20 1 3 2 8 14 20 6 9 25 30 13 24 28 7 9 29 9 11 17 10 25 30 7 16 7 27 27 4 15 15 28 2 8 20 28 28 19 30 11 16 20 12 10 1
1 5 5
74 117 33 196 37
1 14 5
243 278 5 155 103
1 16 2
9 59
1 11 2
285 207
1 12 6
33 29 20 124 265 278
1 7 2
253 171
1 8 5
84 237 118 53 148
1 17 6
127 281 141 188 102 230
1 2 5
85 82 186 44 276
1 19 6
151 237 226 276 95 201
1 10 5
8 11 231 212 252
1 7 4
259 165 36 175
1 14 2
144 132
1 12 3
289 76 98
1 15 5
95 59 252 150 116
1 5 2
176 133
1 15 5
247 289 86 41 53
1 2 3
274 191 285
1 9 5
39 89 154 8 26
1 12 3
82 254 161
1 18 3
115 249 153
1 18 6
285 82 202 138 115 102
1 12 6
231 159 62 161 89 295
1 13 3
65 291 207
1 13 2
1 292
1 19 6
235 162 50 137 100 221
1 19 6
30 201 299 158 88 211
1 4 2
151 174
1 19 6
251 47 144 8 99 270
1 10 4
28 88 257 232
1 9 3
113 94 121
1 2 6
133 272 276 152 67 115
1 18 5
228 165 102 267 298
1 3 2
99 60
1 7 3
31 150 19
1 8 2
105 6
1 3 5
0 240 194 26 254
1 19 2
100 59
1 9 2
62 127
1 3 2
232 55
1 9 2
236 199
1 1 2
293 27
1 17 4
17 254 292 12
1 4 3
5 97 268
1 11 5
223 267 175 19 21
1 17 5
82 56 167 232 119
1 8 6
26 80 214 105 260 52
1 1 3
128 71 124
1 9 6
228 280 262 38 64 35
1 7 3
90 38 189
1 12 5
168 210 145 68 226
1 12 3
258 183 266
1 13 2
111 219
1 8 5
136 270 282 205 58
1 1 4
128 172 36 214
1 15 3
13 134 114
1 19 6
284 15 247 180 83 251
1 9 3
264 14 226
1 2 3
248 113 274
1 16 5
82 77 186 187 47
1 5 2
124 116
1 6 6
69 61 47 194 31 173
1 6 4
220 231 172 292
1 3 3
222 112 271
1 15 2
95 235
1 17 2
43 171
1 7 5
268 85 191 161 95
1 1 3
213 256 46
1 16 2
204 181
1 7 4
34 242 239 170
1 2 4
118 122 73 230
1 18 2
63 152
1 15 4
259 191 204 61
1 4 6
185 13 62 244 282 41
1 5 3
174 233 168
1 13 3
283 167 20
1 6 4
103 54 201 138
1 13 4
276 288 69 182
1 6 2
103 40
1 6 3
145 72 287
1 6 4
174 244 5 164
1 18 3
204 297 238
1 1 6
166 218 245 249 221 134
1 7 3
205 75 147
1 3 2
108 248
1 15 5
29 264 164 284 56
1 7 5
207 216 42 76 53
1 4 4
242 17 134 257
1 1 4
202 107 283 119
1 19 2
211 240
1 9 4
205 162 95 278
1 10 3
264 211 43
1 17 5
180 87 93 8 175
1 14 3
117 182 32
1 9 4
269 263 157 241
1 17 4
205 111 83 70
1 3 4
220 275 102 293
1 8 5
3 259 270 110 215
1 15 2
202 141
1 19 4
194 219 42 184
1 16 6
30 173 208 80 120 217
1 19 5
268 229 119 176 134
1 10 2
120 235
1 7 5
32 17 259 171 177
1 6 5
48 268 94 260 178
1 10 3
113 135 288
1 10 5
59 185 108 191 238
1 3 4
43 258 227 165
1 1 6
269 8 222 116 144 80
1 11 2
291 296
1 4 3
228 110 73
1 18 5
188 166 120 282 251
1 6 3
122 105 162
1 5 6
193 168 17 196 52 3
1 10 5
55 167 246 165 214
1 6 5
208 7 9 253 216
1 19 3
68 168 220
1 17 5
47 190 78 223 287
1 10 4
102 148 193 255
1 19 5
103 210 110 27 49
1 4 2
81 268
1 19 2
236 137
1 14 4
18 50 105 242
1 18 2
109 76
1 8 4
263 73 270 170
1 14 3
40 94 98
1 5 2
229 36
1 15 4
59 284 103 114
1 3 2
203 22
1 19 4
103 135 228 217
1 14 2
293 86
1 14 3
96 207 153
1 17 3
266 216 219
1 12 3
12 225 188
1 13 3
69 130 173
1 20 5
193 165 202 218 216
1 8 2
4 194
1 6 6
171 95 58 209 245 16
1 17 2
108 51
1 10 2
200 36
1 19 3
197 195 261
1 10 5
281 88 206 31 59
1 19 6
284 89 82 60 211 197
1 4 4
235 226 264 65
1 6 4
57 80 162 129
1 7 5
144 290 40 95 287
1 16 4
158 253 272 177
1 1 6
120 144 129 33 46 49
1 16 3
47 193 231
1 16 3
254 75 116
1 6 5
282 261 101 185 227
1 6 4
106 130 236 77
1 14 5
226 224 21 242 28
1 13 4
198 169 156 184
1 18 6
278 17 256 130 12 264
1 16 6
189 195 209 89 297 279
1 10 5
73 224 291 47 125
1 14 5
281 273 222 75 8
1 9 2
12 44
1 7 3
109 61 238
1 16 4
48 236 98 207
1 11 6
58 45 16 101 7 181
1 11 3
78 87 238
1 16 6
55 133 3 126 164 113
1 2 3
173 55 261
1 15 5
215 98 294 233 116
1 11 5
126 114 5 212 233
1 5 6
75 191 126 165 227 242
1 18 4
231 238 119 126
1 17 5
4 132 7 191 143
1 11 4
268 290 137 232
1 17 6
276 202 243 3 213 69
1 12 3
18 89 175
1 9 4
93 189 212 159
1 10 4
166 245 262 77
1 18 2
114 48
1 7 3
122 177 41
1 6 4
150 234 199 293
1 3 6
279 230 288 84 165 101
1 2 4
229 48 123 67
1 4 6
129 299 190 31 14 281
1 14 5
115 147 126 149 56
1 1 5
292 66 134 71 176
1 6 5
122 204 2 221 278
1 11 4
241 258 15 90
1 10 4
95 287 211 67
1 8 6
23 251 138 63 152 124
1 11 4
212 196 88 133
1 3 4
241 220 53 292
1 12 6
92 215 212 281 108 181
1 19 4
209 159 175 6
1 1 5
126 95 292 58 77
1 10 5
146 232 8 264 49
1 18 2
23 297
1 1 3
129 158 252
1 2 3
149 225 279
1 16 2
168 9
1 17 3
32 180 212
1 20 4
269 48 109 262
1 5 4
217 110 171 105
1 3 3
29 26 133
1 1 6
198 42 46 74 85 13
1 6 2
63 266
1 12 4
102 110 179 26
1 3 2
210 53
1 4 5
284 296 90 28 58
1 18 6
282 57 219 153 144 173
1 17 5
11 201 192 152 287
1 11 6
192 286 279 285 234 275
1 15 4
33 24 256 233
1 18 3
69 205 2
1 18 4
94 68 263 14
1 7 5
288 223 161 249 184
1 3 6
169 273 112 132 63 257
1 13 5
182 219 185 216 227
1 12 3
12 225 99
1 1 5
168 137 294 139 219
1 9 5
164 298 180 174 29
1 1 5
205 283 131 27 173
1 6 3
280 273 152
1 15 6
210 166 154 103 52 124
1 13 4
119 64 271 33
1 9 5
109 132 270 135 3
1 1 5
40 156 151 42 147
1 12 5
20 34 144 191 47
1 8 5
139 136 159 167 240
1 14 6
47 272 296 35 160 22
1 4 3
292 195 235
1 7 5
96 194 47 88 153
1 12 6
137 210 171 219 101 88
1 5 5
8 137 14 179 215
1 1 5
36 82 25 112 117
1 4 3
103 299 30
1 7 5
126 234 53 9 245
1 9 2
299 218
1 15 5
145 76 129 238 128
1 17 5
66 21 151 16 54
1 10 3
106 190 135
1 19 5
147 20 268 137 158
1 19 3
295 1 256
1 14 2
62 10
1 9 3
136 210 217
1 4 5
170 199 290 91 207
1 19 5
227 150 231 6 183
1 2 5
147 99 12 3 196
1 9 3
292 70 232
1 15 4
24 5 260 219
1 19 3
159 219 11
1 4 3
168 162 175
1 6 3
209 171 88
1 19 3
254 148 289
1 13 5
183 103 134 191 8
1 6 3
239 18 171
1 19 2
113 123
1 9 2
46 115
1 20 5
244 198 134 69 152
1 19 3
18 186 144
1 18 3
232 213 165
1 1 3
171 190 276
1 20 3
160 143 87
1 16 6
260 86 282 240 272 253
1 7 3
56 222 161
1 15 6
159 297 272 259 285 163
1 18 5
169 179 276 211 289
1 14 4
286 67 28 77
1 6 4
89 105 76 191
1 15 3
151 57 111
1 20 3
10 271 269
1 8 2
219 187
1 19 4
128 60 132 251
1 19 3
244 59 62
1 15 4
50 122 172 21
1 20 6
121 108 288 260 243 73
1 8 6
112 187 26 226 254 192
1 6 5
125 178 123 21 51
1 7 2
74 194
1 3 3
80 98 270
1 20 3
240 58 204
1 6 3
166 65 201
1 20 4
286 55 232 10
1 15 2
100 253
1 4 4
128 183 136 137
1 3 3
175 67 159
1 7 6
111 268 270 93 80 28
1 12 2
85 180
1 5 5
211 11 229 155 63
1 17 4
269 204 158 12
1 11 3
78 290 81
1 17 3
268 228 150
1 9 2
173 272
1 18 3
182 74 71
1 5 5
100 290 46 157 68
1 10 4
30 194 59 275
1 5 2
294 113
1 6 2
293 34
1 1 3
277 292 145
1 4 6
134 286 277 69 233 39
1 14 5
32 92 283 241 127
1 1 2
141 227
1 5 3
203 97 178
1 17 4
290 30 174 27
1 7 6
37 87 263 78 113 58
1 1 4
60 32 213 122
1 18 6
108 80 163 184 169 20
1 16 4
150 79 163 13
1 15 3
257 19 253
1 5 4
23 250 120 116
1 13 3
133 141 189
1 9 4
204 276 231 37
1 2 5
245 256 120 63 141
1 19 3
80 159 9
1 17 6
53 220 148 41 39 192
1 11 3
68 155 215
1 19 4
110 237 201 120
1 4 4
149 299 261 132
1 15 2
284 246
1 16 4
58 235 39 200
1 11 5
30 132 298 22 109
1 16 4
112 56 16 286
1 9 3
224 198 5
1 4 4
106 29 117 91
1 6 2
212 59
1 16 6
283 50 229 75 40 3
1 2 2
79 188
1 4 3
39 234 280
1 15 4
55 61 175 1
1 19 3
14 291 56
1 6 3
122 101 199
1 15 2
232 173
1 20 5
153 101 55 198 48
1 17 3
70 42 205
1 5 3
68 79 86
1 11 4
204 286 220 102
1 19 2
28 239
1 11 5
114 233 254 183 17
1 18 6
50 28 251 286 196 252
1 19 3
111 267 198
1 18 6
288 223 232 85 183 142
1 8 2
155 214
1 18 3
24 203 268
1 19 3
232 149 86
1 14 6
282 47 55 271 172 26
1 3 3
299 200 13
1 13 4
272 268 96 139
1 8 4
122 253 28 85
1 12 4
35 236 12 255
1 13 3
19 151 275
1 6 6
293 5 198 192 71 218
1 20 5
70 240 259 50 40
1 9 6
123 145 219 93 20 91
1 8 2
262 6
1 16 3
163 16 115
1 10 4
155 80 76 125
1 14 5
263 64 187 124 82
1 12 4
237 129 182 287
1 18 2
269 210
1 20 4
142 210 298 162
1 5 6
283 33 218 4 290 128
1 2 2
232 228
1 18 3
184 44 131
1 1 6
6 272 296 22 7 172
1 14 4
156 195 226 217
1 15 3
136 250 150
1 16 2
184 197
1 3 3
96 60 159
1 16 5
174 217 59 67 286
1 2 5
55 28 222 289 36
1 9 3
7 42 2
1 19 3
91 173 85
1 14 5
132 191 250 109 50
1 20 5
78 216 66 248 268
1 15 5
30 22 219 287 202
1 15 5
48 265 49 5 81
1 2 4
204 230 74 173
1 1 6
169 224 110 135 129 237
1 3 4
75 113 156 222
1 16 5
272 154 29 14 78
1 6 3
208 127 131
1 17 6
64 134 211 140 225 181
1 17 2
55 255
1 14 5
218 290 102 143 23
1 15 4
78 295 212 41
1 3 6
57 225 134 165 19 12
1 10 6
77 81 241 109 194 95
1 13 4
185 111 118 181
1 12 4
33 142 177 282
1 10 2
11 267
1 17 4
164 46 297 211
1 10 4
250 16 173 179
1 1 2
224 112
1 11 2
21 148
1 12 2
141 129
1 5 3
60 215 213
1 19 2
293 290
1 10 6
255 1 197 203 277 17
1 18 5
156 4 12 116 194
1 5 3
88 137 161
1 18 3
213 143 192
1 11 3
223 243 213
1 16 6
267 248 211 274 154 85
1 3 4
9 164 200 43
1 5 4
245 130 145 260
1 20 6
132 274 103 146 73 185
1 15 3
246 64 43
1 15 6
139 206 176 29 114 96
1 6 5
4 33 135 155 217
1 8 4
54 122 31 147
1 9 3
120 269 114
1 8 2
196 73
1 8 2
287 163
1 15 6
157 103 204 151 1 56
1 20 2
225 296
1 6 5
63 73 49 207 239
1 19 5
70 132 286 66 279
1 10 3
159 230 254
1 17 5
54 137 160 205 110
1 13 2
247 99
1 13 2
150 140
1 15 3
170 285 137
1 5 2
248 213
1 9 3
88 7 107
1 7 3
67 172 143
1 2 4
40 29 178 50
1 3 6
241 191 226 12 80 66
1 16 6
135 150 276 270 12 26
1 6 4
92 76 155 113
1 9 4
20 230 180 191
1 16 3
24 100 273
1 8 3
0 3 65
1 4 2
65 274
1 17 6
221 124 197 291 73 153
1 10 5
164 278 268 256 82
1 16 5
139 213 105 101 227
1 15 3
195 145 229
1 14 5
98 165 31 93 53
1 5 3
279 180 224
1 10 5
34 142 151 181 161
1 12 2
118 280
1 5 2
243 101
1 3 3
188 264 61
1 13 2
62 186
1 18 4
67 285 70 262
1 10 3
201 121 35
1 2 5
63 266 18 99 110
1 13 2
294 219
1 12 6
8 250 32 101 22 285
1 20 2
32 72
1 8 6
105 109 161 251 227 67
1 4 4
142 67 112 205
1 11 3
227 205 120
1 5 6
92 59 109 118 297 161
1 1 2
97 140
1 14 2
298 160
1 1 5
48 188 60 5 22
1 2 2
140 241
1 7 2
256 272
1 13 6
17 41 12 39 176 178
1 6 3
52 76 73
1 4 6
137 178 71 90 21 158
1 17 4
278 288 19 122
1 20 3
251 135 42
1 13 6
172 152 78 90 189 286
1 19 3
247 107 241
1 20 5
141 48 75 177 64
1 3 3
185 24 33
1 2 3
163 124 276
1 18 4
46 184 244 194
1 13 3
185 118 77
1 20 6
133 184 8 188 88 296
1 12 4
182 291 90 105
1 14 3
227 32 156
1 15 6
128 229 111 145 282 123
1 6 4
192 135 72 243
1 8 4
114 115 30 78
1 19 3
271 65 160
1 9 5
236 69 16 258 154
1 11 5
252 146 112 171 276
1 11 4
280 206 116 4
1 9 6
245 162 178 252 213 282
1 20 2
222 39
1 16 5
176 222 158 38 57
1 19 4
79 152 84 105
1 2 2
180 160
1 4 6
217 15 31 143 60 268
1 20 4
290 110 186 38
1 8 3
91 57 55
1 8 3
214 266 46
1 4 5
259 154 297 163 165
1 1 2
270 185
1 4 5
165 4 229 157 152
1 16 5
239 10 233 299 131
1 14 6
132 246 153 126 256 219
1 14 3
125 198 55
1 2 4
286 144 27 125
1 15 4
220 204 210 239
1 1 4
12 51 147 231
1 5 4
20 274 13 213
1 5 3
215 59 22
1 20 2
158 299
1 13 5
68 214 62 126 107
1 16 6
286 192 160 223 207 231
1 13 3
167 244 99
1 13 6
132 94 90 160 89 258
1 12 5
125 146 260 163 21
1 4 2
210 242
1 11 5
216 173 273 246 1
1 8 6
154 3 15 66 216 195
1 11 6
191 4 289 119 286 121
1 11 4
67 279 224 76
1 19 6
158 49 197 225 276 8
1 2 2
275 12
1 15 6
74 105 226 22 168 218
1 18 4
204 164 14 224
1 16 4
184 167 236 136
1 10 6
98 294 180 191 214 255
1 12 4
273 144 154 239
1 19 6
77 233 285 107 55 97
1 9 2
241 219
1 17 4
254 188 115 125
1 10 4
99 48 55 172
1 4 5
239 5 163 4 141
1 11 2
57 269
1 6 5
98 192 297 78 253
1 5 4
72 133 236 209
1 11 2
70 242
1 11 5
121 16 279 185 37
1 5 6
201 33 106 35 165 93
1 17 4
65 146 209 130
1 2 6
3 51 147 41 16 198
1 2 5
218 25 191 32 145
1 13 3
152 226 14
1 6 4
139 181 32 102
1 11 5
251 206 13 48 38
1 4 2
103 266
1 11 5
218 156 84 244 179
1 16 5
69 40 42 129 36
1 4 5
127 23 174 234 194
1 5 6
19 171 192 183 247 225
1 12 3
210 11 159
1 19 4
89 264 29 125
1 9 5
160 274 97 213 92
1 13 5
68 221 27 143 160
1 12 3
242 126 3
1 4 3
256 159 210
1 15 6
188 277 116 84 256 30
1 15 6
202 247 23 277 185 64
1 6 6
99 85 207 4 258 17
1 17 6
213 33 81 76 64 229
1 17 3
149 179 208
1 12 4
227 91 275 146
1 1 2
216 179
1 1 3
288 230 120
1 17 6
152 5 40 54 1 179
1 2 2
289 209
1 8 4
124 247 111 137
1 14 6
2 118 94 102 77 269
1 5 3
196 36 83
1 15 6
210 245 222 7 290 117
1 9 2
202 268
1 17 3
179 154 284
1 4 6
150 201 4 240 282 288
1 11 6
155 14 277 237 264 220
1 19 4
135 97 146 295
1 7 5
228 218 239 123 199
1 20 5
89 95 199 280 32
1 15 3
208 145 246
1 13 3
2 105 227
1 16 6
7 237 139 163 161 69
1 3 3
266 291 204
1 6 4
284 36 103 75
1 15 2
129 149
1 19 4
224 182 171 211
1 19 4
44 271 78 63
1 5 6
298 297 61 212 161 258
1 2 4
130 81 230 291
1 8 4
120 7 58 208
1 19 2
25 31
1 2 2
295 0
1 19 3
76 237 75
1 4 5
5 202 270 25 13
1 18 4
70 159 79 294
1 14 4
120 49 20 94
1 8 4
25 236 223 67
1 12 6
266 11 217 245 134 163
1 9 2
267 168
1 8 4
240 236 276 218
1 14 4
198 187 96 197
1 7 6
296 204 22 12 260 290
1 4 5
180 164 79 89 73
1 5 4
172 173 264 277
1 19 3
228 160 92
1 16 6
214 235 269 176 147 40
1 14 4
290 84 245 218
1 11 3
131 50 120
1 16 4
5 226 246 194
1 10 6
160 215 157 145 116 296
1 5 2
117 86
1 19 2
45 102
1 12 2
82 207
1 20 6
278 65 56 77 101 248
1 17 5
125 26 153 203 285
1 10 4
0 88 213 81
1 9 6
233 40 128 236 80 51
1 1 6
107 13 280 55 186 199
1 19 3
172 94 258
1 4 4
113 268 144 156
1 9 6
47 210 146 161 50 18
1 8 5
45 15 185 210 200
1 12 4
12 127 186 238
1 4 4
172 94 88 227
1 4 3
127 44 169
1 7 3
22 165 19
1 2 4
141 25 66 193
1 17 3
97 35 246
1 15 3
141 174 238
1 11 6
136 31 268 108 129 149
1 2 2
143 166
1 5 5
113 28 85 131 287
1 18 5
18 107 287 120 96
1 16 3
62 280 262
1 16 6
210 25 243 263 21 39
1 17 4
13 24 59 289
1 10 2
244 226
1 9 4
142 259 2 90
1 17 4
7 129 143 44
1 1 4
8 37 57 23
1 18 4
8 88 69 119
1 20 3
218 275 109
1 9 3
281 126 111
1 2 6
43 299 275 128 3 274
1 15 3
152 261 211
1 19 3
54 113 136
1 6 6
145 112 23 11 188 250
1 20 5
45 153 168 70 103
1 9 2
239 159
1 20 6
296 28 239 261 244 149
1 8 6
88 174 105 164 259 100
1 18 4
100 175 101 262
1 6 5
199 221 287 214 289
1 17 2
167 198
1 18 5
29 238 186 173 165
1 1 6
278 144 294 211 42 96
1 11 2
227 233
1 19 2
121 219
1 1 2
176 106
1 18 4
94 141 240 67
1 7 4
122 129 169 100
1 6 2
181 205
1 1 6
95 142 41 101 125 279
1 3 5
39 64 250 21 297
1 4 6
17 82 153 194 167 189
1 16 2
236 238
1 14 6
239 77 282 155 46 209
1 9 2
273 32
1 10 6
48 99 224 287 213 12
1 6 2
273 293
1 18 2
83 56
1 12 6
87 173 268 52 224 170
1 7 4
104 221 187 255
1 4 3
259 273 180
1 12 2
126 174
1 8 3
95 137 22
1 3 3
221 155 17
1 9 2
90 138
1 6 4
168 195 156 249
1 10 5
28 252 138 158 93
1 15 4
244 195 62 142
1 18 6
39 172 54 109 111 203
1 14 5
68 52 24 202 294
1 5 5
205 22 181 230 3
1 8 3
149 106 166
1 10 4
292 89 169 82
1 4 4
204 227 157 45
1 7 3
123 23 150
1 17 3
69 13 235
1 12 2
70 0
1 18 2
71 273
1 19 4
119 273 154 157
1 3 2
215 220
1 6 4
49 56 267 20
1 2 2
255 24
1 7 2
270 56
1 8 4
200 99 79 149
1 19 4
190 199 289 128
1 20 3
257 267 98
1 12 5
35 127 115 77 276
1 13 3
166 19 194
1 13 3
30 158 230
1 11 4
122 39 2 73
1 20 4
177 110 88 282
1 13 6
109 152 148 38 237 285
1 9 6
216 8 77 28 182 286
1 11 5
138 73 111 79 106
1 13 4
179 61 34 70
1 15 4
73 273 213 58
1 13 4
19 287 23 259
1 17 2
68 33
1 10 3
183 245 219
1 6 6
295 97 288 89 166 298
1 13 2
14 54
1 4 5
8 240 152 277 78
1 6 2
86 277
1 7 2
263 130
1 8 3
81 230 173
1 19 4
106 20 60 298
1 16 4
294 56 37 47
1 11 6
5 139 165 90 193 58
1 17 6
193 239 10 34 160 148
1 18 4
286 160 56 159
1 6 2
162 69
1 16 6
108 109 209 211 176 280
1 11 2
122 247
1 6 4
257 89 85 195
1 6 3
43 19 213
1 5 5
86 244 247 268 178
1 8 3
183 214 140
1 12 5
251 184 228 10 172
1 17 4
28 146 48 132
1 8 6
271 175 11 204 285 58
1 5 5
26 41 228 192 295
1 18 6
4 13 235 15 197 150
1 17 6
217 15 45 192 239 272
1 2 6
160 263 168 91 192 96
1 4 4
112 61 181 139
1 2 2
23 169
1 2 4
37 238 288 116
1 10 5
196 66 71 290 7
1 17 4
136 232 264 148
1 5 3
239 39 228
1 11 2
9 122
1 12 2
104 181
1 8 6
227 59 128 196 100 212
1 11 2
40 83
1 17 3
155 293 114
1 14 3
3 32 30
1 17 6
276 114 283 144 103 256
1 6 6
162 79 290 65 18 93
1 18 4
161 119 280 286
1 20 6
174 44 291 220 255 237
1 17 4
294 299 202 157
1 7 3
50 222 10
1 2 4
5 297 156 199
1 10 6
123 197 137 164 19 39
1 7 2
161 113
1 18 2
115 297
1 9 4
137 216 297 125
1 15 2
147 161
1 15 3
39 228 296
1 16 4
266 142 198 136
1 5 2
4 2
1 7 2
279 149
1 10 4
9 109 98 72
1 10 6
230 164 140 223 248 95
1 2 4
100 189 111 84
1 17 6
171 11 64 293 259 226
1 2 2
19 35
1 10 3
144 99 203
1 14 6
286 248 41 257 54 196
1 14 2
177 102
1 13 3
299 145 298
1 1 6
154 113 47 151 121 64
1 18 2
237 108
1 13 2
252 240
1 15 4
160 225 299 292
1 2 2
274 37
1 19 5
138 214 70 6 163
1 19 4
201 284 140 269
1 14 3
17 19 287
1 9 6
146 132 73 166 92 280
1 3 4
17 162 198 235
1 1 4
131 158 114 259
1 18 6
216 68 100 271 222 128
1 5 2
118 162
1 12 5
59 143 38 290 178
1 9 2
168 185
1 2 2
165 0
1 2 5
6 64 40 85 176
1 6 3
295 141 293
1 3 4
51 185 257 279
1 2 6
54 141 139 145 123 39
1 16 2
282 274
1 20 2
155 207
1 16 5
266 129 48 95 110
1 3 6
76 232 162 124 161 231
1 9 3
258 174 60
1 16 5
116 188 251 50 130
1 20 3
49 162 56
1 17 3
177 257 33
1 5 5
132 180 63 59 87
1 6 3
257 85 210
1 6 6
139 201 113 157 277 284
1 5 5
99 12 187 29 22
1 20 3
108 5 24
1 8 2
23 214
1 1 4
268 223 110 292
1 9 6
80 282 153 84 29 183
1 9 3
100 158 139
1 10 2
170 149
1 7 2
47 282
1 5 2
286 14
1 14 5
31 93 176 51 38
1 10 5
245 227 177 2 153
1 13 5
96 84 122 80 127
1 2 5
190 54 262 209 108
1 9 5
165 156 59 202 36
1 2 2
114 96
1 18 3
166 134 5
1 13 5
103 38 63 174 104
1 9 6
205 119 246 43 273 3
1 6 2
44 114
1 5 3
288 97 226
1 11 3
123 118 267
1 7 2
244 115
1 18 5
262 120 30 79 232
1 14 6
236 165 248 193 277 39
1 1 5
46 64 205 89 136
1 12 3
150 184 110
1 18 2
38 167
1 9 2
226 225
1 1 5
43 72 218 181 200
1 18 4
214 92 179 126
1 16 3
157 204 202
1 14 4
284 114 136 42
1 12 3
87 129 258
1 15 5
277 169 160 0 190
1 8 3
4 79 294
1 14 6
150 80 79 60 11 188
1 4 3
58 6 295
1 11 5
35 182 271 4 124
1 12 3
97 277 145
1 7 2
169 192
1 17 2
182 49
1 4 6
36 244 262 287 219 10
1 16 4
127 9 295 95
1 12 5
76 41 175 200 15
1 5 2
269 55
1 10 3
143 75 154
1 6 3
241 125 28
1 10 4
294 68 250 239
1 9 4
163 34 108 146
1 11 4
227 69 249 223
1 14 4
186 30 26 200
1 16 3
174 119 41
1 1 5
113 282 134 81 73
1 13 6
208 136 79 80 165 82
1 13 3
11 154 253
1 15 3
193 122 72
1 5 5
30 71 52 121 184
1 15 6
33 69 97 84 201 99
1 15 3
231 176 108
1 9 4
95 114 213 124
1 8 6
241 273 296 81 299 39
1 5 6
57 192 77 238 173 129
1 12 6
144 275 245 6 231 141
1 15 5
195 210 138 15 126
1 4 6
77 93 80 265 268 261
1 3 6
217 262 104 61 29 237
1 5 6
20 138 235 140 154 79
1 19 6
291 115 70 198 174 116
1 5 3
254 123 137
1 1 6
113 234 152 67 244 297
1 12 5
109 128 253 266 233
1 15 3
142 2 233
1 2 3
130 56 37
1 4 4
273 116 232 142
1 16 3
66 121 9
1 10 5
166 279 263 253 88
1 16 4
130 169 123 161
1 1 2
109 270
1 2 4
114 98 265 0
1 4 5
35 249 235 279 31
1 16 3
179 182 175
1 5 6
278 282 259 188 160 252
1 1 4
20 64 149 80
1 10 3
273 219 208
1 5 4
68 144 204 143
1 9 5
42 256 45 112 189
1 16 2
107 169
1 2 5
73 216 45 280 211
1 10 2
187 295
1 12 3
146 261 44
1 20 4
66 133 192 165
1 17 4
247 222 97 4
1 17 4
157 97 24 296
1 11 2
264 124
1 10 6
21 164 171 109 89 213
1 20 2
209 108
1 5 6
111 35 160 125 85 175
1 3 6
152 5 177 92 267 184
1 11 6
223 107 135 87 265 191
1 8 5
17 110 151 150 36
1 13 4
77 125 221 71
1 16 2
147 90
1 7 4
218 66 190 207
1 18 6
37 218 107 149 44 43
1 14 2
158 161
1 6 2
149 152
1 1 3
222 12 296
1 16 4
170 262 42 50
1 6 4
160 128 33 286
1 8 5
79 208 37 30 119
1 19 4
236 277 252 24
1 6 2
49 192
1 5 4
45 198 100 138
1 6 3
208 242 226
1 9 3
141 261 6
1 10 4
66 13 6 31
1 15 6
214 143 219 187 164 264
1 4 6
296 291 285 75 241 169
1 1 2
172 125
1 7 4
240 146 17 282
1 3 2
207 72
1 10 2
102 220
1 5 2
98 66
1 6 2
253 25
1 7 6
203 145 128 63 83 219
1 6 3
153 77 70
1 12 5
33 78 102 280 65
1 1 3
112 119 11
1 11 3
289 159 213
1 1 5
10 12 286 195 160
1 9 6
224 208 247 31 104 258
1 2 5
131 287 182 297 121
1 3 2
104 229
1 5 3
151 97 124
1 16 4
7 4 28 144
1 13 5
24 204 68 85 30
1 6 4
290 76 138 229
1 1 5
258 213 136 34 69
1 14 2
138 206
1 11 6
171 106 222 74 22 9
1 17 5
153 220 288 184 218
1 10 2
178 198
1 3 5
198 73 159 83 218
1 11 5
85 277 119 112 282
1 6 3
94 6 57
1 9 4
170 121 195 234
1 1 4
20 86 203 122
1 3 2
163 296
1 11 2
101 171
1 7 5
68 96 3 107 105
1 16 4
143 10 270 191
1 9 3
215 20 73
1 6 6
76 271 201 267 260 144
1 2 4
201 210 270 38
1 6 2
76 115
1 5 2
202 264
1 11 4
178 172 241 134
1 5 3
8 46 297
1 11 3
232 265 247
1 12 4
1 109 217 277
1 17 4
62 149 103 79
1 12 4
19 273 212 69
1 20 4
221 245 75 5
1 20 5
50 177 203 191 248
1 3 4
115 2 162 207
1 1 6
279 252 151 27 230 154
1 14 2
128 203
1 18 5
245 36 243 282 150
1 3 5
210 253 69 208 283
1 20 5
117 47 239 250 227
1 13 4
265 104 218 210
1 19 6
273 139 99 249 203 290
1 9 5
14 84 23 82 91
1 12 2
104 185
1 3 3
256 267 38
1 16 2
40 24
1 5 5
165 272 209 268 249
1 19 6
9 228 37 67 26 210
1 18 4
142 115 113 226
1 2 2
160 218
1 7 3
211 37 247
1 9 6
62 186 296 9 259 264
1 6 3
147 228 199
1 13 3
79 219 216
1 14 2
14 166
1 11 5
297 83 291 239 192
1 11 4
235 252 243 188
1 4 2
235 194
1 11 2
271 280
1 19 5
263 116 66 42 31
1 8 2
66 285
1 10 4
249 285 96 204
1 14 2
128 225
1 1 2
206 181
1 10 3
186 268 173
1 13 2
261 157
1 3 4
109 146 155 116
1 13 6
193 141 49 153 219 252
1 14 3
111 128 153
1 4 5
161 165 74 287 235
1 13 4
200 48 160 246
1 2 5
136 163 237 275 147
1 18 3
18 276 267
1 1 2
173 234
1 12 4
210 119 88 269
1 14 5
98 102 209 279 170
1 4 3
240 187 55
1 16 5
69 16 40 257 72
1 3 6
255 47 249 181 55 290
1 7 3
247 175 278
1 18 5
281 1 195 50 205
1 17 6
255 281 239 184 168 106
1 20 4
4 17 20 297
1 1 4
49 222 177 213
1 5 6
243 116 47 222 41 288
1 11 5
27 7 35 110 130
1 9 5
55 149 39 287 247
1 6 5
279 162 9 139 187
1 13 2
291 215
1 7 2
41 23
1 13 6
170 93 221 293 184 163
1 10 3
9 81 181
1 20 4
211 136 64 273
1 6 5
110 109 259 152 13
1 15 5
37 281 169 119 145
1 4 2
46 175
1 14 6
4 167 139 96 147 163
1 9 2
290 53
1 4 4
102 219 6 230
1 7 6
68 7 240 80 52 58
1 1 4
100 183 47 252
1 10 5
92 116 285 151 32
1 14 6
63 101 124 164 186 249
1 19 2
9 222
1 12 2
255 90
1 10 4
270 74 52 64
1 7 4
140 69 275 167
1 11 6
100 94 137 37 161 189
1 8 2
286 77
1 10 3
21 108 177
1 18 6
221 22 11 241 139 103
1 4 2
154 152
1 4 6
3 218 199 106 61 188
1 19 6
209 171 220 118 296 151
1 6 4
151 77 72 213
1 15 6
82 6 125 67 146 69
1 10 4
109 223 111 225
1 18 4
34 217 210 9
1 5 4
1 150 2 12
1 18 5
79 20 209 196 240
1 3 6
245 157 156 42 201 90
1 5 5
34 289 218 285 230
1 5 6
287 210 0 33 99 20
1 2 5
295 125 58 143 166
1 3 4
250 129 186 287
1 13 4
166 175 282 259
1 16 3
149 211 95
1 16 3
20 212 223
1 11 3
111 244 214
1 19 2
240 20
1 3 5
160 18 210 251 36
1 20 3
32 214 281
1 1 2
222 92
1 1 4
89 103 164 250
1 19 4
97 127 70 132
1 8 3
44 233 41
1 18 4
135 111 8 187
1 9 6
140 203 271 87 299 168
1 19 4
78 145 160 209
1 14 3
207 224 76
1 7 4
61 127 211 13
1 6 5
30 243 194 27 244
1 4 3
267 225 1
1 5 6
149 158 260 262 98 227
1 15 6
68 93 124 176 36 87
1 20 6
231 140 180 76 66 33
1 14 2
272 210
1 14 6
248 164 27 29 173 217
1 19 5
233 165 252 17 70
1 5 4
258 131 60 75
1 18 4
271 198 274 165
1 9 3
291 99 245
1 9 4
222 293 45 237
1 4 2
197 141
1 2 4
124 250 47 205
1 9 6
25 131 21 229 118 274
1 8 3
102 159 119
1 10 3
87 91 281
1 9 3
294 105 42
1 8 6
226 247 198 248 167 134
1 11 3
3 85 33
1 9 4
108 94 46 39
1 12 3
113 256 18
1 12 3
200 129 115
1 14 2
126 280
1 17 4
126 215 216 143
1 6 6
269 84 153 123 243 227
1 13 4
7 70 131 16
1 3 6
295 252 85 19 131 55
1 19 6
287 246 33 1 286 135
1 5 6
239 245 181 255 39 23
1 8 2
97 196
1 7 6
148 212 215 81 282 58
1 2 6
220 228 70 3 195 178
1 9 5
238 71 189 221 267
1 5 3
132 0 56
1 6 5
289 269 244 27 169
1 7 3
169 164 86
1 16 2
245 154
1 12 6
242 205 128 231 61 131
1 7 5
284 27 141 282 128
1 5 6
64 91 63 248 62 143
1 4 4
106 63 3 86
1 18 4
99 280 172 231
1 7 6
160 236 267 240 109 280
1 10 6
29 104 172 123 280 191
1 10 3
64 294 18
1 16 3
149 5 137
1 8 5
170 34 2 172 159
1 14 5
187 57 243 92 282
1 8 2
125 149
1 9 4
101 50 237 262
1 4 5
211 43 46 283 70
1 2 5
8 97 187 229 158
1 7 6
174 57 125 279 244 228
1 18 5
201 240 145 253 177
1 20 4
16 29 102 122
1 6 6
179 202 208 87 172 45
1 18 4
62 235 5 91
1 3 3
206 222 120
1 20 4
143 159 211 96
1 17 2
38 229
1 15 5
21 243 240 110 3
1 13 5
140 153 124 134 108
1 14 6
282 244 30 33 80 16
1 8 3
141 93 184
1 20 4
253 254 105 240
1 19 4
127 279 164 200
1 12 5
297 238 84 195 172
1 17 6
214 102 273 154 225 256
1 17 2
35 176
1 17 2
152 111
1 17 5
292 131 267 217 74
1 17 5
279 271 282 218 233
1 7 6
131 253 104 209 94 279
1 4 2
83 11
1 3 5
231 234 97 284 120
1 1 2
76 260
1 16 6
13 72 282 167 201 285
1 18 4
177 1 105 22
1 15 4
288 131 39 229
1 19 3
181 128 58
1 6 2
150 222
1 20 5
280 46 106 90 164
1 4 5
252 9 134 101 104
1 18 3
272 299 42
1 16 3
202 132 149
1 1 5
31 129 124 7 281
1 16 5
110 182 228 46 231
1 19 3
150 186 166
1 17 4
108 42 165 186
1 7 5
68 205 209 130 40
1 8 3
49 245 193
1 9 4
60 268 37 67
1 19 6
223 206 174 54 227 198
1 19 5
62 167 159 25 110
1 3 4
265 197 288 8
1 13 4
51 249 194 13
1 10 4
163 43 239 68
1 10 5
138 116 202 18 23
1 4 4
148 84 103 237
1 20 3
101 273 246
1 12 2
27 142
1 12 5
247 125 126 14 110
1 10 4
124 94 29 157
1 10 4
99 299 71 73
1 11 2
148 182
1 17 5
217 163 84 54 83
1 10 5
37 80 151 165 42
1 17 2
241 142
1 4 6
141 251 107 27 241 106
1 4 4
266 195 222 10
1 4 6
102 106 151 195 55 121
1 11 5
252 242 293 254 0
1 8 2
215 217
1 12 3
47 115 282
1 15 3
257 166 88
1 3 6
204 167 138 65 62 95
1 8 2
228 132
1 15 5
92 256 219 82 151
1 9 2
264 109
1 20 6
95 233 196 194 272 16
1 10 2
63 100
1 9 6
218 117 146 62 126 17
1 18 2
166 151
1 13 2
49 168
1 8 6
212 157 229 8 193 122
1 18 4
266 56 252 137
1 10 3
20 102 293
1 10 2
70 74
1 15 5
128 224 150 161 220
1 3 5
66 242 25 183 291
1 5 6
254 246 273 177 48 163
1 16 2
239 102
1 20 6
74 254 259 289 96 234
1 16 6
7 53 245 182 89 74
1 7 3
180 126 93
1 16 4
276 82 159 265
1 12 4
22 8 272 217
1 8 5
204 287 58 30 276
1 7 4
159 209 81 234
1 9 4
274 11 215 12
1 19 5
298 228 203 116 149
1 1 6
134 286 112 111 154 16
1 7 2
107 261
1 20 6
63 189 213 276 61 204
1 1 6
224 109 196 74 194 271
1 13 4
198 130 281 287
1 16 4
294 81 244 199
1 10 3
94 22 256
1 14 5
219 38 79 80 212
1 17 6
68 257 16 295 83 171
1 19 4
6 213 106 227
1 8 2
195 19
1 1 6
58 246 62 98 26 251
1 20 3
262 221 267
1 12 6
96 133 258 52 242 162
1 20 4
108 102 258 193
1 2 3
144 172 253
1 9 2
164 247
1 15 6
30 86 131 27 168 103
1 13 3
270 277 268
1 7 4
175 240 62 96
1 7 4
131 3 286 24
1 2 5
279 235 124 214 181
1 17 2
221 1
1 11 5
152 55 205 140 88
1 4 4
27 215 292 91
1 6 5
155 182 269 41 144
1 6 6
254 103 284 85 253 269
1 4 2
297 100
1 12 4
225 4 108 80
1 4 6
238 44 187 79 20 77
1 1 4
151 172 299 104
1 18 5
256 179 240 160 293
1 9 4
20 99 293 217
1 18 3
78 33 261
1 11 3
266 217 234
1 6 3
190 59 173
1 14 5
44 4 293 266 199
1 4 5
109 116 120 270 132
1 14 5
209 257 220 218 78
1 16 5
104 85 212 233 157
1 15 4
65 189 29 181
1 12 3
55 96 270
1 19 3
159 26 11
1 15 5
63 204 130 167 279
1 9 2
49 175
1 5 4
201 119 4 34
1 12 2
225 236
1 14 5
116 45 266 155 173
1 14 5
170 13 261 176 218
1 2 5
121 21 187 264 22
1 16 2
145 132
1 20 5
19 290 131 238 67
1 11 2
35 241
1 8 3
180 3 134
1 20 2
207 233
1 9 6
187 81 91 56 119 162
1 14 6
37 98 261 110 211 238
1 16 3
161 80 244
1 9 4
243 185 220 213
1 12 2
57 286
1 8 3
79 35 240
1 13 5
291 149 265 7 91
1 5 4
210 178 253 12
1 11 2
196 173
1 8 6
132 2 291 146 254 190
1 13 3
293 266 290
1 5 3
154 2 237
1 19 2
193 25
1 8 6
161 98 171 131 136 60
1 9 3
117 297 6
1 3 5
85 251 168 50 115
1 7 3
51 194 257
1 14 2
46 186
1 15 6
250 150 109 168 188 256
1 6 2
287 5
1 1 6
165 29 288 148 100 150
1 6 6
48 205 122 90 157 73
1 1 6
156 72 167 226 10 189
1 14 2
17 122
1 6 3
253 259 36
1 14 4
1 73 131 232
1 16 6
14 157 148 239 220 152
1 8 5
176 290 7 126 30
1 9 4
16 51 86 117
1 18 4
6 284 195 168
1 13 4
59 159 71 91
1 5 5
195 57 234 171 281
1 3 3
241 262 57
1 7 6
227 111 127 281 255 144
1 10 4
181 265 48 155
1 13 6
249 128 250 194 15 161
1 17 6
157 42 142 120 292 43
1 12 6
62 287 265 123 118 215
1 13 4
187 81 88 253
1 19 3
149 248 138
1 17 2
159 3
1 11 2
254 113
1 12 5
0 51 277 5 258
1 4 2
69 25
1 18 2
59 20
1 15 5
247 8 253 7 238
1 16 3
86 267 198
1 10 3
205 63 107
1 4 3
159 166 17
1 9 4
153 192 263 10
1 17 4
136 124 207 47
1 17 5
214 213 24 218 125
1 15 3
295 291 190
1 8 5
2 195 103 21 290
1 2 5
201 131 167 155 179
1 13 3
124 193 84
1 11 5
240 252 255 171 247
1 19 3
205 133 247
1 9 2
19 146
1 16 5
76 267 55 18 168
1 15 3
65 131 244
1 13 4
160 89 225 29
1 3 2
25 199
1 15 2
57 154
1 15 3
21 68 167
1 19 3
44 238 42
1 14 4
110 11 73 240
1 17 4
134 273 128 121
1 20 4
290 195 298 258
1 14 4
114 291 41 238
1 19 5
138 200 58 189 22
1 1 2
175 189
1 12 5
258 77 179 4 174
1 8 5
166 295 39 219 89
1 13 2
244 61
1 7 3
241 120 252
1 15 3
247 76 184
1 9 2
60 19
1 6 4
224 256 68 236
1 4 6
232 197 186 16 173 127
1 3 3
94 110 183
1 1 5
225 163 16 181 21
1 19 5
142 65 113 299 12
1 10 3
200 276 215
1 18 4
35 250 31 49
1 5 3
295 156 214
1 18 2
148 283
1 16 4
144 279 145 168
1 19 3
153 52 10
1 16 6
268 138 34 137 232 125
1 19 3
197 79 288
1 20 5
2 89 3 42 33
1 12 3
120 93 118
1 19 4
210 27 254 191
1 13 2
181 191
1 19 4
63 82 11 149
1 15 6
291 185 116 148 38 81
1 8 5
43 166 123 152 87
1 10 6
272 176 251 28 45 236
1 5 2
272 179
1 18 4
83 267 144 26
1 4 5
204 261 218 287 96
1 5 4
64 272 107 284
1 20 3
18 24 55
1 17 6
16 132 103 194 134 81
1 15 5
22 230 192 284 246
1 15 5
242 181 93 7 230
1 15 5
203 296 182 2 238
1 7 5
1 259 93 114 54
1 18 6
153 14 299 297 207 290
1 3 6
289 214 64 124 103 152
1 20 6
248 276 78 155 0 124
1 13 2
148 164
1 2 6
42 243 281 190 173 200
1 11 2
240 232
1 10 5
147 130 18 254 256
1 6 3
280 106 80
1 10 6
74 234 206 161 151 235
1 18 5
154 293 70 244 272
1 3 2
224 46
1 2 4
77 140 18 158
1 19 2
62 188
1 4 2
128 153
1 16 2
276 256
1 12 3
101 10 204
1 15 6
117 281 272 207 79 59
1 4 4
149 286 289 45
1 20 6
168 78 177 176 120 215
1 6 6
245 164 178 293 17 112
1 7 5
1 118 74 129 235
1 16 3
271 49 155
1 14 4
199 46 121 232
1 1 2
278 14
1 18 4
93 166 211 252
1 5 4
164 2 35 168
1 5 2
176 29
1 6 6
1 15 230 158 8 44
1 10 3
185 94 55
1 9 3
145 149 187
1 10 5
172 136 135 64 244
1 8 5
125 184 263 149 112
1 7 4
30 68 219 4
1 4 6
59 143 40 219 253 94
1 3 5
230 213 16 208 34
1 19 2
17 188
1 20 5
122 203 244 158 51
1 5 4
169 76 135 239
1 17 5
214 88 272 265 142
1 5 5
168 69 134 137 44
1 6 3
273 143 240
1 6 2
234 272
1 15 6
168 290 114 28 160 113
1 16 3
33 141 217
1 19 3
109 99 190
1 19 3
295 95 24
1 4 2
110 279
1 12 2
162 125
1 10 2
278 72
1 19 5
254 55 32 113 31
1 17 4
270 224 65 27
1 11 2
220 9
1 18 6
222 234 135 18 177 3
1 12 2
167 98
1 4 6
221 232 183 175 224 136
1 16 5
272 178 160 69 150
1 5 5
169 51 210 109 135
1 11 3
252 24 268
1 7 4
282 63 279 42
1 13 6
121 30 268 96 98 172
1 6 3
126 165 55
1 18 6
245 91 90 96 45 99
1 1 5
1 129 294 47 46
1 9 6
143 11 123 119 212 33
1 17 5
44 168 147 204 289
1 7 6
212 201 217 184 134 164
1 10 6
110 208 73 62 38 212
1 4 3
287 80 195
1 18 3
33 69 160
1 6 3
52 187 106
1 19 4
250 251 93 5
1 20 6
117 158 290 132 193 42
1 5 4
215 24 132 21
1 2 5
65 16 90 45 112
1 1 6
16 117 249 285 105 80
1 15 6
212 69 111 228 137 196
1 4 2
299 290
1 17 3
297 44 107
1 11 5
123 5 142 228 290
1 20 5
247 223 286 172 298
1 11 6
65 184 166 247 160 224
1 19 2
57 287
1 15 5
245 218 230 100 219
1 2 3
262 168 129
1 8 6
71 273 224 130 15 12
1 15 6
166 32 265 99 241 230
1 3 3
28 100 61
1 15 3
1 255 202
1 9 5
54 18 253 96 199
1 2 4
284 16 118 149
1 16 4
52 44 172 54
1 14 4
96 129 77 76
1 11 6
121 72 96 225 103 93
1 2 4
235 117 76 193
1 8 3
35 167 172
1 3 3
262 66 73
1 16 5
20 79 127 256 23
1 14 5
19 162 112 175 20
1 9 4
21 176 188 189
1 17 3
279 49 175
1 16 6
99 252 199 18 293 86
1 10 6
207 157 155 108 297 221
1 9 6
242 18 118 23 250 34
1 14 2
72 38
1 1 5
19 93 24 276 255
1 8 2
86 278
1 14 3
179 265 11
1 14 3
287 180 112
1 1 6
209 171 238 241 147 281
1 7 2
174 141
1 18 4
287 260 168 74
1 15 6
108 174 47 232 189 126
1 9 6
271 77 160 99 138 108
1 15 4
148 97 52 278
1 13 6
172 31 285 4 197 26
1 6 2
289 196
1 11 4
281 48 71 204
1 15 5
114 10 101 198 204
1 4 5
232 139 59 73 87
1 13 2
196 149
1 9 5
170 37 187 287 120
1 4 6
247 188 146 39 35 19
1 1 2
287 71
1 18 5
270 281 90 15 96
1 1 3
5 229 85
1 15 6
251 29 70 255 213 34
1 10 5
89 98 131 230 102
1 12 6
46 191 58 201 198 209
1 12 4
230 223 56 36
1 6 3
260 82 218
1 6 5
215 244 192 165 121
1 20 4
104 226 198 157
k 20
