300 1500 465
10 9 29 13 17 10 7 2 4 15 27 12 14 22 22 8 1 8 6 9 4 6 20 17 16 10 1 28 10 26 26 16 15 25 28 2 1 29 22 26 20 26 19 25 3 12 8 29 18 25 25 22 24 11 4 29 27 21 20 30 1 8 24 28 26 23 14 15 7 28 22 7 11 25 23 21 3 7 21 9 8 12 12 23 20 27 1 19 16 5 1 4 27 9 16 30 13 13 5 3 22 24 30 16 22 19 14 8 26 3 5 11 30 15 29 20 18 29 29 24 3 30 16 13 7 25 24 7 10 5 26 5 7 22 23 21 23 19 12 7 17 18 27 25 22 22 24 12 26 4 17 8 23 14 28 13 8 4 30 9 23 13 22 22 2 28 18 14 3 28 12 6 26 13 5 17 25 30 23 10 17 24 3 10 20 1 30 23 11 16 28 9 25 20 15 30 30 17 17 17 5 16 19 2 6 5 29 4 9 23 20 16 11 11 17 4 22 27 14 3 10 4 3 1 7 30 21 22 9 18 2 30 7 8 30 17 3 27 22 20 22 19 2 25 17 23 12 16 6 27 29 2 2 29 9 9 3 4 17 30 23 25 7 1 8 30 27 16 25 25 11 5 20 29 12 23 22 2 29 8 20 4 20 1 23 13 27 15 19 29 15 19 12 20 16 9 9 11 30 22
1 11 18 28 5 5 10 4 25 3 2 15 25 3 22 6 19 15 28 13 5 29 10 6 15 21 6 20 23 10 17 9 21 30 28 12 5 27 14 18 21 21 5 29 23 27 16 30 11 26 8 27 21 27 22 3 4 30 23 8 11 11 13 15 11 7 21 6 9 19 5 3 13 7 8 10 9 8 6 9 22 11 23 21 9 4 5 19 4 8 8 26 11 16 24 6 12 28 25 24 16 29 26 8 11 7 16 19 27 17 18 22 17 24 16 24 5 3 8 17 18 12 26 30 18 10 9 5 13 2 21 20 26 5 24 27 18 9 13 16 5 21 3 10 28 1 1 8 29 12 20 27 13 1 25 21 16 11 9 18 30 24 15 21 1 16 24 11 25 16 24 16 16 3 8 18 14 5 9 16 28 19 4 6 30 4 9 9 22 10 12 20 26 3 30 23 4 10 18 20 16 30 5 2 23 9 22 13 24 17 14 24 23 20 29 24 24 1 2 30 5 16 16 23 6 2 30 9 21 24 14 19 9 24 14 23 18 14 4 24 24 8 11 12 9 3 18 5 20 22 29 13 12 23 22 17 1 27 29 21 27 5 11 18 7 5 27 12 15 21 13 28 11 20 21 22 3 13 7 20 19 11 5 25 26 18 10 24 26 27 18 26 14 4 27 26 27 16 28 4
1 16 4
177 7 121 282
1 17 2
51 260
1 12 5
30 139 63 84 32
1 19 2
63 282
1 5 2
136 232
1 15 3
152 186 235
1 20 2
3 40
1 17 5
43 150 163 210 186
1 17 6
70 190 43 193 149 178
1 9 3
212 35 223
1 14 6
199 188 242 181 280 236
1 10 6
214 227 219 102 249 71
1 9 3
241 279 248
1 5 5
7 83 203 158 165
1 1 2
183 92
1 18 5
275 187 115 117 70
1 7 4
195 115 145 179
1 15 3
154 268 253
1 11 3
152 190 181
1 3 4
276 44 52 221
1 9 6
132 196 185 248 62 265
1 16 2
166 142
1 6 2
86 32
1 19 4
23 213 179 264
1 7 4
107 125 236 220
1 16 3
165 59 175
1 8 5
41 132 70 182 285
1 19 4
118 206 162 87
1 10 5
129 215 260 244 24
1 19 4
166 36 103 87
1 20 4
53 201 211 30
1 1 3
284 134 73
1 1 4
142 107 30 114
1 16 5
141 43 162 101 68
1 13 4
71 207 171 60
1 6 3
229 132 85
1 20 4
262 285 146 270
1 20 2
149 235
1 19 4
18 214 241 290
1 10 5
280 234 11 6 51
1 7 2
119 110
1 7 3
131 174 35
1 4 3
213 209 174
1 11 4
4 102 166 61
1 3 4
277 151 26 46
1 1 4
213 176 246 112
1 1 3
284 196 74
1 1 2
257 140
1 6 3
168 229 5
1 14 2
4 133
1 4 3
144 11 294
1 6 2
23 129
1 18 5
144 59 233 189 251
1 3 3
266 205 279
1 1 4
207 4 17 183
1 13 4
66 87 194 219
1 7 4
148 288 127 161
1 4 3
218 252 100
1 14 5
31 112 128 173 135
1 12 6
7 161 290 145 51 78
1 6 4
83 227 38 49
1 4 2
198 18
1 1 5
52 138 120 77 147
1 6 6
293 166 3 50 197 265
1 4 6
161 275 96 115 230 287
1 11 3
234 136 291
1 4 3
248 170 143
1 12 2
246 32
1 12 4
159 131 205 15
1 1 3
94 99 3
1 18 2
185 248
1 3 4
266 52 100 86
1 8 4
44 211 17 87
1 7 4
81 73 67 199
1 19 3
258 110 89
1 19 5
226 189 106 125 58
1 16 2
246 164
1 8 4
264 62 219 19
1 9 5
212 108 279 205 282
1 5 4
120 114 188 169
1 14 5
279 30 80 167 126
1 14 2
4 144
1 9 6
199 39 224 197 239 122
1 13 2
267 180
1 2 5
102 235 213 199 62
1 4 3
107 188 8
1 5 2
215 19
1 14 6
253 274 132 246 213 128
1 2 2
146 96
1 9 3
16 227 135
1 13 2
23 130
1 1 6
202 262 272 175 149 212
1 7 3
166 281 109
1 14 5
44 196 210 26 268
1 18 3
66 79 139
1 15 6
256 65 171 222 39 69
1 15 2
119 144
1 17 6
198 75 130 231 186 201
1 12 2
0 63
1 12 2
115 11
1 4 5
123 63 280 263 189
1 3 4
268 108 78 31
1 18 2
45 35
1 1 2
30 57
1 16 2
42 294
1 8 6
82 106 53 86 87 230
1 19 3
31 15 138
1 20 5
84 262 288 168 130
1 1 3
271 196 165
1 7 3
149 200 265
1 20 5
10 195 280 297 152
1 13 5
15 146 74 124 223
1 2 2
82 225
1 3 6
82 136 145 101 234 226
1 1 5
200 261 158 188 108
1 19 6
125 91 44 102 161 81
1 9 2
267 181
1 11 2
228 158
1 19 5
222 194 78 298 250
1 19 3
34 213 293
1 8 6
143 167 13 126 266 245
1 9 3
24 104 276
1 13 3
189 18 26
1 11 3
111 44 160
1 20 4
98 271 33 70
1 19 4
196 169 255 97
1 18 2
298 184
1 19 5
155 185 154 76 124
1 5 3
126 266 278
1 18 3
239 272 55
1 18 4
39 47 116 141
1 18 5
0 124 159 6 263
1 15 2
200 251
1 17 3
101 82 223
1 16 6
29 228 280 184 90 254
1 3 4
110 42 12 70
1 2 6
218 72 82 167 242 232
1 12 6
59 126 208 248 65 98
1 18 5
1 125 183 175 297
1 11 2
5 216
1 12 2
40 178
1 9 5
47 53 11 7 172
1 18 3
282 191 186
1 17 6
235 246 79 184 113 283
1 11 4
9 150 168 109
1 1 4
13 171 133 147
1 19 2
32 119
1 20 2
70 243
1 17 6
103 111 299 9 283 273
1 12 5
159 88 244 252 161
1 10 6
72 20 241 224 217 266
1 3 2
284 202
1 3 5
15 23 145 115 102
1 16 6
113 94 171 211 251 59
1 18 4
266 101 90 87
1 1 6
254 179 4 105 87 259
1 13 2
238 289
1 3 4
197 141 187 233
1 5 4
73 176 97 295
1 1 4
13 243 51 222
1 12 6
270 169 218 49 31 37
1 14 5
36 233 272 27 294
1 1 5
87 165 271 50 142
1 17 6
230 42 294 187 161 104
1 16 5
238 256 137 282 46
1 2 6
273 101 207 295 8 91
1 19 6
254 176 148 296 287 285
1 8 6
4 212 23 211 11 293
1 6 2
10 234
1 15 4
247 46 72 284
1 2 2
200 171
1 10 5
255 135 134 107 209
1 16 2
34 21
1 6 4
67 134 122 290
1 8 5
3 188 57 118 151
1 16 3
54 242 61
1 4 3
101 61 58
1 8 5
161 65 94 272 292
1 16 6
88 117 61 12 124 132
1 14 4
106 187 214 160
1 13 2
23 230
1 4 6
173 245 212 32 250 44
1 2 5
61 37 138 4 253
1 12 2
90 80
1 18 3
160 53 104
1 16 3
78 74 171
1 6 3
105 64 59
1 13 6
207 190 162 101 107 34
1 16 5
128 79 265 279 269
1 20 3
276 281 218
1 12 2
276 23
1 3 4
87 256 61 76
1 9 6
95 19 162 65 181 187
1 20 6
142 9 69 139 154 243
1 4 4
33 279 214 54
1 12 5
259 91 272 229 208
1 16 2
100 154
1 5 2
86 173
1 4 4
28 238 124 181
1 16 6
209 229 299 277 54 101
1 15 6
262 216 2 225 179 100
1 13 2
184 28
1 4 4
204 268 130 83
1 6 5
35 147 129 24 131
1 9 3
228 280 205
1 20 6
220 200 266 185 225 130
1 20 3
226 26 83
1 19 6
142 257 92 10 268 9
1 11 5
141 31 270 27 36
1 9 4
124 123 221 88
1 14 3
43 1 69
1 8 4
189 163 234 84
1 16 2
192 244
1 18 5
274 194 174 129 266
1 19 3
138 290 172
1 3 4
239 231 297 46
1 18 3
137 138 169
1 12 2
116 61
1 19 2
53 210
1 18 2
37 121
1 2 6
172 1 5 114 270 222
1 9 6
128 125 280 28 174 250
1 13 6
218 0 46 134 43 176
1 7 5
1 49 294 129 198
1 19 2
164 42
1 6 2
150 166
1 4 4
19 26 38 217
1 18 3
57 121 163
1 10 4
151 284 54 121
1 9 5
267 293 101 121 245
1 1 4
18 160 151 36
1 10 6
230 193 228 269 131 24
1 11 3
6 151 139
1 6 2
36 239
1 3 5
73 167 125 253 43
1 10 2
248 168
1 18 4
9 106 219 169
1 16 3
202 187 207
1 15 5
191 152 144 112 95
1 11 3
87 116 175
1 11 4
0 58 163 259
1 1 5
116 158 62 0 64
1 11 4
144 54 47 118
1 19 5
27 59 45 88 251
1 5 3
109 32 190
1 8 2
248 29
1 11 2
21 113
1 9 6
58 244 178 5 168 140
1 9 6
210 88 83 275 262 66
1 14 6
267 184 46 236 195 56
1 13 6
101 15 107 147 2 104
1 1 6
274 205 35 260 55 118
1 15 5
41 0 94 10 227
1 7 3
209 150 159
1 9 5
266 111 106 255 30
1 18 3
39 29 1
1 13 5
251 47 28 195 224
1 7 6
205 25 287 156 255 123
1 16 2
270 65
1 20 4
109 97 212 269
1 4 4
247 95 6 217
1 12 2
22 142
1 7 5
27 221 125 130 257
1 7 2
289 24
1 1 4
32 67 138 209
1 10 3
171 229 255
1 8 3
100 289 150
1 13 2
136 10
1 17 5
284 132 200 273 112
1 19 3
293 285 37
1 9 6
186 114 221 87 167 177
1 8 3
146 62 46
1 11 2
189 223
1 15 4
201 71 250 97
1 4 2
257 282
1 6 5
70 100 3 242 175
1 13 2
287 231
1 20 6
76 216 219 176 117 18
1 12 2
298 183
1 6 3
33 207 266
1 4 2
59 289
1 6 4
77 143 291 2
1 1 5
145 207 254 140 208
1 4 3
99 183 89
1 9 2
260 45
1 9 4
281 198 1 170
1 9 3
284 292 14
1 16 3
67 143 72
1 17 4
25 8 189 211
1 4 3
24 160 129
1 17 6
18 36 99 110 26 220
1 11 2
249 229
1 11 4
52 61 151 208
1 4 3
133 254 46
1 2 4
27 269 91 19
1 12 5
194 118 38 111 176
1 5 2
246 8
1 1 2
182 127
1 5 2
157 86
1 3 2
207 284
1 3 5
58 274 218 152 96
1 20 3
247 29 145
1 19 2
250 24
1 13 2
191 99
1 16 6
136 292 28 151 197 7
1 3 5
203 250 289 251 9
1 8 5
200 290 60 137 21
1 10 4
131 13 100 229
1 16 5
294 158 260 172 186
1 19 6
154 164 77 239 22 183
1 18 2
43 125
1 9 4
138 11 260 124
1 8 4
219 196 94 157
1 8 6
161 268 246 223 19 37
1 19 5
205 233 20 33 240
1 14 4
210 148 262 257
1 6 2
52 281
1 8 2
280 90
1 7 5
193 270 210 125 141
1 8 3
200 105 296
1 20 6
213 9 39 174 137 65
1 12 6
288 17 232 259 155 59
1 13 2
214 89
1 6 6
232 233 163 50 81 247
1 19 6
230 154 90 155 121 195
1 6 3
243 93 290
1 17 5
63 220 141 52 299
1 12 3
126 151 56
1 4 6
7 215 183 250 92 34
1 15 2
102 290
1 5 2
161 122
1 13 2
13 205
1 17 5
126 212 275 49 71
1 9 4
88 166 83 180
1 10 5
37 62 265 19 270
1 18 2
273 244
1 10 3
64 287 116
1 17 4
91 275 86 231
1 13 2
178 54
1 4 5
235 299 152 147 223
1 8 3
232 121 140
1 16 3
104 209 237
1 3 5
237 146 54 105 43
1 3 3
123 278 163
1 8 5
16 67 165 208 108
1 11 3
69 174 262
1 5 6
235 76 9 282 280 191
1 4 6
251 197 241 211 118 2
1 4 2
260 284
1 1 2
165 152
1 12 4
252 182 248 154
1 1 2
288 114
1 19 3
233 133 103
1 15 6
169 206 106 89 66 43
1 9 2
292 96
1 5 6
278 80 250 16 131 211
1 3 4
111 103 262 227
1 3 4
44 266 227 235
1 12 5
158 258 91 97 162
1 19 5
108 124 179 144 147
1 1 4
185 276 89 172
1 11 5
111 157 222 167 6
1 8 2
8 294
1 1 5
26 83 67 186 6
1 14 6
279 146 120 218 274 289
1 20 3
85 125 246
1 19 6
265 63 141 71 232 84
1 4 5
61 298 261 67 110
1 4 5
3 250 14 152 122
1 14 5
107 20 261 230 125
1 16 5
123 143 279 207 222
1 3 4
29 195 141 155
1 13 3
158 286 74
1 9 4
149 190 105 278
1 14 5
87 261 52 1 194
1 14 5
54 38 206 214 128
1 11 6
232 242 220 278 193 83
1 4 3
120 99 232
1 8 5
274 160 148 46 285
1 16 6
285 69 67 58 26 147
1 19 6
52 145 119 179 122 115
1 5 4
263 30 8 243
1 3 3
98 133 243
1 12 5
255 180 275 2 181
1 2 6
46 237 77 89 203 85
1 11 4
215 182 207 18
1 9 6
0 4 196 212 231 202
1 10 5
5 4 200 234 10
1 15 5
98 167 33 151 246
1 18 2
59 92
1 8 5
185 78 196 29 224
1 5 5
119 6 132 188 89
1 18 3
11 203 114
1 5 2
172 15
1 16 4
142 70 87 16
1 5 3
215 13 195
1 19 6
296 8 171 149 125 159
1 6 3
101 132 228
1 5 3
118 244 154
1 10 4
115 118 259 280
1 5 6
293 11 244 93 40 132
1 18 6
269 122 146 113 270 194
1 12 4
100 69 40 235
1 6 4
233 87 194 226
1 13 3
271 28 250
1 16 3
25 268 286
1 7 3
65 288 162
1 11 6
214 244 77 4 193 201
1 11 2
58 149
1 16 6
82 182 209 282 220 212
1 14 3
82 286 265
1 6 4
225 1 230 54
1 15 2
82 9
1 1 3
285 92 59
1 17 4
281 240 161 255
1 8 4
75 233 76 49
1 19 2
72 76
1 13 4
76 45 31 40
1 17 6
232 138 15 273 243 198
1 1 3
272 46 26
1 3 4
128 88 0 154
1 11 3
241 151 100
1 14 6
206 129 39 72 110 106
1 6 6
44 226 222 254 167 212
1 3 4
188 98 94 139
1 19 6
204 267 137 229 89 127
1 19 6
261 195 54 211 175 2
1 8 3
144 101 0
1 14 4
171 291 101 10
1 15 3
87 292 232
1 6 6
254 133 48 247 89 54
1 14 2
18 20
1 7 6
23 273 131 33 59 183
1 5 3
110 230 13
1 5 5
133 262 275 131 75
1 20 5
1 43 87 277 100
1 8 4
281 147 90 186
1 11 5
13 95 208 17 193
1 5 3
256 292 95
1 20 4
68 151 189 143
1 17 6
271 2 228 294 208 174
1 12 5
4 49 190 272 50
1 1 6
221 178 227 289 295 162
1 13 4
130 79 185 227
1 18 3
76 248 200
1 15 6
60 13 223 232 163 247
1 14 3
63 201 231
1 4 3
243 67 48
1 8 2
75 76
1 6 5
82 69 236 1 133
1 13 2
238 196
1 19 4
137 195 226 90
1 5 3
208 278 238
1 1 5
193 164 70 187 295
1 14 3
24 147 182
1 8 2
191 15
1 13 5
166 161 180 277 77
1 5 3
231 136 60
1 9 3
253 103 224
1 1 2
158 124
1 5 3
105 294 206
1 16 3
9 156 49
1 18 4
3 275 240 203
1 12 2
125 27
1 1 6
105 165 66 280 172 114
1 7 3
114 72 36
1 16 6
28 223 93 6 285 164
1 16 2
245 114
1 2 5
121 111 86 126 64
1 1 6
22 261 176 30 48 99
1 12 3
173 249 153
1 6 3
116 158 241
1 2 2
246 205
1 19 2
275 236
1 3 2
271 151
1 15 3
38 117 87
1 17 3
271 122 260
1 13 2
233 21
1 5 3
274 260 23
1 11 4
145 154 16 114
1 5 4
79 100 194 246
1 14 3
209 233 78
1 10 6
246 232 74 102 166 206
1 12 4
157 154 213 299
1 7 5
269 183 56 251 119
1 16 4
155 139 278 259
1 16 6
1 183 70 47 7 146
1 16 3
257 271 98
1 14 5
4 42 179 197 239
1 19 6
157 135 244 15 150 242
1 17 5
202 263 293 267 231
1 9 3
297 211 274
1 9 6
198 140 112 259 72 156
1 15 6
133 9 229 165 260 192
1 1 4
151 1 80 192
1 3 6
91 182 207 205 78 13
1 20 5
107 36 276 207 46
1 2 4
124 59 176 245
1 3 3
243 63 54
1 1 6
174 148 128 44 36 232
1 3 3
40 166 197
1 14 4
296 82 142 188
1 1 2
261 54
1 4 5
100 91 182 119 10
1 3 3
59 23 152
1 13 5
227 108 261 34 267
1 16 3
128 278 202
1 8 5
65 210 276 161 187
1 1 6
113 228 262 35 278 186
1 11 5
285 49 213 77 156
1 3 3
273 296 257
1 3 6
241 162 3 154 93 56
1 7 4
32 171 187 257
1 11 2
272 99
1 10 4
107 98 168 50
1 13 6
29 159 53 142 49 55
1 17 5
118 88 21 82 177
1 16 3
148 195 271
1 12 2
225 211
1 15 6
0 180 16 136 244 291
1 5 6
170 192 166 22 269 193
1 5 6
254 176 145 280 45 227
1 1 5
266 135 60 99 128
1 13 6
192 33 13 137 73 241
1 5 2
213 60
1 8 3
121 39 231
1 13 4
201 99 136 204
1 5 2
30 28
1 15 3
66 42 39
1 4 2
179 21
1 20 2
172 274
1 6 6
11 210 194 284 78 288
1 10 4
204 228 222 264
1 15 6
31 28 227 149 282 29
1 4 2
99 206
1 12 3
246 85 153
1 16 4
55 100 99 74
1 7 5
268 81 183 98 77
1 5 3
103 45 29
1 18 5
96 196 116 131 79
1 10 5
86 8 157 289 177
1 9 6
210 257 242 48 129 61
1 19 2
70 42
1 14 3
164 258 3
1 11 6
218 126 110 245 190 181
1 1 3
70 99 77
1 8 6
260 137 23 140 203 182
1 8 2
261 58
1 19 2
199 193
1 16 2
221 259
1 6 2
128 251
1 4 5
251 216 232 218 197
1 11 5
141 288 81 180 145
1 16 3
272 123 45
1 17 2
156 58
1 14 2
297 162
1 9 4
122 234 192 201
1 8 2
151 58
1 2 6
153 225 214 114 183 87
1 14 5
298 222 145 261 134
1 6 3
29 154 285
1 3 3
253 106 59
1 7 2
180 136
1 4 5
244 13 238 198 261
1 16 4
295 13 157 245
1 7 2
293 182
1 10 4
216 146 56 240
1 12 3
176 273 206
1 9 5
130 278 226 218 256
1 16 6
232 165 1 48 103 179
1 16 5
232 31 208 146 79
1 19 5
243 136 225 249 4
1 9 4
225 136 163 28
1 10 3
26 155 42
1 17 5
134 149 256 237 161
1 8 5
104 150 173 0 159
1 12 2
59 106
1 7 3
191 97 266
1 15 6
149 41 2 270 150 40
1 15 3
39 44 238
1 1 2
50 60
1 1 3
63 156 217
1 10 5
256 65 262 289 190
1 7 4
11 118 156 220
1 9 6
161 76 104 43 267 287
1 16 3
84 239 8
1 7 2
176 85
1 12 3
250 295 54
1 3 3
252 298 286
1 3 5
219 49 34 184 284
1 5 3
152 212 156
1 17 3
159 251 243
1 12 6
139 226 144 104 17 195
1 19 4
227 31 179 107
1 16 4
259 89 180 118
1 1 6
146 295 285 15 161 31
1 8 3
253 47 24
1 17 4
42 150 17 245
1 19 6
276 46 293 160 262 139
1 8 5
61 41 219 194 235
1 19 6
82 222 255 101 223 172
1 6 6
121 37 24 238 97 98
1 4 4
55 172 121 284
1 1 6
9 216 132 83 61 165
1 13 4
42 88 114 203
1 4 6
185 153 97 243 232 130
1 20 5
274 171 216 142 187
1 17 2
95 290
1 17 6
44 191 154 7 19 87
1 13 4
165 202 68 171
1 18 6
82 167 165 144 100 180
1 4 5
98 124 163 224 236
1 6 3
161 236 292
1 17 4
143 191 213 227
1 20 4
86 200 212 110
1 16 4
125 118 246 149
1 13 3
107 66 26
1 6 3
21 14 23
1 3 6
135 189 31 234 26 27
1 12 4
128 263 244 87
1 10 6
198 11 253 275 71 243
1 1 4
193 30 183 214
1 9 4
189 81 224 159
1 5 3
246 12 151
1 16 5
201 35 193 78 27
1 1 3
52 271 275
1 8 4
65 104 115 246
1 8 6
250 296 157 144 211 265
1 2 5
168 194 156 221 284
1 12 2
115 35
1 16 5
229 255 44 26 269
1 1 4
151 160 252 41
1 19 2
91 200
1 1 2
238 161
1 19 4
210 62 149 40
1 16 3
291 256 123
1 8 3
146 62 283
1 14 2
165 184
1 5 6
135 98 56 197 279 266
1 14 6
271 39 62 72 284 260
1 4 6
89 217 180 125 80 247
1 9 6
95 169 39 278 202 171
1 10 3
72 194 263
1 15 5
211 148 277 36 12
1 6 4
150 66 32 187
1 10 3
140 285 284
1 10 2
108 282
1 1 2
242 113
1 9 4
296 5 150 258
1 18 2
3 109
1 10 3
21 23 20
1 18 2
296 246
1 13 4
217 125 199 36
1 14 3
245 141 68
1 14 2
195 123
1 14 6
129 239 232 37 118 34
1 18 6
285 26 167 206 268 289
1 4 6
160 185 63 76 284 229
1 4 2
7 225
1 7 2
135 164
1 13 2
89 120
1 18 6
278 40 216 30 213 119
1 6 4
69 154 26 168
1 9 4
112 161 277 183
1 10 2
55 177
1 15 4
153 193 65 283
1 13 2
90 181
1 13 3
1 165 191
1 18 4
74 257 218 295
1 1 6
40 122 123 47 229 195
1 18 6
226 194 25 120 259 29
1 16 4
89 156 243 265
1 11 4
140 207 293 104
1 9 5
83 76 43 139 292
1 2 2
139 165
1 14 3
80 224 238
1 1 5
110 92 192 177 250
1 18 5
146 13 63 38 179
1 3 4
246 237 120 80
1 5 6
273 263 210 239 191 26
1 11 2
92 177
1 15 5
263 187 253 82 152
1 19 6
121 192 134 140 196 28
1 2 4
120 277 71 265
1 15 6
91 239 86 118 110 15
1 9 6
178 29 57 190 46 243
1 2 3
222 6 227
1 20 5
167 212 19 79 221
1 13 3
279 168 113
1 3 4
294 81 0 236
1 11 6
153 11 16 29 186 133
1 14 5
20 199 36 34 219
1 20 3
218 160 135
1 1 4
72 77 184 33
1 19 3
243 45 42
1 13 6
162 88 249 121 296 92
1 7 3
238 222 237
1 14 3
293 80 175
1 11 2
76 201
1 4 5
270 60 254 197 7
1 20 4
257 223 267 149
1 4 6
78 245 16 240 209 239
1 6 4
251 211 215 44
1 20 4
259 126 23 7
1 5 6
252 95 163 148 186 211
1 19 2
82 66
1 6 2
285 143
1 16 5
109 263 39 139 61
1 4 4
176 272 282 259
1 20 3
54 161 90
1 11 6
141 31 202 129 146 67
1 3 4
114 226 145 290
1 4 6
221 95 82 97 103 93
1 2 3
267 38 234
1 13 2
126 226
1 20 5
268 52 140 198 36
1 15 3
9 184 63
1 18 4
109 40 217 184
1 4 3
89 146 242
1 9 2
32 24
1 4 5
15 55 13 99 169
1 16 3
184 222 79
1 16 5
162 54 110 50 233
1 11 3
245 19 239
1 14 2
203 207
1 2 2
6 120
1 20 6
28 154 194 31 210 197
1 13 6
49 248 235 253 230 258
1 13 4
107 72 204 15
1 14 4
297 146 260 123
1 1 4
68 53 166 210
1 12 2
226 279
1 5 3
63 102 207
1 17 6
51 137 100 269 180 60
1 19 4
163 100 216 117
1 11 2
284 253
1 16 3
281 259 194
1 12 5
149 144 110 48 238
1 13 6
227 134 125 155 218 102
1 8 6
88 293 290 171 109 65
1 4 4
160 94 44 48
1 16 3
241 286 89
1 12 6
135 82 2 62 165 86
1 1 6
40 155 173 219 11 206
1 7 4
141 42 134 282
1 12 5
139 46 5 108 124
1 8 2
257 82
1 10 5
89 238 117 186 282
1 1 6
226 2 30 184 185 65
1 4 3
6 109 138
1 4 5
113 68 268 246 90
1 8 2
178 257
1 18 2
115 176
1 19 2
194 126
1 19 4
35 107 271 228
1 2 4
135 229 88 106
1 16 2
132 176
1 5 5
149 39 113 288 27
1 4 4
211 72 173 124
1 6 2
109 268
1 16 3
273 172 54
1 15 4
126 156 90 228
1 2 6
203 41 60 222 33 79
1 14 3
58 224 66
1 7 5
293 152 12 256 143
1 6 4
286 57 101 16
1 17 3
173 184 87
1 9 5
127 269 3 20 5
1 3 2
111 289
1 2 5
23 99 41 258 143
1 10 5
264 79 101 237 100
1 10 5
33 32 42 101 9
1 2 2
81 180
1 16 5
71 140 199 208 215
1 4 3
63 198 210
1 18 3
197 208 120
1 20 3
234 108 222
1 19 3
193 162 4
1 1 4
212 68 201 30
1 8 3
5 151 193
1 2 6
125 184 158 278 202 95
1 14 6
16 281 296 262 89 41
1 15 6
154 243 23 47 255 85
1 15 4
48 271 189 221
1 16 4
222 82 99 237
1 10 6
168 73 295 129 161 195
1 1 4
81 37 21 117
1 18 5
157 56 258 81 102
1 16 4
127 163 98 161
1 3 4
252 286 223 185
1 18 4
169 279 55 254
1 15 4
91 29 89 1
1 17 3
68 12 67
1 8 4
85 125 206 99
1 12 5
59 152 271 162 117
1 1 4
142 184 78 248
1 20 2
63 45
1 3 6
273 90 288 50 258 220
1 5 3
279 82 104
1 7 2
228 243
1 4 3
2 243 75
1 20 6
237 221 291 82 269 212
1 14 6
80 251 227 280 211 161
1 3 5
216 151 168 201 157
1 6 4
85 194 192 288
1 18 5
98 293 213 172 181
1 5 6
163 168 267 94 38 156
1 18 2
79 199
1 15 2
165 49
1 10 4
112 176 123 96
1 10 5
227 82 181 240 114
1 3 2
196 131
1 12 4
14 52 223 280
1 19 4
274 240 179 125
1 14 3
185 210 268
1 12 3
27 199 156
1 3 2
133 76
1 2 5
203 143 194 4 252
1 7 6
125 90 216 152 252 117
1 11 2
243 120
1 6 6
155 106 171 54 18 142
1 16 6
165 293 234 152 74 108
1 15 3
157 236 214
1 6 6
183 100 51 272 30 155
1 13 6
249 256 196 246 235 45
1 12 3
210 5 225
1 13 4
276 266 235 193
1 3 4
130 217 20 42
1 18 3
2 74 23
1 13 6
30 117 255 95 93 141
1 18 6
216 53 228 186 241 17
1 9 6
257 152 91 182 64 25
1 20 5
12 263 175 38 153
1 3 5
135 141 69 162 168
1 15 6
47 287 158 276 208 135
1 19 2
51 145
1 9 2
60 128
1 16 5
213 111 212 182 24
1 13 3
66 48 64
1 11 2
50 183
1 12 3
130 203 3
1 8 6
216 294 170 123 48 89
1 6 6
212 168 2 133 164 159
1 3 2
295 29
1 14 3
94 49 156
1 20 2
58 24
1 3 5
33 19 7 40 162
1 5 5
238 201 220 228 100
1 10 3
7 228 81
1 20 5
296 70 251 246 171
1 19 3
63 264 126
1 3 6
65 90 120 186 181 246
1 9 6
293 76 248 209 86 80
1 12 6
23 120 245 191 67 173
1 7 6
220 142 5 227 257 280
1 12 2
97 237
1 17 5
45 216 207 233 287
1 1 3
154 258 19
1 12 2
220 90
1 1 6
250 18 104 8 70 75
1 6 2
139 210
1 17 5
44 230 58 59 113
1 6 2
172 152
1 4 2
101 26
1 19 3
44 1 241
1 11 4
258 141 20 44
1 13 5
33 193 277 204 232
1 8 6
68 80 262 272 218 215
1 3 3
287 298 288
1 6 3
129 288 194
1 6 3
110 193 35
1 13 2
182 30
1 5 4
181 49 151 3
1 6 5
270 230 214 182 61
1 16 2
28 187
1 4 2
278 243
1 13 3
168 5 15
1 1 5
168 219 96 186 254
1 17 4
274 283 101 158
1 8 4
93 39 208 16
1 18 5
217 290 73 61 298
1 11 5
139 250 141 236 223
1 8 4
282 190 162 121
1 15 3
125 94 273
1 13 2
91 140
1 12 3
289 186 280
1 3 5
175 257 269 181 212
1 7 5
203 45 100 66 151
1 13 6
18 260 123 81 283 110
1 4 2
25 259
1 19 2
74 141
1 8 3
221 22 162
1 18 6
158 174 265 63 275 252
1 4 4
238 253 217 232
1 13 4
7 183 197 87
1 10 4
151 285 94 248
1 9 4
120 14 155 189
1 5 3
202 119 96
1 1 4
37 95 20 256
1 19 3
155 157 158
1 1 4
27 234 299 104
1 6 2
30 124
1 16 3
224 171 97
1 13 5
237 249 75 37 19
1 20 2
180 52
1 19 4
234 4 62 186
1 16 5
187 222 149 116 227
1 3 3
290 212 101
1 7 6
189 222 206 104 200 229
1 17 2
5 78
1 7 4
160 193 34 30
1 10 6
285 60 210 241 13 105
1 19 4
170 144 246 80
1 19 4
284 104 135 201
1 13 6
251 2 119 218 262 67
1 10 6
77 259 61 125 253 113
1 13 4
64 230 251 63
1 19 3
130 261 120
1 3 2
37 23
1 16 5
88 123 232 214 27
1 12 5
296 289 263 121 115
1 17 5
234 202 271 207 164
1 10 4
79 227 159 231
1 2 6
89 9 232 224 230 222
1 5 4
26 202 121 216
1 14 3
84 143 206
1 7 4
296 55 292 154
1 13 6
134 286 163 78 245 29
1 19 6
216 174 139 265 238 172
1 14 5
59 42 228 51 224
1 14 5
4 11 94 91 171
1 15 4
219 261 47 224
1 4 4
34 139 227 154
1 6 6
257 274 256 20 262 214
1 9 5
34 45 77 35 282
1 10 2
80 111
1 16 3
139 170 52
1 14 6
265 6 252 136 210 125
1 3 2
128 286
1 12 3
117 101 115
1 15 4
160 248 226 35
1 2 4
292 151 56 145
1 6 3
30 101 34
1 1 2
31 89
1 15 2
297 198
1 13 3
194 218 257
1 12 4
39 35 74 79
1 7 3
296 280 183
1 12 6
18 76 126 58 12 211
1 20 3
56 109 12
1 12 5
85 32 295 238 94
1 4 3
93 22 192
1 2 5
258 34 84 39 93
1 14 6
6 258 179 144 165 49
1 14 3
297 19 261
1 9 5
54 23 285 279 75
1 17 3
99 112 219
1 8 3
187 99 238
1 6 2
117 181
1 9 3
89 182 281
1 10 4
225 220 181 238
1 18 2
11 210
1 5 5
158 43 224 165 8
1 19 3
159 280 31
1 5 4
6 214 154 207
1 6 2
30 87
1 8 4
149 187 266 170
1 7 3
209 199 65
1 11 6
59 161 231 232 299 135
1 2 4
295 218 135 214
1 11 6
212 78 156 21 274 66
1 16 2
265 83
1 12 6
90 259 21 274 66 159
1 12 4
105 225 259 5
1 19 6
50 57 267 177 230 223
1 10 6
195 271 154 77 2 26
1 16 5
86 293 285 124 217
1 14 3
164 67 119
1 13 5
85 109 77 67 169
1 1 3
260 248 4
1 11 2
276 135
1 8 3
27 77 94
1 8 4
47 1 229 117
1 9 3
12 9 283
1 6 5
33 64 174 256 91
1 9 2
209 260
1 13 3
105 283 266
1 12 2
34 43
1 20 2
184 38
1 12 3
285 122 237
1 5 6
235 176 111 257 204 48
1 10 5
82 73 249 177 241
1 17 6
120 251 154 184 255 295
1 9 6
253 104 92 150 28 122
1 13 3
203 41 28
1 12 5
196 292 140 224 91
1 1 6
289 62 171 106 93 33
1 16 5
209 135 144 116 284
1 13 4
73 257 121 236
1 7 5
287 184 82 143 156
1 19 5
165 0 180 274 275
1 2 4
229 236 103 97
1 19 4
232 271 199 174
1 6 5
252 165 50 86 176
1 9 3
164 171 254
1 5 6
142 231 105 5 252 166
1 20 5
162 37 65 250 121
1 13 4
34 160 241 288
1 7 5
281 111 220 154 228
1 16 6
126 256 163 165 250 281
1 8 4
203 251 9 28
1 15 4
176 1 26 60
1 17 5
200 182 209 239 208
1 1 3
28 114 288
1 9 6
7 174 247 268 281 183
1 17 4
126 295 231 229
1 16 3
68 36 268
1 12 2
61 184
1 8 3
296 205 230
1 11 5
216 154 148 64 150
1 8 2
154 181
1 7 5
100 277 22 150 90
1 14 6
237 272 109 91 164 212
1 4 4
23 127 295 271
1 19 5
59 129 122 139 231
1 4 5
135 280 41 120 79
1 17 2
183 157
1 20 5
112 56 211 168 241
1 12 2
185 88
1 10 2
168 31
1 10 6
107 58 167 93 16 137
1 1 4
244 284 44 29
1 20 3
244 281 155
1 13 3
288 180 84
1 8 4
163 157 263 22
1 3 6
287 273 183 205 66 289
1 4 4
114 95 195 5
1 17 6
135 245 232 103 57 31
1 4 3
89 91 62
1 18 4
118 6 109 242
1 17 2
148 258
1 3 3
184 209 22
1 9 2
259 21
1 8 6
137 195 125 196 178 223
1 5 3
249 146 147
1 14 2
235 15
1 13 5
39 150 46 178 145
1 5 4
57 269 174 140
1 12 5
83 255 289 41 254
1 15 3
11 64 215
1 13 2
212 72
1 4 4
201 107 264 218
1 1 5
89 147 113 15 14
1 16 6
77 230 150 170 238 227
1 1 6
146 249 203 227 113 149
1 10 2
135 234
1 20 6
237 109 146 229 72 18
1 20 6
266 291 103 135 4 22
1 10 4
54 22 234 288
1 5 6
101 236 34 121 24 155
1 7 3
92 63 256
1 5 2
140 170
1 11 5
281 211 106 37 102
1 5 3
55 153 234
1 12 5
60 61 34 180 213
1 14 4
151 0 260 91
1 19 2
254 146
1 9 5
108 60 261 282 254
1 14 2
134 264
1 19 2
237 93
1 2 5
44 48 32 282 233
1 20 2
37 98
1 13 2
6 105
1 17 6
5 298 240 191 203 249
1 3 3
238 267 169
1 11 3
81 115 282
1 7 2
78 214
1 8 2
131 140
1 1 3
72 291 259
1 18 5
187 34 198 3 14
1 2 3
1 238 168
1 1 2
118 25
1 1 4
148 135 248 145
1 7 5
86 33 170 136 161
1 19 6
94 40 195 260 216 29
1 9 5
132 39 98 257 223
1 15 6
263 150 35 4 231 114
1 7 2
149 178
1 18 5
124 196 29 230 109
1 2 3
150 153 169
1 3 3
120 171 29
1 8 2
41 168
1 11 4
111 149 182 297
1 16 3
278 87 260
1 19 3
60 169 155
1 15 3
153 239 101
1 3 5
293 281 238 266 228
1 18 5
1 88 169 76 212
1 4 4
34 139 282 202
1 20 6
116 293 120 34 22 215
1 14 2
69 190
1 5 4
28 119 198 146
1 2 6
235 9 53 251 245 269
1 2 5
10 14 16 210 32
1 17 5
123 125 69 75 195
1 2 2
118 255
1 10 3
148 195 32
1 3 2
187 196
1 8 2
20 85
1 10 3
83 283 165
1 1 6
103 16 257 207 17 299
1 16 5
177 155 164 284 120
1 20 5
59 50 151 119 55
1 18 5
154 51 194 17 160
1 12 2
91 93
1 7 6
36 263 210 125 74 224
1 12 2
223 127
1 4 5
129 190 269 162 235
1 15 4
194 127 8 237
1 5 5
230 181 178 283 281
1 13 2
220 183
1 9 3
137 250 58
1 14 3
278 182 170
1 15 3
176 25 159
1 3 4
71 81 2 53
1 11 5
91 6 188 34 170
1 5 2
259 73
1 5 6
75 155 271 106 257 45
1 16 2
67 0
1 4 4
176 252 137 130
1 7 5
98 38 74 298 90
1 2 2
35 196
1 7 2
278 299
1 8 2
192 137
1 3 2
104 296
1 3 2
153 141
1 11 4
114 226 229 167
1 10 3
242 4 25
1 4 2
178 286
1 3 4
139 80 244 210
1 20 3
5 93 8
1 4 4
49 135 171 170
1 3 5
254 146 278 160 88
1 7 6
18 234 129 66 60 49
1 14 6
115 164 57 199 73 95
1 7 5
259 136 54 247 46
1 16 2
11 201
1 20 5
146 145 262 1 253
1 9 5
82 253 190 104 163
1 20 2
44 149
1 4 2
20 241
1 1 6
23 165 210 0 24 178
1 9 4
78 170 166 298
1 10 3
219 100 151
1 15 3
295 109 289
1 9 2
68 182
1 17 2
142 246
1 17 2
133 58
1 7 4
50 71 244 158
1 13 5
217 268 95 21 162
1 9 2
105 36
1 7 5
262 97 60 58 1
1 7 4
27 296 163 235
1 10 6
12 13 193 199 69 131
1 17 5
261 88 298 128 74
1 3 6
51 178 103 39 1 202
1 16 4
113 259 245 82
1 6 4
215 197 146 223
1 7 6
106 87 294 110 152 169
1 2 4
299 172 256 226
1 12 3
60 267 169
1 20 3
144 238 183
1 15 5
124 284 77 233 269
1 9 5
167 98 113 238 169
1 1 3
131 68 216
1 5 3
148 20 223
1 14 3
146 63 119
1 5 3
184 1 234
1 9 2
164 82
1 18 6
291 131 129 90 68 278
1 13 4
90 129 263 137
1 3 5
6 158 147 192 100
1 18 4
276 285 260 102
1 10 2
92 126
1 5 2
160 135
1 8 3
7 100 257
1 3 4
250 263 176 179
1 4 3
22 119 111
1 11 4
29 192 260 104
1 20 5
113 14 299 148 246
1 9 2
129 183
1 12 3
138 290 253
1 15 6
299 164 108 23 202 118
1 19 2
119 137
1 5 4
52 288 191 92
1 11 6
185 264 37 34 60 251
1 17 6
190 279 137 283 261 296
1 8 3
59 163 206
1 7 5
120 213 42 143 138
1 5 5
91 176 48 239 119
1 6 5
14 295 78 265 118
1 3 4
145 173 286 200
1 12 6
286 272 6 174 248 39
1 19 2
264 128
1 17 3
154 6 178
1 18 2
102 285
1 5 3
281 297 168
1 12 4
204 98 50 182
1 3 6
70 281 98 210 119 90
1 16 3
243 106 235
1 1 6
218 144 254 277 163 223
1 13 4
72 88 84 183
1 7 6
212 201 115 129 290 92
1 15 3
24 86 134
1 9 4
216 194 93 229
1 9 4
153 163 289 103
1 12 4
97 228 38 144
1 19 3
70 282 167
1 15 3
89 188 134
1 15 5
133 150 70 256 230
1 17 4
184 200 275 180
1 6 3
281 73 257
1 20 2
97 199
1 20 4
62 124 284 148
1 16 2
37 95
1 17 3
22 294 191
1 13 5
227 110 216 21 238
1 5 2
34 138
1 11 4
140 213 0 199
1 8 2
144 221
1 6 3
155 220 85
1 15 6
35 137 40 281 36 30
1 19 3
197 16 105
1 20 2
239 181
1 2 2
134 213
1 12 2
11 274
1 12 4
15 245 269 164
1 2 4
163 193 253 4
1 15 4
118 292 43 31
1 7 4
31 6 15 85
1 7 4
39 211 171 234
1 2 5
249 33 26 275 82
1 13 5
221 34 172 165 57
1 12 5
267 185 40 224 67
1 8 5
90 255 137 83 97
1 8 3
294 154 298
1 11 3
118 80 140
1 17 3
15 24 163
1 12 5
186 55 58 14 60
1 3 4
119 85 61 118
1 5 2
44 160
1 15 3
79 260 192
1 6 3
37 236 34
1 4 5
81 41 129 121 250
1 17 3
17 290 291
1 12 2
294 275
1 18 4
146 194 19 171
1 1 5
220 229 52 104 282
1 1 4
60 272 70 85
1 13 3
208 100 213
1 10 4
269 98 153 277
1 11 4
223 124 60 137
1 2 6
28 93 87 60 252 181
1 9 4
11 224 78 58
1 4 4
57 178 80 175
1 8 5
138 216 190 173 132
1 9 3
160 52 12
1 4 2
65 262
1 17 3
253 124 220
1 11 6
37 110 241 1 211 81
1 2 5
25 31 44 42 16
1 1 3
148 243 214
1 10 2
39 107
1 2 5
79 141 236 250 53
1 8 6
58 266 51 121 10 30
1 14 6
283 210 279 182 50 53
1 13 4
85 94 19 266
1 2 4
97 270 123 139
1 7 3
195 275 243
1 5 2
188 79
1 2 6
183 197 158 143 150 26
1 10 6
110 11 81 254 41 16
1 13 5
290 16 186 242 256
1 4 3
41 161 261
1 8 3
136 213 81
1 13 5
262 122 93 164 46
1 19 5
253 46 38 176 234
1 12 5
169 178 97 168 2
1 4 6
53 13 136 228 21 193
1 7 6
24 214 67 185 125 269
1 3 4
25 249 142 63
1 4 2
34 19
1 11 4
15 95 18 47
1 19 4
234 10 291 285
1 14 4
255 278 130 236
1 19 2
218 188
1 14 3
40 270 115
1 11 2
206 147
1 18 6
67 152 230 115 168 25
1 11 6
295 261 72 255 59 124
1 15 5
75 54 80 233 210
1 20 3
48 117 153
1 6 5
208 246 227 284 260
1 17 4
189 26 19 202
1 10 5
89 258 221 280 37
1 5 3
220 269 112
1 10 4
73 271 18 256
1 7 3
164 238 263
1 9 3
131 28 121
1 12 3
253 57 202
1 9 4
232 221 298 272
1 20 2
262 168
1 18 5
160 158 275 16 17
1 9 4
12 188 48 53
1 13 2
40 50
1 3 2
25 45
1 1 2
181 30
1 12 5
129 176 188 56 29
1 19 4
20 14 46 187
1 19 2
286 80
1 8 6
102 148 220 127 285 297
1 1 5
156 46 109 111 202
1 4 6
66 181 109 163 193 141
1 11 3
288 266 155
1 12 6
123 243 261 0 251 90
1 2 4
261 19 143 107
1 12 5
135 266 33 31 69
1 19 3
46 105 192
1 19 4
288 5 140 14
1 7 5
6 5 84 82 157
1 8 6
147 148 165 199 112 200
1 18 6
216 298 113 154 262 100
1 11 5
296 121 69 6 292
1 19 6
216 62 297 18 121 249
1 9 2
127 181
1 4 3
271 218 143
1 6 2
215 186
1 14 6
220 215 233 283 299 244
1 17 4
213 152 184 260
1 8 4
228 3 186 185
1 1 2
86 33
1 7 2
297 28
1 4 2
205 242
1 5 3
180 100 102
1 7 4
218 278 10 236
1 19 6
182 259 258 91 283 150
1 10 2
148 196
1 13 6
227 281 232 27 69 68
1 8 4
7 21 85 215
1 18 6
258 114 33 48 164 110
1 8 2
125 100
1 10 6
216 148 144 220 152 93
1 19 4
95 217 261 87
1 17 6
197 63 98 177 55 295
1 11 3
42 64 46
1 8 5
93 239 87 263 250
1 10 4
99 74 40 275
1 17 2
142 193
1 15 3
72 281 253
1 14 2
248 229
1 1 3
226 108 113
1 14 4
290 253 152 213
1 8 4
32 211 166 52
1 1 5
1 137 225 247 37
1 13 4
163 276 122 154
1 19 5
69 38 11 130 187
1 15 2
115 255
1 9 5
69 171 128 61 21
1 9 4
265 193 285 137
1 15 5
252 150 45 85 232
1 5 2
186 223
1 10 5
230 55 298 210 146
1 20 6
79 118 27 121 31 58
1 18 2
246 216
1 16 3
10 252 68
1 11 3
46 24 66
1 1 6
253 200 105 84 108 11
1 19 5
117 33 44 47 147
1 5 4
208 279 8 204
1 14 3
31 163 3
1 11 2
204 112
1 16 6
178 0 192 280 161 34
1 2 6
276 245 288 107 237 162
1 11 5
191 287 270 60 202
1 20 6
148 275 1 250 20 136
1 11 5
274 216 236 155 142
1 8 2
101 259
1 10 2
82 218
1 18 4
203 27 158 105
1 16 5
252 29 184 156 80
1 11 3
235 148 272
1 2 2
126 45
1 16 5
233 131 176 107 91
1 2 4
2 246 94 169
1 7 5
283 13 254 30 8
1 20 6
59 221 120 65 75 94
1 12 4
205 298 190 59
1 8 6
52 145 80 255 153 126
1 15 5
101 105 282 280 82
1 2 5
278 238 18 255 94
1 12 5
89 56 105 133 258
1 17 5
296 222 85 9 46
1 14 5
244 229 100 13 67
1 8 6
10 143 0 201 107 28
1 15 6
37 44 38 222 35 192
1 13 3
291 195 16
1 2 6
168 84 162 49 97 144
1 5 6
49 38 143 79 130 12
1 7 3
177 132 247
1 9 6
1 293 117 141 18 283
1 2 2
185 142
1 10 4
159 174 28 44
1 13 6
4 81 283 58 264 33
1 5 2
42 107
1 4 4
18 147 185 267
1 15 4
156 162 225 178
1 17 2
14 62
1 16 3
7 194 142
1 10 2
143 173
1 15 4
79 251 13 290
1 20 5
120 82 115 145 74
1 20 3
34 137 89
1 19 5
24 16 186 174 23
1 9 4
70 136 222 272
1 7 4
52 115 80 177
1 4 6
101 131 125 86 54 208
1 12 5
295 172 49 147 150
1 7 5
149 9 57 291 18
1 13 2
201 52
1 7 4
109 191 98 199
1 11 3
193 40 7
1 16 4
275 197 129 154
1 6 6
40 168 253 274 58 216
1 6 2
179 273
1 19 6
1 285 45 173 181 278
1 7 2
139 127
1 1 6
94 88 103 54 51 47
1 8 6
45 260 107 38 101 233
1 20 3
33 105 63
1 16 6
105 263 159 189 274 167
1 17 3
287 282 199
1 7 4
173 194 246 299
1 7 3
186 295 213
1 11 5
253 74 294 268 264
1 7 6
169 297 237 225 251 211
1 15 5
141 81 219 121 13
1 15 3
174 124 259
1 14 5
173 128 283 38 149
1 16 4
99 286 0 198
1 3 3
40 187 120
1 9 5
82 105 48 68 298
1 16 4
20 94 244 90
1 8 5
271 62 117 54 185
1 4 2
125 68
1 9 6
160 181 170 108 185 120
1 6 2
293 254
1 15 3
243 256 40
1 1 4
172 2 18 221
1 20 3
188 76 145
1 13 4
7 44 124 0
1 18 3
61 120 239
1 8 6
138 295 98 71 164 104
1 15 5
91 238 177 116 277
1 15 5
33 286 246 264 104
1 14 4
220 138 160 111
1 16 2
58 160
1 19 3
45 135 76
1 6 6
2 76 191 267 135 5
1 7 5
137 236 256 245 200
1 6 3
290 173 24
1 7 5
192 156 218 256 173
1 19 3
272 233 96
1 8 5
66 33 159 75 254
1 18 5
191 43 60 246 61
1 16 2
57 132
1 17 2
35 127
1 18 3
144 170 119
1 20 5
71 278 287 144 277
1 3 2
151 213
1 10 5
253 53 130 34 131
1 12 2
266 214
1 1 4
213 153 156 181
1 6 4
134 12 67 107
1 5 4
208 95 68 231
1 12 5
218 105 164 135 91
1 9 3
182 77 11
1 8 4
203 101 264 176
1 8 6
189 6 136 272 256 257
1 1 2
210 58
1 16 6
107 228 97 60 115 119
1 5 2
122 175
1 10 2
268 261
1 12 5
269 70 80 135 7
1 19 3
221 0 152
1 9 2
174 145
1 1 5
299 233 172 84 123
1 6 5
251 198 105 171 145
1 6 3
75 239 30
1 18 4
239 91 257 293
1 12 5
275 18 94 236 188
k 20
