300 1500 465
11 38 23 16 20 24 30 24 13 32 26 35 22 24 11 35 17 17 23 26 14 11 20 26 27 34 16 13 39 12 15 12 38 18 39 37 11 29 38 11 23 27 21 15 27 12 27 34 37 32 20 11 38 13 16 39 35 31 27 21 37 13 19 25 26 32 20 22 34 28 26 24 18 18 38 29 37 13 12 32 34 38 15 24 34 26 15 22 17 23 17 38 14 36 24 19 17 33 39 12 38 31 12 16 19 12 32 17 33 19 37 33 15 28 30 27 14 23 33 19 33 29 22 24 17 29 22 11 38 19 14 21 21 13 38 31 14 18 32 31 40 39 23 15 30 22 38 16 36 33 11 18 37 24 34 14 37 16 39 31 29 14 11 27 22 27 18 17 22 30 23 15 25 30 31 11 17 14 29 19 39 38 18 20 33 12 26 14 38 40 28 16 40 35 34 23 12 15 40 18 17 26 18 25 11 14 14 27 38 13 23 38 11 32 18 14 18 36 15 36 32 39 40 14 37 22 15 14 15 22 20 27 29 13 12 25 24 33 30 37 14 27 14 38 33 29 32 14 37 18 37 19 20 16 31 24 33 39 25 21 20 13 39 18 31 27 11 27 19 19 17 25 34 34 37 23 24 30 22 30 40 26 37 27 13 40 13 37 37 13 28 14 23 17 35 19 14 12 25 28
1 28 13 6 10 14 20 14 3 22 16 25 12 14 1 25 7 7 13 16 4 1 10 16 17 24 6 3 29 2 5 2 28 8 29 27 1 19 28 1 13 17 11 5 17 2 17 24 27 22 10 1 28 3 6 29 25 21 17 11 27 3 9 15 16 22 10 12 24 18 16 14 8 8 28 19 27 3 2 22 24 28 5 14 24 16 5 12 7 13 7 28 4 26 14 9 7 23 29 2 28 21 2 6 9 2 22 7 23 9 27 23 5 18 20 17 4 13 23 9 23 19 12 14 7 19 12 1 28 9 4 11 11 3 28 21 4 8 22 21 30 29 13 5 20 12 28 6 26 23 1 8 27 14 24 4 27 6 29 21 19 4 1 17 12 17 8 7 12 20 13 5 15 20 21 1 7 4 19 9 29 28 8 10 23 2 16 4 28 30 18 6 30 25 24 13 2 5 30 8 7 16 8 15 1 4 4 17 28 3 13 28 1 22 8 4 8 26 5 26 22 29 30 4 27 12 5 4 5 12 10 17 19 3 2 15 14 23 20 27 4 17 4 28 23 19 22 4 27 8 27 9 10 6 21 14 23 29 15 11 10 3 29 8 21 17 1 17 9 9 7 15 24 24 27 13 14 20 12 20 30 16 27 17 3 30 3 27 27 3 18 4 13 7 25 9 4 2 15 18
1 6 2
61 242
1 9 4
98 176 272 287
1 15 5
257 159 28 172 67
1 20 2
242 124
1 9 2
151 95
1 2 5
151 278 254 293 214
1 13 5
108 29 42 194 224
1 13 5
131 87 165 229 101
1 8 4
63 162 5 100
1 15 6
205 249 98 275 82 74
1 12 6
238 87 196 51 81 63
1 10 5
145 149 128 286 136
1 15 5
156 94 15 252 231
1 10 6
134 205 244 40 19 200
1 3 2
45 9
1 18 2
38 299
1 5 5
117 135 123 291 100
1 14 3
227 218 31
1 17 3
246 34 140
1 3 6
250 195 298 105 194 292
1 12 4
106 188 249 90
1 18 5
93 174 94 216 119
1 16 4
194 246 202 238
1 7 6
39 3 5 73 285 120
1 6 2
252 288
1 10 2
245 18
1 8 6
11 247 293 241 122 221
1 7 2
80 181
1 1 4
222 80 217 90
1 5 6
71 79 10 36 156 192
1 19 5
125 16 230 142 249
1 11 5
134 275 115 291 202
1 15 3
259 203 184
1 19 6
62 227 248 278 133 61
1 6 4
176 235 184 142
1 1 5
273 24 84 70 174
1 5 6
41 193 101 229 285 89
1 17 5
51 208 58 107 121
1 15 5
110 197 98 231 277
1 13 4
292 81 199 19
1 8 4
164 53 118 102
1 6 2
254 7
1 4 6
215 296 209 178 141 294
1 4 5
103 170 265 68 145
1 19 6
53 68 264 278 147 189
1 15 5
242 119 43 278 146
1 8 2
141 269
1 5 5
186 264 74 245 6
1 3 3
170 142 46
1 3 2
158 98
1 18 3
115 177 121
1 19 5
155 290 76 10 158
1 19 6
211 183 233 99 265 39
1 2 3
83 26 296
1 13 4
192 249 226 294
1 12 6
145 61 107 295 84 170
1 18 6
147 219 284 44 276 76
1 6 5
50 106 86 291 216
1 1 3
289 174 223
1 20 2
82 247
1 18 2
116 17
1 1 2
94 263
1 7 4
40 86 220 18
1 2 2
235 93
1 4 3
85 47 50
1 15 2
36 84
1 13 6
207 125 255 37 204 15
1 1 5
20 208 96 123 110
1 20 5
115 19 196 226 91
1 12 3
89 294 124
1 7 6
65 104 181 230 61 74
1 13 3
14 67 169
1 12 4
265 157 58 132
1 11 6
208 230 65 192 227 45
1 2 2
33 190
1 18 4
162 22 39 221
1 1 3
128 91 181
1 20 3
299 149 265
1 9 3
267 40 38
1 2 6
177 62 135 225 240 59
1 1 4
43 278 244 8
1 20 3
8 91 67
1 13 4
260 46 160 227
1 4 2
8 53
1 3 3
36 290 246
1 6 6
106 101 111 248 40 201
1 6 2
238 193
1 13 5
76 67 104 181 261
1 1 2
242 107
1 8 5
0 197 284 241 152
1 16 2
264 99
1 2 4
217 83 85 246
1 7 2
199 112
1 10 6
282 159 162 113 33 24
1 5 5
110 184 191 159 120
1 20 3
207 70 54
1 2 2
112 205
1 20 3
247 190 88
1 10 2
7 136
1 18 5
49 243 236 286 213
1 20 2
281 192
1 18 4
23 249 219 299
1 6 3
225 43 247
1 20 6
263 169 14 137 162 287
1 9 2
299 222
1 8 6
73 280 138 102 37 112
1 6 5
25 33 182 198 4
1 2 6
139 153 127 260 31 93
1 1 2
38 264
1 2 2
104 261
1 8 3
144 122 99
1 15 5
19 20 16 39 142
1 6 6
250 220 154 276 278 213
1 10 2
298 88
1 14 5
120 102 222 8 53
1 18 3
78 46 43
1 18 5
155 159 2 112 12
1 12 2
49 51
1 9 3
171 58 45
1 9 5
273 75 265 109 285
1 15 4
288 147 15 234
1 9 3
34 237 1
1 14 5
3 180 120 10 212
1 6 2
295 236
1 17 4
230 88 89 21
1 17 6
2 31 299 150 233 200
1 17 4
71 1 102 4
1 18 3
296 245 33
1 9 2
210 108
1 20 4
116 219 97 100
1 1 3
196 84 164
1 1 5
101 266 62 218 184
1 9 4
83 31 22 189
1 20 5
291 95 158 217 198
1 14 3
165 100 51
1 11 6
266 125 239 151 135 200
1 18 6
48 149 136 113 27 243
1 10 4
289 123 287 277
1 13 3
175 298 93
1 15 5
275 229 283 88 177
1 6 4
185 70 97 19
1 4 5
148 287 29 27 288
1 19 3
200 46 91
1 15 2
256 151
1 18 4
147 202 290 248
1 12 6
47 88 176 171 113 99
1 14 5
247 276 69 196 240
1 17 4
211 214 111 289
1 4 6
74 82 166 7 207 189
1 19 4
136 207 209 188
1 9 2
289 262
1 1 4
58 42 106 4
1 6 5
287 84 256 92 263
1 3 6
213 256 11 172 272 289
1 19 6
107 81 253 99 163 131
1 5 4
29 218 53 267
1 5 4
244 80 251 275
1 11 3
217 124 247
1 15 5
91 286 226 169 18
1 4 6
181 100 163 98 245 93
1 6 6
42 223 171 165 67 235
1 5 2
0 45
1 3 6
275 273 106 242 163 267
1 4 5
117 197 184 144 19
1 8 6
57 204 220 14 130 186
1 20 5
148 169 281 198 50
1 12 4
16 105 270 20
1 5 3
124 287 223
1 15 6
16 116 235 65 277 226
1 10 4
282 227 217 109
1 17 2
142 183
1 11 3
142 91 293
1 14 2
2 273
1 4 4
62 268 53 215
1 5 2
200 261
1 2 4
202 104 215 57
1 16 4
138 146 105 114
1 19 4
92 85 83 3
1 2 2
23 215
1 12 3
76 162 264
1 7 5
219 74 53 192 287
1 2 6
121 140 231 160 10 163
1 13 3
186 75 204
1 19 5
21 238 290 292 65
1 1 6
126 93 227 148 183 35
1 1 3
288 196 199
1 4 3
245 70 47
1 17 6
0 197 117 295 152 50
1 13 4
299 201 185 153
1 4 3
78 298 245
1 1 6
273 244 46 20 241 206
1 12 5
221 168 132 225 64
1 14 3
85 186 161
1 13 5
107 24 181 188 41
1 2 4
215 292 97 147
1 19 6
254 151 169 210 129 206
1 6 4
159 85 46 59
1 17 2
228 130
1 5 2
32 282
1 7 6
47 240 223 41 0 107
1 10 6
286 174 268 247 21 142
1 1 6
236 58 208 171 83 182
1 8 2
258 275
1 4 4
83 126 30 259
1 15 4
126 32 39 198
1 14 3
57 61 195
1 2 6
238 99 90 28 274 164
1 16 4
213 64 41 286
1 13 6
56 296 260 118 290 106
1 2 3
26 146 269
1 12 6
65 222 203 121 232 171
1 5 2
231 146
1 4 2
1 175
1 17 2
141 64
1 6 3
213 282 33
1 7 4
188 82 85 108
1 20 3
171 179 13
1 15 6
211 295 2 22 103 271
1 20 5
58 55 17 184 87
1 15 3
92 233 151
1 1 2
81 9
1 5 4
119 70 270 7
1 14 3
284 0 147
1 15 2
185 140
1 3 6
280 110 98 159 18 13
1 8 2
42 52
1 15 5
86 266 193 91 143
1 14 3
13 2 9
1 19 6
168 246 158 126 115 80
1 19 3
100 259 54
1 5 3
252 254 169
1 15 4
176 62 142 219
1 18 5
64 160 19 122 117
1 5 2
150 21
1 18 5
64 130 261 170 56
1 14 5
285 227 44 2 41
1 5 6
15 69 83 194 70 195
1 4 5
132 179 91 75 292
1 1 3
134 202 77
1 1 2
53 171
1 13 5
112 149 145 155 254
1 19 2
128 232
1 12 2
102 192
1 9 6
282 97 77 286 269 197
1 16 6
144 242 269 96 86 103
1 9 3
274 96 184
1 17 4
109 131 207 158
1 10 6
47 71 146 150 73 245
1 12 3
106 26 95
1 2 6
262 16 110 51 60 91
1 11 5
12 235 251 65 128
1 10 5
183 115 206 220 61
1 14 4
139 27 50 84
1 15 6
5 141 50 117 143 283
1 4 5
284 156 277 289 254
1 1 3
127 68 214
1 11 4
293 224 266 124
1 4 6
290 257 72 60 86 21
1 3 5
236 145 257 237 89
1 16 2
61 280
1 6 5
164 163 197 266 265
1 5 2
251 98
1 8 6
1 101 272 125 71 129
1 10 3
61 53 86
1 7 4
122 228 77 212
1 3 2
101 195
1 19 6
50 263 178 221 1 296
1 4 4
112 80 256 84
1 1 6
237 197 1 60 150 11
1 10 3
126 133 9
1 5 2
173 86
1 7 6
277 208 50 203 45 221
1 11 6
279 260 92 273 14 162
1 7 4
291 169 53 272
1 14 5
163 292 258 274 24
1 3 6
158 207 173 275 1 107
1 16 3
104 210 171
1 14 4
77 94 168 194
1 20 4
149 77 55 287
1 12 3
103 295 180
1 6 6
138 297 6 284 232 85
1 13 4
193 157 89 210
1 6 5
40 131 233 196 80
1 8 2
65 36
1 1 6
73 201 119 175 139 49
1 19 3
126 156 89
1 11 4
149 84 195 235
1 5 4
66 105 142 3
1 13 2
194 209
1 18 5
29 259 183 169 265
1 18 4
43 103 10 285
1 8 2
42 188
1 11 2
171 243
1 9 6
1 20 66 174 104 282
1 19 3
74 133 159
1 9 3
284 131 224
1 12 6
278 226 116 136 57 175
1 5 5
186 125 221 9 13
1 4 4
48 6 222 236
1 15 6
116 284 154 54 279 237
1 4 3
56 138 95
1 10 5
109 42 193 179 282
1 3 6
201 153 67 188 141 36
1 1 4
121 124 58 10
1 5 3
292 209 170
1 14 6
25 284 61 237 118 38
1 5 4
206 140 155 271
1 7 2
290 183
1 12 3
198 269 42
1 2 5
164 276 153 154 141
1 5 2
152 297
1 3 4
228 62 201 264
1 9 3
111 152 9
1 10 5
45 185 224 92 284
1 6 4
178 124 220 66
1 15 3
74 144 153
1 10 4
65 127 176 214
1 16 3
93 253 28
1 6 4
198 33 208 13
1 3 6
49 208 219 178 50 136
1 5 2
90 179
1 11 3
92 281 1
1 14 5
66 11 102 39 112
1 14 4
129 191 159 143
1 13 5
284 208 74 97 201
1 5 5
53 99 83 124 40
1 5 6
159 91 107 284 208 59
1 13 5
158 211 67 159 268
1 13 3
52 137 226
1 10 2
291 62
1 20 3
25 233 285
1 4 5
265 18 36 49 229
1 19 5
93 278 236 123 291
1 13 3
64 269 247
1 2 4
48 53 209 201
1 17 3
6 299 118
1 19 4
91 13 20 208
1 11 5
107 226 187 66 103
1 2 2
102 268
1 20 5
10 63 156 269 266
1 9 3
106 155 160
1 15 2
175 262
1 15 2
35 164
1 2 4
292 193 140 141
1 4 6
216 41 34 171 274 240
1 12 4
279 19 91 163
1 14 3
19 232 129
1 15 5
114 37 84 232 22
1 20 6
70 175 226 141 294 30
1 9 6
128 244 136 110 179 283
1 14 4
175 79 106 235
1 16 5
275 106 181 62 13
1 6 2
91 59
1 7 6
232 31 222 105 112 155
1 11 2
55 57
1 17 5
141 131 226 208 27
1 9 2
280 115
1 1 4
107 213 124 183
1 1 5
265 147 286 263 76
1 13 6
256 34 42 257 284 280
1 7 2
235 203
1 17 4
256 226 172 276
1 4 5
149 195 92 86 178
1 7 6
240 108 268 168 104 95
1 14 2
229 104
1 20 6
210 242 275 166 147 138
1 12 5
140 234 63 30 217
1 2 4
285 286 136 8
1 4 4
149 286 150 163
1 7 2
105 32
1 8 6
4 128 183 233 37 200
1 11 2
269 175
1 16 5
73 57 290 93 226
1 16 2
146 266
1 19 4
57 167 55 148
1 10 3
124 208 233
1 8 6
135 39 49 56 54 221
1 7 5
269 256 225 265 88
1 7 5
297 200 117 151 227
1 18 2
148 218
1 6 6
69 114 20 4 44 56
1 7 3
176 293 288
1 8 6
13 168 108 98 291 174
1 15 6
42 256 227 139 183 156
1 1 2
95 193
1 1 4
267 162 93 138
1 8 3
225 291 27
1 7 5
16 101 95 254 89
1 14 5
292 267 45 113 194
1 19 2
151 114
1 17 6
283 110 285 255 63 134
1 7 3
230 124 150
1 8 3
263 154 12
1 6 5
19 282 18 144 176
1 1 5
244 108 139 286 172
1 4 6
143 157 139 227 79 171
1 7 5
44 114 55 40 65
1 13 5
180 207 264 65 253
1 20 2
296 1
1 13 6
37 43 212 228 82 90
1 2 4
232 40 274 48
1 9 5
186 140 192 293 62
1 7 6
167 268 214 103 117 53
1 13 3
229 224 197
1 5 5
226 79 153 7 53
1 5 3
155 36 286
1 15 5
282 258 126 194 210
1 8 5
222 26 167 203 78
1 6 6
246 198 200 203 13 104
1 14 3
211 242 125
1 15 5
19 169 227 157 188
1 11 6
126 180 173 262 65 242
1 15 3
34 10 76
1 4 3
4 66 232
1 18 5
115 200 2 167 127
1 19 5
289 247 169 295 198
1 9 2
94 214
1 1 3
74 182 214
1 14 3
182 96 34
1 13 2
63 42
1 2 6
254 84 239 174 75 64
1 16 2
84 132
1 8 5
97 67 12 121 19
1 13 4
63 281 204 6
1 1 2
286 84
1 6 2
282 49
1 11 2
228 290
1 3 4
15 139 113 56
1 14 2
291 82
1 13 5
113 288 93 80 178
1 13 5
56 272 258 185 76
1 19 3
240 232 120
1 15 6
141 164 159 126 258 53
1 7 2
242 76
1 2 6
253 282 31 155 53 295
1 12 6
163 152 239 170 118 233
1 8 2
2 158
1 16 2
152 234
1 12 6
160 214 149 218 208 89
1 20 5
103 198 202 294 10
1 19 6
64 258 205 259 188 146
1 11 6
105 275 54 121 158 149
1 15 5
287 121 49 284 42
1 4 4
191 3 7 121
1 16 6
149 243 225 164 64 217
1 11 4
222 219 290 132
1 18 6
285 231 216 164 64 112
1 19 4
231 139 199 92
1 6 6
4 228 196 158 295 252
1 13 6
134 131 167 270 84 204
1 16 4
80 191 254 107
1 10 5
241 114 72 180 130
1 1 4
218 30 189 239
1 16 3
130 148 111
1 19 3
298 114 201
1 20 5
158 83 74 28 148
1 7 4
261 242 82 275
1 14 5
259 1 190 232 184
1 6 5
162 69 81 140 190
1 7 4
266 183 31 139
1 3 2
244 46
1 20 3
77 236 61
1 5 2
280 83
1 8 3
136 114 173
1 11 6
216 1 19 4 94 111
1 9 6
117 76 172 184 131 259
1 6 2
208 72
1 2 5
176 1 76 0 212
1 7 4
173 255 92 16
1 20 6
175 169 84 145 239 92
1 12 6
212 269 39 122 145 188
1 6 3
215 230 116
1 9 2
211 291
1 10 4
135 194 109 155
1 2 4
52 129 136 233
1 18 2
217 144
1 6 4
279 190 220 69
1 10 4
279 97 194 271
1 14 4
193 165 184 150
1 11 3
35 122 168
1 2 6
30 227 47 101 44 192
1 19 2
253 42
1 14 3
285 141 149
1 4 5
200 248 15 242 236
1 15 4
104 152 246 243
1 14 3
98 165 148
1 12 3
291 110 172
1 13 5
117 127 184 294 134
1 6 3
54 52 6
1 15 3
264 256 238
1 11 2
214 2
1 19 5
172 215 255 18 269
1 1 3
147 88 220
1 17 4
292 268 24 280
1 16 4
115 164 278 109
1 16 4
287 52 62 64
1 8 3
36 72 106
1 7 5
224 218 285 90 262
1 2 6
124 83 169 96 291 249
1 7 5
228 69 23 109 46
1 2 3
83 227 51
1 14 4
154 198 48 159
1 3 5
148 124 118 197 263
1 16 5
188 98 291 156 112
1 3 2
188 270
1 1 6
190 117 185 47 273 72
1 8 4
256 1 123 17
1 8 5
88 167 168 181 140
1 6 2
163 121
1 10 4
229 13 46 204
1 15 3
60 84 204
1 17 2
146 268
1 5 3
64 0 160
1 7 2
229 221
1 2 4
18 58 22 89
1 20 2
243 71
1 11 3
283 104 220
1 6 6
30 47 109 237 269 299
1 6 5
240 89 14 198 178
1 2 4
31 229 164 285
1 9 3
176 119 73
1 13 5
31 122 271 95 218
1 20 5
98 180 230 238 3
1 10 2
106 236
1 1 2
4 111
1 11 3
43 157 90
1 15 5
195 278 243 62 201
1 1 5
3 192 108 267 91
1 1 5
68 248 196 71 34
1 16 4
290 88 148 167
1 17 2
289 76
1 11 6
165 281 299 34 137 154
1 9 4
163 219 160 213
1 12 5
84 150 141 103 106
1 15 4
183 35 75 30
1 18 3
71 216 20
1 13 5
150 154 232 42 266
1 17 5
213 232 2 3 290
1 9 3
230 161 266
1 8 2
8 134
1 11 5
255 265 104 61 291
1 20 2
15 295
1 13 5
21 176 277 121 3
1 4 6
278 32 80 99 130 67
1 4 5
291 26 277 62 234
1 2 3
105 202 123
1 15 6
86 212 141 6 93 226
1 18 2
284 177
1 19 2
175 277
1 3 2
210 97
1 16 2
113 178
1 15 3
78 187 5
1 8 5
201 273 284 51 211
1 7 2
89 141
1 14 2
25 130
1 18 4
7 83 21 96
1 18 4
164 270 32 44
1 20 5
90 260 30 17 148
1 17 5
225 2 32 171 6
1 12 3
183 258 120
1 7 5
4 232 208 18 58
1 16 5
152 52 110 139 237
1 18 5
203 157 174 79 74
1 14 4
294 54 132 131
1 2 5
74 38 190 131 35
1 8 3
51 145 29
1 20 2
237 106
1 1 4
166 15 212 110
1 6 5
214 3 115 13 1
1 5 6
136 66 181 103 207 1
1 11 4
174 146 99 152
1 18 3
293 205 165
1 7 6
272 1 184 245 77 187
1 15 5
134 299 174 296 106
1 19 5
143 188 106 252 39
1 17 6
234 272 210 45 262 218
1 3 6
212 243 183 67 185 224
1 11 2
52 285
1 3 5
231 41 251 26 132
1 11 5
217 219 194 225 184
1 14 2
197 260
1 17 4
49 24 164 182
1 4 2
230 251
1 13 6
176 255 135 298 289 233
1 18 6
3 253 286 47 136 276
1 20 2
11 15
1 9 4
51 271 57 266
1 19 4
21 67 283 53
1 7 3
278 263 200
1 9 3
206 169 199
1 4 2
190 107
1 17 6
257 205 127 116 149 237
1 2 5
291 160 188 193 158
1 6 3
139 114 287
1 19 4
1 17 157 27
1 9 3
130 46 292
1 8 4
116 88 130 47
1 7 4
69 217 24 220
1 4 4
139 36 256 136
1 15 6
284 116 275 197 10 49
1 5 4
222 97 51 36
1 13 6
39 152 155 220 63 107
1 20 6
254 113 282 174 161 63
1 11 6
152 244 7 267 40 50
1 1 4
15 72 186 104
1 6 3
140 7 244
1 18 6
202 163 282 241 156 85
1 16 3
258 273 149
1 15 2
99 184
1 10 2
139 49
1 12 4
168 87 183 159
1 1 4
271 34 69 48
1 4 5
236 235 30 193 98
1 8 5
169 284 164 158 173
1 18 2
211 102
1 13 2
193 227
1 19 3
67 188 135
1 16 4
53 97 214 154
1 11 2
189 192
1 4 3
74 237 111
1 5 5
254 113 202 111 74
1 12 3
109 69 186
1 12 3
154 227 19
1 6 3
178 293 45
1 10 6
130 109 216 243 227 127
1 15 3
89 283 95
1 4 5
277 120 186 108 93
1 18 2
105 116
1 10 3
274 4 213
1 20 2
269 201
1 11 3
130 78 21
1 20 3
188 116 147
1 9 2
80 231
1 3 4
46 138 140 170
1 12 2
188 240
1 16 2
224 216
1 5 2
158 122
1 9 6
172 108 77 177 114 10
1 17 2
223 171
1 4 2
76 200
1 9 2
235 106
1 6 4
158 31 219 61
1 17 6
7 66 280 92 217 219
1 17 2
261 73
1 7 3
39 24 20
1 3 6
281 92 87 123 160 270
1 20 5
180 140 56 260 71
1 9 5
157 237 282 162 179
1 6 4
106 252 299 88
1 3 4
90 19 55 284
1 6 2
70 167
1 6 2
124 272
1 15 2
247 298
1 19 4
137 211 155 74
1 5 6
223 27 182 23 43 181
1 9 2
136 223
1 2 6
143 87 172 110 20 129
1 20 5
130 25 281 260 199
1 4 4
136 101 89 163
1 19 2
216 194
1 12 3
228 42 108
1 10 5
247 235 202 3 217
1 7 6
152 283 114 241 27 111
1 6 4
191 35 45 129
1 15 2
251 248
1 9 2
262 56
1 8 4
79 200 12 90
1 2 6
292 46 130 30 170 56
1 4 6
80 228 58 182 267 243
1 11 5
227 271 192 175 220
1 14 2
76 176
1 11 2
262 125
1 2 3
62 85 50
1 5 2
192 261
1 10 3
235 124 187
1 16 6
74 173 151 284 275 285
1 11 6
101 183 129 56 12 83
1 18 4
181 257 80 111
1 5 2
264 249
1 7 2
35 166
1 13 4
119 222 197 240
1 13 5
53 228 43 248 262
1 19 4
254 273 26 196
1 11 2
157 255
1 2 4
250 132 39 144
1 10 2
78 272
1 10 3
116 45 232
1 19 2
213 205
1 12 4
130 260 198 15
1 20 6
186 288 137 287 3 54
1 5 6
119 133 121 154 294 240
1 3 4
198 4 134 92
1 7 2
281 38
1 3 4
90 86 278 197
1 2 6
246 50 252 134 48 255
1 6 4
47 52 193 221
1 5 4
225 186 237 193
1 14 2
173 248
1 8 5
21 270 257 167 50
1 16 5
276 94 232 147 210
1 14 5
238 8 293 169 233
1 6 3
294 264 127
1 19 3
238 53 147
1 10 4
208 239 259 126
1 2 6
297 252 268 44 99 290
1 12 6
173 107 288 195 159 26
1 17 4
155 226 102 28
1 20 6
130 26 77 251 48 95
1 7 5
81 205 243 32 37
1 8 4
225 206 194 72
1 13 6
92 40 201 207 292 136
1 4 5
116 75 228 238 59
1 8 2
278 105
1 1 3
227 98 0
1 1 3
150 146 187
1 2 3
47 114 229
1 1 4
18 135 134 238
1 4 6
81 264 118 12 173 249
1 3 3
256 214 46
1 19 2
39 118
1 6 6
127 8 254 5 156 190
1 6 4
20 128 65 64
1 2 6
111 251 161 54 124 107
1 16 2
268 252
1 5 6
278 101 51 87 215 140
1 3 6
7 296 196 69 229 217
1 4 4
26 48 97 237
1 20 6
59 94 114 137 227 89
1 14 2
274 191
1 11 3
103 17 193
1 17 3
48 211 278
1 6 2
248 224
1 1 6
164 223 286 204 170 267
1 2 3
244 110 45
1 2 3
192 167 238
1 16 3
180 221 270
1 3 4
225 46 11 209
1 13 4
279 14 154 214
1 13 2
120 30
1 15 5
13 241 252 191 163
1 19 5
163 172 222 165 124
1 3 5
68 76 152 139 291
1 16 4
111 202 93 37
1 1 4
234 113 159 12
1 5 6
103 0 173 142 220 24
1 3 4
33 297 199 282
1 4 3
103 152 269
1 10 5
186 64 22 25 156
1 6 2
103 86
1 4 6
273 65 91 19 198 266
1 3 5
126 254 158 266 251
1 2 2
99 46
1 10 3
244 144 280
1 2 2
29 132
1 3 2
178 292
1 13 3
253 161 162
1 8 3
256 254 167
1 13 5
279 276 83 199 195
1 12 5
30 72 255 98 121
1 10 4
273 15 209 37
1 12 6
34 278 215 281 233 266
1 4 3
241 290 138
1 7 5
265 53 89 216 54
1 15 2
128 37
1 9 5
295 4 287 3 143
1 8 4
46 237 57 96
1 11 5
296 64 18 166 104
1 17 6
298 162 286 133 193 126
1 19 2
249 57
1 12 6
56 72 247 47 248 157
1 5 6
188 80 1 274 298 177
1 17 6
26 150 128 222 259 204
1 16 4
208 203 233 104
1 5 5
125 209 179 199 126
1 17 4
44 22 210 290
1 11 5
293 4 220 164 111
1 14 4
231 125 214 262
1 7 5
265 38 206 39 182
1 15 2
118 278
1 14 4
67 21 246 42
1 1 4
24 286 210 7
1 5 3
52 225 195
1 15 3
90 201 44
1 3 4
40 171 293 42
1 17 6
216 286 175 111 127 49
1 10 4
258 163 158 66
1 17 3
176 120 75
1 8 5
253 40 125 69 204
1 15 4
200 155 20 31
1 16 3
154 152 21
1 4 4
29 94 223 280
1 8 6
14 203 172 266 10 243
1 10 5
253 127 286 30 218
1 11 4
202 175 28 132
1 8 2
97 96
1 14 3
164 211 163
1 2 4
145 202 8 38
1 1 4
25 166 92 213
1 19 3
41 106 133
1 3 5
202 211 167 42 67
1 4 4
157 207 61 42
1 8 2
76 41
1 20 6
106 111 54 209 60 269
1 9 5
257 192 293 115 233
1 7 4
117 289 97 70
1 1 4
233 118 174 291
1 7 5
80 3 198 237 163
1 5 6
252 115 173 136 65 1
1 5 3
104 77 173
1 7 5
121 137 297 285 232
1 3 6
195 24 87 77 206 62
1 18 4
109 104 144 49
1 14 5
273 21 194 22 240
1 9 2
219 112
1 10 2
204 16
1 16 6
253 241 235 224 53 79
1 4 6
201 295 32 103 91 5
1 3 5
170 57 194 38 128
1 18 6
60 122 185 232 256 150
1 9 4
89 123 158 288
1 12 3
87 193 11
1 12 6
113 87 77 234 107 165
1 14 6
205 175 181 225 132 288
1 8 2
283 218
1 4 2
257 12
1 16 2
212 42
1 4 6
109 206 205 123 113 39
1 12 3
137 171 222
1 10 2
101 23
1 2 5
219 142 113 100 232
1 9 6
113 272 165 40 152 217
1 3 4
187 73 221 46
1 19 5
38 43 238 13 58
1 11 3
21 284 39
1 12 3
35 274 165
1 14 3
13 38 14
1 16 3
9 75 231
1 19 4
263 196 103 259
1 20 4
113 87 107 253
1 11 4
12 62 88 149
1 9 3
141 293 50
1 16 2
125 50
1 4 6
256 127 43 160 93 293
1 13 5
171 141 227 115 293
1 15 3
274 49 160
1 16 2
145 98
1 5 6
291 211 194 129 219 136
1 6 6
26 232 139 149 107 287
1 15 6
205 26 118 164 202 109
1 1 2
178 274
1 8 3
192 171 120
1 4 5
299 61 168 208 59
1 3 5
128 109 252 77 205
1 14 5
151 53 190 260 10
1 6 3
141 122 279
1 7 4
265 65 247 236
1 14 5
181 251 250 284 103
1 8 6
2 44 151 164 204 141
1 17 3
39 45 5
1 1 2
248 2
1 5 6
220 222 36 155 76 273
1 11 5
42 100 139 298 224
1 19 4
90 139 56 82
1 19 2
145 130
1 8 3
270 106 273
1 13 6
144 97 95 176 246 75
1 4 6
283 155 20 35 124 170
1 17 5
18 100 47 129 237
1 15 3
58 237 37
1 9 2
141 231
1 6 5
114 110 261 151 260
1 6 3
110 69 72
1 11 5
144 118 133 287 28
1 7 6
113 148 74 114 119 283
1 10 2
255 76
1 1 5
2 257 14 265 141
1 8 2
264 31
1 12 6
143 4 104 67 115 136
1 18 5
115 292 120 126 123
1 17 4
73 152 43 183
1 12 6
183 198 109 268 20 71
1 7 2
71 75
1 4 3
252 144 32
1 7 2
127 130
1 6 6
232 288 178 218 172 169
1 13 6
20 27 131 295 173 107
1 17 4
197 76 256 113
1 4 4
21 119 71 244
1 14 4
34 107 197 162
1 11 2
203 32
1 4 6
144 108 204 60 179 274
1 17 2
236 191
1 2 6
270 144 44 154 240 224
1 16 6
75 115 113 229 270 183
1 12 5
100 44 187 61 221
1 11 6
52 131 200 24 119 190
1 17 4
161 67 29 214
1 9 2
119 291
1 19 4
230 39 270 96
1 6 5
295 79 63 210 189
1 16 5
36 239 164 198 33
1 2 5
298 233 119 65 110
1 6 2
4 199
1 6 6
121 116 42 247 146 222
1 4 5
290 105 219 276 198
1 12 2
168 165
1 19 6
224 195 285 33 157 54
1 6 5
25 190 73 199 275
1 16 5
289 12 119 33 197
1 11 6
37 214 61 258 203 294
1 2 6
34 271 236 146 151 226
1 17 2
234 126
1 17 5
114 263 78 212 209
1 12 4
26 78 146 245
1 4 2
239 222
1 16 5
271 202 140 14 193
1 20 6
89 151 165 163 124 13
1 12 6
295 203 54 200 33 285
1 5 2
275 223
1 13 4
284 82 62 229
1 16 2
236 247
1 8 2
91 72
1 13 4
199 165 25 12
1 15 2
4 60
1 2 4
20 74 282 102
1 17 3
296 231 173
1 2 6
281 77 191 79 194 96
1 18 6
245 122 137 101 284 155
1 5 2
58 226
1 11 2
101 209
1 16 5
226 29 10 61 104
1 10 4
267 84 124 284
1 4 2
213 90
1 12 4
128 80 45 19
1 20 3
263 1 283
1 4 4
35 164 296 62
1 10 3
1 162 234
1 15 3
39 159 188
1 2 3
224 18 29
1 12 4
126 168 227 201
1 6 3
156 207 153
1 7 4
285 106 148 297
1 18 5
222 86 112 75 226
1 7 2
289 121
1 14 2
40 43
1 8 3
256 81 209
1 14 3
275 40 106
1 18 4
45 86 241 100
1 7 3
143 80 236
1 14 2
26 275
1 10 6
149 153 193 57 291 294
1 20 5
275 45 234 235 129
1 9 2
83 212
1 13 2
121 207
1 11 3
37 294 285
1 10 2
15 40
1 6 5
211 101 112 123 97
1 7 4
48 47 82 152
1 2 3
57 178 267
1 15 5
249 8 227 286 270
1 10 3
64 78 280
1 4 3
34 32 242
1 16 3
109 3 79
1 6 6
106 201 215 97 164 176
1 8 6
151 206 179 189 37 136
1 1 2
146 94
1 7 5
201 225 256 237 174
1 2 6
105 111 117 7 97 157
1 5 6
15 76 33 121 291 161
1 2 5
291 125 161 11 241
1 15 6
226 121 0 204 264 138
1 5 4
36 287 219 72
1 17 2
45 25
1 13 2
294 37
1 7 3
294 214 259
1 2 5
186 212 39 164 92
1 4 5
165 11 151 10 17
1 4 6
228 280 24 126 250 174
1 18 4
142 284 228 265
1 2 6
273 227 73 235 172 112
1 5 6
145 63 292 78 195 130
1 8 5
87 153 195 167 137
1 13 5
299 170 263 208 37
1 12 5
62 206 31 114 251
1 10 2
198 57
1 4 4
202 83 212 223
1 2 5
126 266 154 114 271
1 1 2
125 213
1 11 4
241 239 101 258
1 7 3
217 173 233
1 13 6
101 12 294 225 198 14
1 6 2
68 246
1 2 5
29 73 130 246 176
1 16 6
69 201 197 29 34 146
1 11 3
278 178 161
1 16 3
213 290 188
1 20 3
91 180 30
1 8 6
193 298 252 277 75 47
1 1 4
103 2 86 67
1 15 5
5 257 37 295 115
1 4 2
269 219
1 14 6
174 121 92 3 54 199
1 10 6
210 246 189 180 176 244
1 2 4
54 1 112 28
1 9 5
5 260 218 59 125
1 14 5
40 9 255 114 29
1 9 4
70 223 189 208
1 16 2
95 253
1 19 6
123 178 145 76 235 95
1 13 6
53 99 135 259 203 193
1 11 6
143 110 171 135 75 123
1 14 2
8 140
1 9 3
0 100 272
1 7 5
183 115 1 189 227
1 18 5
244 85 124 134 20
1 14 5
181 278 196 69 288
1 3 4
23 31 163 122
1 4 3
132 250 146
1 19 5
71 109 42 247 185
1 6 3
243 265 183
1 16 4
189 255 193 194
1 11 4
85 177 47 229
1 4 5
194 295 227 266 223
1 7 6
26 168 5 3 106 144
1 18 4
167 54 195 164
1 14 6
42 297 246 283 164 217
1 8 3
38 250 288
1 7 4
129 66 208 39
1 5 3
212 6 13
1 5 5
233 181 74 274 198
1 8 6
59 12 252 150 114 154
1 14 5
289 232 14 243 299
1 6 6
24 110 277 214 132 241
1 12 3
1 213 72
1 3 5
133 55 51 153 288
1 11 6
120 32 59 246 51 272
1 3 3
135 162 222
1 19 3
112 266 150
1 12 3
140 25 37
1 14 4
113 280 180 265
1 1 4
267 155 295 207
1 11 4
272 285 7 47
1 2 4
42 221 117 122
1 4 2
111 256
1 5 5
97 24 168 9 287
1 16 4
124 238 272 133
1 11 6
139 181 192 231 284 234
1 1 3
65 256 246
1 5 4
298 29 41 166
1 10 3
161 119 275
1 15 2
135 194
1 13 4
166 270 63 85
1 16 6
165 249 105 244 35 235
1 18 3
103 212 17
1 13 4
228 6 221 130
1 20 3
169 22 130
1 5 3
97 87 38
1 13 5
9 257 33 115 149
1 3 2
283 186
1 13 6
245 35 53 289 212 163
1 4 3
57 40 112
1 1 3
287 136 216
1 4 4
285 268 106 279
1 13 2
124 116
1 11 2
263 104
1 8 3
23 153 46
1 13 5
142 117 176 29 125
1 1 6
248 206 218 77 200 244
1 6 6
99 23 34 254 156 196
1 13 6
39 73 54 199 296 110
1 10 6
116 74 38 134 186 253
1 1 3
267 163 118
1 14 5
93 149 228 62 214
1 12 5
285 90 158 124 267
1 8 5
38 230 79 144 36
1 16 5
131 255 206 158 101
1 11 5
296 289 80 78 9
1 7 3
135 191 61
1 9 5
107 288 189 178 63
1 10 6
157 262 43 295 28 278
1 3 3
121 208 155
1 11 5
81 134 36 183 153
1 16 5
14 241 31 35 82
1 13 4
2 245 240 191
1 10 4
221 274 33 230
1 12 3
257 5 156
1 13 6
32 15 127 101 149 230
1 8 5
253 226 105 36 179
1 3 4
210 44 11 236
1 15 5
157 250 229 279 204
1 11 4
8 71 2 144
1 18 6
139 18 284 3 86 277
1 14 4
162 1 12 182
1 18 3
210 77 119
1 10 3
137 69 289
1 5 6
31 279 162 73 271 141
1 20 2
221 234
1 6 3
119 98 152
1 15 4
14 159 115 17
1 11 4
177 226 223 189
1 8 5
37 215 194 257 33
1 13 3
132 101 236
1 4 2
113 193
1 9 4
108 157 148 278
1 4 5
55 163 11 209 248
1 11 3
245 278 203
1 20 5
287 235 53 137 218
1 8 2
137 123
1 15 4
172 173 191 184
1 5 3
113 112 288
1 19 5
21 96 17 115 80
1 10 6
240 15 104 266 59 260
1 6 4
4 42 109 35
1 9 2
246 103
1 16 6
89 164 259 94 152 77
1 16 6
34 57 249 55 49 152
1 15 5
166 210 104 17 169
1 3 3
225 112 222
1 10 4
74 138 99 232
1 4 4
235 218 23 199
1 13 5
169 207 90 47 175
1 3 6
64 141 73 183 16 56
1 13 6
65 281 240 252 170 142
1 16 5
230 79 170 28 151
1 19 6
149 269 185 291 90 230
1 3 3
278 34 234
1 7 3
67 287 91
1 10 4
297 288 203 28
1 13 5
295 29 43 148 181
1 18 3
100 164 268
1 5 5
68 58 124 182 76
1 7 6
4 31 80 246 288 87
1 1 4
190 298 72 122
1 16 2
295 98
1 15 2
163 77
1 13 3
84 145 10
1 4 5
65 282 142 40 266
1 18 6
163 77 56 86 238 268
1 12 3
44 152 277
1 4 4
20 106 138 118
1 4 6
128 22 39 257 52 113
1 3 2
138 210
1 11 5
37 146 258 22 54
1 16 5
14 266 263 102 57
1 12 6
46 100 184 291 249 197
1 15 3
266 292 236
1 4 4
158 281 82 225
1 1 4
215 18 238 219
1 15 5
33 185 231 61 160
1 19 6
113 199 204 162 141 52
1 4 3
181 275 76
1 18 2
176 69
1 14 5
299 125 23 237 194
1 2 2
244 120
1 13 2
83 135
1 2 6
263 5 25 282 131 92
1 13 4
262 32 174 42
1 3 3
183 79 40
1 2 4
66 41 108 59
1 7 4
39 74 234 160
1 1 6
95 80 227 170 241 140
1 11 4
222 220 124 120
1 19 5
229 30 39 29 121
1 4 3
57 121 153
1 13 4
204 246 110 276
1 3 4
215 254 162 222
1 3 3
186 174 85
1 19 5
152 136 3 137 6
1 5 4
180 149 286 104
1 13 4
262 245 89 243
1 13 5
97 270 66 204 41
1 3 4
47 130 151 49
1 3 4
168 299 93 180
1 3 3
89 143 176
1 11 2
191 120
1 16 5
165 253 73 172 171
1 14 6
64 215 21 239 82 131
1 4 6
201 93 149 4 176 136
1 5 4
171 282 51 227
1 8 2
269 198
1 7 6
84 170 47 222 191 130
1 15 2
230 231
1 8 5
20 70 255 17 152
1 19 2
221 151
1 12 4
263 270 235 20
1 7 2
154 47
1 8 2
147 297
1 8 3
182 78 139
1 9 3
198 18 201
1 11 2
32 201
1 11 2
191 74
1 11 2
137 6
1 16 6
229 44 265 262 169 57
1 6 4
198 229 1 203
1 10 5
34 141 159 19 67
1 9 2
271 53
1 4 3
88 286 60
1 7 6
278 156 280 250 249 155
1 15 5
180 66 184 70 94
1 19 2
149 83
1 19 2
88 73
1 10 4
27 193 151 206
1 15 5
69 223 118 211 225
1 7 3
115 71 69
1 2 2
66 121
1 8 2
137 261
1 20 6
110 172 202 208 233 230
1 13 2
13 235
1 5 2
126 171
1 6 6
214 225 232 207 49 205
1 1 5
0 81 232 154 153
1 12 3
191 233 2
1 4 5
236 124 208 141 31
1 12 5
243 83 38 217 16
1 5 2
114 2
1 3 5
162 5 104 286 67
1 6 5
213 207 64 179 1
1 12 6
275 31 142 8 210 82
1 7 6
5 179 243 92 229 151
1 12 4
57 243 176 74
1 12 4
184 119 156 125
1 16 6
157 3 180 147 280 235
1 14 6
122 252 286 220 165 72
1 17 3
77 279 106
1 15 5
24 275 53 48 16
1 18 5
145 10 198 134 28
1 14 6
118 231 127 197 250 120
1 16 6
101 288 105 13 25 266
1 9 4
114 178 95 221
1 18 4
277 5 51 63
1 16 4
196 47 54 298
1 18 3
50 58 87
1 16 5
230 180 16 72 284
1 18 2
143 24
1 19 6
151 29 27 18 137 170
1 14 3
145 217 271
1 9 2
18 111
1 6 4
4 241 145 120
1 16 3
23 138 240
1 6 2
167 171
1 14 3
282 216 295
1 8 3
247 118 213
1 4 2
268 163
1 11 3
60 274 86
1 6 2
287 75
1 2 5
223 113 273 103 191
1 15 6
196 73 155 230 8 38
1 14 2
34 277
1 20 3
162 45 146
1 8 4
41 170 13 204
1 9 6
132 65 14 222 187 115
1 17 2
239 291
1 18 2
270 128
1 20 3
171 170 192
1 11 2
209 168
1 20 2
196 108
1 5 5
209 51 224 261 0
1 18 4
98 12 290 105
1 15 2
290 250
1 19 6
82 248 99 210 197 63
1 12 4
148 289 14 151
1 13 6
39 135 108 210 223 196
1 8 4
51 158 275 186
1 16 6
175 71 31 136 70 196
1 6 6
269 199 204 239 43 257
1 10 4
230 274 282 174
1 19 4
119 213 120 244
1 19 2
49 63
1 4 5
144 276 76 220 176
1 12 2
261 113
1 13 6
125 76 191 52 284 26
1 3 3
243 56 207
1 8 3
294 7 152
1 10 4
123 40 135 151
1 7 5
211 234 9 132 69
1 19 5
210 93 279 164 70
1 9 6
153 277 169 275 276 113
1 6 2
26 64
1 4 2
70 291
1 5 2
80 257
1 20 5
7 266 192 37 29
1 6 5
0 99 18 74 211
1 11 6
2 284 163 61 102 265
1 14 5
94 242 297 250 205
1 7 5
273 146 208 38 6
1 15 3
94 283 167
1 6 6
74 252 116 242 264 172
1 6 5
232 43 254 224 220
1 5 3
84 63 266
1 15 2
100 134
1 9 4
191 167 179 176
1 14 6
276 178 230 20 288 83
1 10 4
40 151 155 298
1 9 6
245 100 283 22 287 30
1 1 2
296 205
1 13 4
56 20 160 247
1 19 5
106 30 4 21 55
1 1 3
20 13 64
1 13 5
99 286 236 114 79
1 14 2
47 201
1 17 6
236 206 13 68 150 294
1 20 5
52 199 96 14 249
1 3 2
81 171
1 16 4
24 37 264 298
1 14 4
262 276 232 57
1 9 2
231 164
1 11 3
85 180 196
1 5 6
167 22 263 41 68 1
1 19 3
150 250 16
1 19 2
232 214
1 18 6
82 126 272 20 255 25
1 15 3
63 31 26
1 12 6
276 155 114 84 127 31
1 6 3
138 128 249
1 3 6
82 78 275 191 20 47
1 6 3
147 125 59
1 16 2
244 33
1 3 6
154 65 292 96 32 237
1 4 2
93 233
1 4 6
13 202 96 138 16 121
1 8 4
266 36 125 246
1 13 4
18 90 73 39
1 19 5
134 223 166 72 25
1 7 5
83 143 277 152 145
1 5 4
143 211 255 161
1 19 6
40 69 46 139 36 211
1 18 5
253 152 74 86 165
1 6 2
298 221
1 18 4
142 134 15 288
1 2 3
15 250 187
1 7 2
239 290
1 18 2
46 197
1 1 3
4 144 151
1 13 5
260 37 299 158 294
1 20 4
29 9 187 80
1 17 5
101 162 203 140 141
1 19 3
174 251 161
1 18 6
209 292 220 274 210 68
1 14 3
183 65 75
1 17 5
68 290 131 143 268
1 8 5
80 38 161 97 0
1 4 2
10 52
1 8 6
127 14 187 12 246 199
1 6 4
126 288 190 60
1 9 3
10 65 219
1 1 3
149 123 3
1 6 3
70 34 227
1 3 6
136 146 35 80 161 119
1 9 4
63 231 160 46
1 5 5
69 111 96 218 282
1 12 6
126 116 17 205 260 87
1 20 4
210 120 127 77
1 19 4
129 169 213 36
1 8 2
284 148
1 4 2
273 225
1 13 6
57 5 241 12 238 169
1 9 3
47 171 134
1 5 4
212 148 255 114
1 5 6
15 230 235 198 24 278
1 19 5
189 79 274 170 134
1 13 2
159 287
1 17 3
235 159 192
1 19 2
99 15
1 4 3
61 160 200
1 1 4
7 227 89 152
1 17 6
28 205 139 128 277 292
1 4 4
135 46 187 271
1 2 5
171 199 195 52 216
1 8 2
154 156
1 12 3
272 146 274
1 16 6
148 98 88 168 6 185
1 13 4
218 11 161 298
1 2 5
93 97 195 139 30
1 20 4
162 159 282 111
1 11 5
231 207 67 232 188
1 4 3
149 206 96
1 1 6
189 142 149 57 103 22
1 8 5
250 138 249 42 103
1 20 3
290 183 34
1 20 5
261 198 216 256 281
1 19 4
27 82 231 94
1 6 3
297 207 261
1 3 6
279 60 213 254 143 80
1 10 6
59 170 71 129 233 234
1 15 3
139 61 75
1 9 3
14 251 126
1 3 2
281 204
1 8 6
287 242 154 55 276 24
1 17 6
47 136 113 154 74 243
1 18 3
186 76 176
1 9 3
188 112 115
1 1 3
53 284 101
1 12 2
281 65
1 3 3
51 70 73
1 12 4
158 71 219 92
1 2 5
125 162 109 116 286
1 11 6
109 255 29 281 178 68
1 4 6
2 7 115 150 35 286
1 14 4
212 191 272 47
1 18 2
80 155
1 4 3
264 186 236
1 13 2
252 22
1 18 5
148 267 227 91 256
1 5 3
265 259 62
1 13 6
112 64 299 102 24 75
1 6 6
289 62 298 26 140 63
1 12 2
113 280
1 13 3
279 204 194
1 1 6
173 41 91 196 80 148
1 20 2
228 270
1 4 5
200 85 39 277 119
1 10 3
199 1 99
1 12 6
160 117 22 292 115 259
1 4 2
178 81
1 7 2
272 83
1 6 3
222 73 36
1 9 3
267 114 187
1 10 4
243 6 135 0
1 13 2
270 132
1 6 2
41 213
1 4 3
51 183 40
1 13 2
101 167
1 19 6
68 51 5 40 4 264
1 14 3
130 148 215
1 3 3
240 203 47
1 8 2
155 82
1 3 3
114 163 38
1 3 6
55 243 3 255 226 203
1 3 2
214 24
1 15 6
52 94 58 38 265 171
1 9 3
178 87 91
1 7 3
291 109 155
1 9 4
235 51 6 71
1 12 5
179 112 169 170 43
1 5 2
275 286
1 14 5
96 116 11 112 231
1 4 5
108 40 223 127 132
1 9 5
265 8 36 58 122
1 10 5
123 253 45 111 58
1 2 5
299 15 79 185 157
1 16 4
180 56 195 168
1 6 2
230 162
1 6 2
262 26
1 17 3
154 141 22
1 9 2
237 80
1 11 6
144 128 76 145 271 219
1 5 6
30 40 238 166 165 12
1 14 2
14 171
1 8 4
295 273 228 208
1 17 4
23 254 129 243
1 17 5
120 41 159 277 135
1 5 4
107 287 266 99
1 11 6
217 272 144 204 15 224
1 2 5
85 84 226 177 68
1 7 5
213 23 205 77 168
1 15 4
193 62 271 63
1 10 3
87 204 222
1 2 3
127 153 278
1 15 4
202 282 167 148
1 15 3
221 293 271
1 1 2
225 117
1 2 6
210 188 295 258 102 265
1 1 4
63 162 100 67
1 10 2
111 123
1 2 2
151 99
1 12 2
248 117
1 3 5
41 187 49 18 30
1 10 5
48 191 2 164 175
1 17 4
6 163 299 56
1 18 2
62 8
1 16 6
233 92 244 29 243 71
1 16 4
110 39 142 134
1 20 6
83 177 161 20 119 65
1 20 4
275 196 138 48
1 20 3
88 52 77
1 12 4
101 79 179 235
1 11 4
81 215 190 84
1 16 5
150 288 291 53 116
1 12 2
3 83
1 2 3
41 227 269
1 20 2
54 149
1 5 6
260 253 2 170 63 144
1 12 3
140 66 44
1 2 3
229 163 154
1 7 2
248 194
1 18 6
56 121 247 26 111 150
1 3 4
172 200 239 254
1 2 2
38 221
1 10 6
178 183 5 152 58 72
1 10 5
173 10 242 33 188
1 8 4
113 102 57 53
1 9 6
173 216 18 99 67 235
1 11 2
91 205
1 7 5
131 20 257 95 226
1 18 2
58 269
1 6 5
172 43 23 176 59
1 15 3
2 200 77
1 2 3
90 117 108
1 11 6
293 196 19 113 218 251
1 14 4
73 75 177 133
k 20
