300 1500 465
11 21 39 35 32 39 40 15 29 36 34 39 17 17 13 20 29 26 31 36 20 37 35 14 11 18 29 28 31 35 38 17 11 24 22 31 12 36 13 31 40 32 27 24 38 20 39 29 21 18 40 37 33 34 40 40 29 38 31 38 30 25 26 26 18 36 13 18 19 25 19 25 16 34 22 17 34 21 25 13 33 26 27 33 23 30 26 28 23 37 31 25 37 16 16 35 21 37 28 11 32 12 22 12 36 31 30 26 28 35 31 36 35 18 24 24 27 13 33 14 27 23 20 34 31 21 22 14 37 37 14 26 14 37 20 24 17 11 36 21 13 32 27 32 27 31 32 17 28 35 33 11 18 32 34 21 11 30 38 22 36 24 16 28 21 21 19 38 40 22 39 30 36 17 26 31 29 19 22 14 17 34 37 26 13 36 39 21 22 18 33 13 24 23 17 34 18 16 24 19 20 39 34 29 30 31 36 24 19 26 19 29 18 22 27 34 34 32 28 13 12 14 40 12 20 19 34 30 26 37 35 25 12 35 30 18 15 36 37 31 12 37 29 21 25 32 11 32 31 13 30 40 27 32 31 28 15 11 35 18 21 32 25 20 17 31 20 40 28 30 15 12 34 25 36 36 24 16 35 34 21 26 39 25 31 34 34 39 14 24 20 19 31 16 14 20 24 21 13 17
1 11 29 25 22 29 30 5 19 26 24 29 7 7 3 10 19 16 21 26 10 27 25 4 1 8 19 18 21 25 28 7 1 14 12 21 2 26 3 21 30 22 17 14 28 10 29 19 11 8 30 27 23 24 30 30 19 28 21 28 20 15 16 16 8 26 3 8 9 15 9 15 6 24 12 7 24 11 15 3 23 16 17 23 13 20 16 18 13 27 21 15 27 6 6 25 11 27 18 1 22 2 12 2 26 21 20 16 18 25 21 26 25 8 14 14 17 3 23 4 17 13 10 24 21 11 12 4 27 27 4 16 4 27 10 14 7 1 26 11 3 22 17 22 17 21 22 7 18 25 23 1 8 22 24 11 1 20 28 12 26 14 6 18 11 11 9 28 30 12 29 20 26 7 16 21 19 9 12 4 7 24 27 16 3 26 29 11 12 8 23 3 14 13 7 24 8 6 14 9 10 29 24 19 20 21 26 14 9 16 9 19 8 12 17 24 24 22 18 3 2 4 30 2 10 9 24 20 16 27 25 15 2 25 20 8 5 26 27 21 2 27 19 11 15 22 1 22 21 3 20 30 17 22 21 18 5 1 25 8 11 22 15 10 7 21 10 30 18 20 5 2 24 15 26 26 14 6 25 24 11 16 29 15 21 24 24 29 4 14 10 9 21 6 4 10 14 11 3 7
1 24 2
242 225
1 12 5
190 116 25 126 281
1 17 4
152 52 185 32
1 12 5
73 117 155 81 283
1 21 3
104 116 72
1 11 6
161 144 153 17 238 132
1 13 5
187 172 117 234 169
1 12 5
86 263 210 95 139
1 36 2
245 55
1 23 3
226 209 274
1 29 2
247 82
1 15 5
260 251 284 238 26
1 16 4
16 153 202 33
1 17 3
23 247 266
1 20 3
250 63 171
1 22 2
213 121
1 14 5
109 137 230 220 256
1 24 2
252 155
1 10 6
248 219 266 117 187 47
1 12 5
124 176 45 198 155
1 13 5
227 48 46 164 117
1 12 6
167 284 182 53 136 269
1 20 2
87 117
1 11 6
229 42 268 265 108 288
1 14 5
294 101 251 135 272
1 12 6
240 117 146 55 280 235
1 22 3
148 103 55
1 13 5
173 127 293 279 278
1 18 3
293 161 39
1 39 2
287 50
1 16 4
288 76 256 60
1 12 6
258 88 25 201 253 86
1 11 6
265 239 243 75 37 280
1 11 6
151 286 270 156 221 129
1 10 6
163 77 188 242 200 284
1 16 4
14 299 222 228
1 9 6
162 79 132 168 257 223
1 15 5
275 159 5 114 32
1 25 3
274 52 287
1 9 6
203 87 249 256 288 56
1 25 3
267 151 128
1 14 5
283 136 124 133 95
1 16 3
284 277 196
1 14 5
201 42 10 0 143
1 24 3
53 202 201
1 38 2
6 92
1 16 3
139 252 20
1 10 6
296 230 67 209 246 71
1 12 6
52 296 193 44 148 21
1 15 4
69 173 91 158
1 17 4
275 262 83 108
1 13 5
173 255 45 232 158
1 18 3
12 167 249
1 12 5
293 35 27 204 289
1 11 4
31 176 246 299
1 14 5
84 264 55 216 249
1 21 3
63 71 186
1 14 5
136 210 37 128 21
1 17 4
172 218 78 247
1 11 6
173 127 4 58 44 114
1 22 2
45 231
1 17 3
164 243 239
1 11 4
294 207 36 297
1 13 5
155 31 60 101 51
1 29 2
292 27
1 18 2
15 277
1 18 4
2 191 203 206
1 32 2
254 215
1 18 3
258 117 200
1 18 4
208 248 104 59
1 11 6
138 254 239 86 199 264
1 12 6
141 292 118 167 65 97
1 33 2
109 18
1 15 4
192 260 185 252
1 10 6
43 87 176 17 262 284
1 31 2
52 269
1 12 5
193 27 220 188 217
1 18 3
297 109 36
1 15 5
37 168 29 170 65
1 17 4
28 238 183 174
1 14 5
291 92 226 134 111
1 12 5
195 106 155 271 131
1 21 3
273 149 203
1 14 5
168 203 152 285 110
1 30 2
183 272
1 15 4
133 192 290 207
1 13 5
19 190 212 193 208
1 11 6
270 196 125 203 161 170
1 12 6
113 134 40 104 180 87
1 10 6
38 173 292 121 253 187
1 20 3
87 245 283
1 22 3
35 233 122
1 15 5
185 98 82 287 198
1 8 5
210 15 298 243 113
1 11 6
236 257 227 289 5 12
1 18 3
297 83 235
1 11 6
161 29 237 234 77 26
1 35 2
282 143
1 16 5
40 155 54 79 199
1 26 3
24 168 59
1 12 6
268 258 88 250 44 63
1 29 2
16 56
1 23 2
35 93
1 11 4
157 13 220 298
1 11 5
82 69 269 78 84
1 12 5
145 58 118 130 96
1 23 2
131 295
1 16 2
166 23
1 27 2
95 210
1 12 6
282 291 164 220 118 65
1 30 2
274 207
1 12 6
249 256 278 102 170 71
1 14 3
31 187 125
1 13 5
181 230 145 288 176
1 11 6
126 167 69 102 189 60
1 15 4
189 4 0 292
1 39 2
40 170
1 13 5
47 187 222 184 264
1 10 6
60 231 271 296 226 273
1 16 3
174 159 213
1 16 4
90 29 85 81
1 21 2
121 134
1 19 2
191 61
1 14 5
257 274 290 133 97
1 19 3
235 209 175
1 21 2
94 281
1 24 3
238 51 215
1 11 6
79 27 149 121 146 73
1 30 2
260 168
1 30 2
56 284
1 16 3
296 197 276
1 14 5
28 22 31 234 59
1 38 2
54 111
1 16 4
140 55 169 262
1 19 3
205 131 102
1 29 2
123 296
1 13 5
293 28 60 215 203
1 28 2
165 9
1 11 6
178 259 1 117 274 234
1 23 3
76 233 194
1 25 3
54 149 24
1 11 6
161 124 199 32 109 107
1 21 2
82 197
1 14 4
209 179 187 227
1 14 5
41 214 228 123 282
1 17 4
92 250 83 26
1 11 5
48 121 138 290 210
1 13 6
247 197 251 168 271 260
1 9 6
68 191 271 239 103 114
1 10 6
94 155 50 165 48 293
1 20 3
296 213 172
1 25 3
99 40 230
1 24 3
272 271 167
1 12 6
26 60 92 65 116 274
1 18 3
94 273 85
1 15 4
21 63 180 93
1 25 2
281 207
1 13 6
92 28 170 229 55 109
1 23 3
118 73 29
1 20 3
221 164 170
1 20 3
296 199 111
1 18 2
295 93
1 13 5
19 43 190 205 271
1 23 3
223 149 9
1 14 4
231 18 290 135
1 13 5
259 199 182 292 197
1 21 3
73 8 31
1 33 2
234 172
1 28 2
189 59
1 17 4
232 100 274 90
1 13 4
31 198 60 64
1 19 3
139 162 229
1 15 3
224 221 209
1 10 5
205 298 25 162 280
1 14 4
226 249 188 210
1 12 5
174 189 148 73 211
1 15 3
136 8 156
1 17 4
23 56 229 285
1 11 6
268 10 153 132 175 73
1 13 4
107 221 197 144
1 22 3
110 163 89
1 23 3
287 34 4
1 15 5
237 299 9 267 205
1 13 6
20 232 46 40 106 5
1 13 3
36 147 193
1 14 4
101 189 58 131
1 17 4
83 194 241 240
1 14 5
22 29 172 144 281
1 14 4
64 11 173 257
1 11 5
31 120 157 47 163
1 13 5
188 227 207 138 131
1 19 4
104 17 51 251
1 9 6
188 152 159 24 212 133
1 11 6
187 14 145 65 24 56
1 35 2
153 44
1 12 6
283 265 216 196 267 66
1 11 6
182 115 190 213 263 42
1 13 5
107 255 79 130 50
1 18 4
167 188 129 248
1 14 5
22 165 193 116 44
1 12 5
121 21 84 13 63
1 21 2
155 126
1 26 2
161 98
1 18 3
56 256 231
1 12 5
70 110 145 142 64
1 17 4
154 119 8 53
1 23 2
79 216
1 21 2
148 288
1 12 6
202 5 133 158 60 109
1 14 4
174 171 131 235
1 34 2
229 39
1 13 5
261 125 258 18 271
1 10 6
239 298 216 110 246 277
1 19 3
56 157 107
1 18 4
229 33 111 74
1 17 4
242 168 32 62
1 27 2
180 89
1 18 4
250 97 224 128
1 16 4
211 14 230 197
1 14 4
159 36 9 74
1 12 5
269 45 254 141 14
1 17 3
283 134 82
1 20 2
161 93
1 22 3
105 261 65
1 11 6
29 64 52 155 259 199
1 15 4
58 273 178 284
1 18 4
92 212 37 175
1 17 4
243 71 157 44
1 13 5
273 23 251 20 98
1 17 4
281 15 267 56
1 11 4
288 178 101 273
1 25 2
190 31
1 10 6
93 127 64 70 209 182
1 11 5
253 147 78 266 32
1 11 5
75 291 119 250 268
1 17 4
181 18 129 142
1 12 6
241 109 31 32 146 72
1 32 2
60 95
1 14 5
3 35 13 186 224
1 15 5
102 197 287 237 163
1 17 4
174 69 129 254
1 11 6
95 76 3 139 246 106
1 15 3
132 190 127
1 14 5
241 122 37 94 245
1 13 6
168 187 31 63 186 297
1 22 2
146 14
1 31 2
19 81
1 23 3
83 44 194
1 13 5
106 95 136 41 119
1 14 5
129 64 160 28 73
1 24 2
172 223
1 17 4
162 257 3 233
1 15 4
19 271 213 107
1 13 5
202 196 233 4 247
1 11 6
175 64 189 68 198 186
1 15 3
192 121 277
1 11 6
215 149 126 111 242 144
1 13 5
284 70 108 216 269
1 30 2
261 203
1 37 2
182 57
1 11 4
263 134 120 25
1 9 5
114 270 101 159 232
1 13 5
175 118 42 112 34
1 17 4
263 28 129 71
1 16 4
126 237 39 36
1 15 5
11 186 141 258 114
1 9 4
256 179 156 169
1 31 2
230 27
1 17 4
279 111 277 175
1 25 3
163 109 40
1 12 6
216 59 15 261 172 41
1 11 6
166 211 158 134 200 257
1 23 2
188 207
1 12 6
299 259 61 190 155 267
1 12 5
200 44 228 257 78
1 23 2
228 165
1 18 4
53 7 80 50
1 31 2
39 141
1 20 3
148 197 217
1 12 6
212 297 219 129 289 172
1 14 4
63 280 61 39
1 31 2
255 95
1 18 4
59 28 19 18
1 15 4
286 268 252 81
1 15 4
9 194 263 231
1 10 6
80 232 245 242 20 134
1 23 3
116 89 53
1 15 2
232 166
1 17 4
203 245 205 275
1 17 4
63 170 248 271
1 13 5
296 105 56 215 17
1 17 4
239 227 264 251
1 14 5
88 95 242 9 92
1 23 2
165 183
1 28 2
228 60
1 13 3
162 173 135
1 11 5
33 90 210 277 288
1 12 6
0 146 201 192 60 233
1 11 6
166 34 24 153 278 86
1 18 3
105 213 91
1 23 3
298 282 105
1 11 4
36 223 217 101
1 16 4
233 214 74 250
1 24 2
103 274
1 21 2
147 231
1 12 6
290 218 198 291 206 37
1 30 2
124 211
1 12 5
231 282 212 114 220
1 23 3
238 52 224
1 13 4
131 117 252 243
1 24 2
101 241
1 16 4
37 110 58 88
1 24 2
188 209
1 12 5
8 208 60 189 73
1 11 5
210 64 29 223 45
1 11 6
166 251 32 96 157 290
1 19 4
238 135 267 290
1 19 2
1 259
1 15 4
38 259 153 265
1 19 3
47 204 130
1 11 6
236 212 24 109 99 285
1 26 2
147 274
1 18 3
58 101 91
1 23 3
247 167 147
1 17 3
125 98 207
1 11 6
110 277 3 256 172 236
1 13 5
109 136 58 221 219
1 24 3
286 102 170
1 11 6
150 133 141 221 156 293
1 7 6
131 260 155 263 48 75
1 24 2
107 169
1 20 3
69 93 185
1 15 5
241 28 186 17 43
1 10 5
199 283 192 151 120
1 14 4
208 148 263 58
1 18 3
165 39 193
1 10 6
56 217 47 240 235 289
1 17 4
58 44 199 24
1 22 3
241 136 284
1 14 5
222 248 293 53 42
1 14 5
10 86 286 59 233
1 13 5
26 85 100 43 10
1 10 6
71 235 134 51 98 68
1 8 6
108 25 290 140 102 67
1 13 5
108 135 27 70 201
1 12 6
51 249 196 204 107 149
1 15 3
141 294 119
1 26 2
140 251
1 26 2
112 173
1 14 3
257 199 121
1 12 5
288 80 14 152 255
1 13 5
113 281 231 234 104
1 12 5
179 20 126 182 82
1 11 5
290 127 244 195 193
1 19 3
84 205 218
1 15 5
229 128 86 11 200
1 16 4
121 189 42 241
1 17 4
237 141 285 123
1 11 6
35 177 41 66 204 230
1 10 6
194 184 91 287 224 34
1 11 5
141 70 297 17 0
1 16 4
236 29 31 211
1 21 2
152 283
1 12 6
125 88 274 183 122 97
1 21 3
71 170 107
1 12 5
51 132 36 296 256
1 35 2
22 149
1 9 6
63 244 296 162 284 165
1 19 3
57 99 177
1 23 2
214 177
1 20 3
61 212 237
1 11 6
146 194 0 154 216 200
1 26 2
72 185
1 25 3
57 44 24
1 14 4
166 139 182 236
1 10 6
162 145 265 262 159 1
1 17 3
236 289 8
1 26 2
175 178
1 27 2
163 252
1 18 4
123 97 68 109
1 16 3
31 127 145
1 35 2
287 146
1 11 6
267 256 39 116 199 72
1 12 3
64 20 191
1 17 4
95 217 181 160
1 12 6
114 282 216 178 102 148
1 23 3
54 115 284
1 13 5
124 234 132 156 275
1 13 5
117 162 10 258 70
1 16 4
274 211 189 106
1 12 5
261 220 204 120 180
1 27 2
13 89
1 12 5
104 296 214 82 113
1 12 6
37 3 170 80 202 155
1 14 4
42 268 249 27
1 15 3
115 246 188
1 36 2
186 150
1 10 4
1 122 293 166
1 12 4
155 268 49 64
1 12 5
163 225 295 209 275
1 18 3
85 61 273
1 18 3
93 35 88
1 20 3
84 208 201
1 12 6
158 216 275 59 30 183
1 11 6
110 270 237 156 249 77
1 12 5
0 191 80 144 90
1 16 2
199 219
1 11 5
199 74 165 265 198
1 14 5
65 113 25 30 72
1 13 5
62 90 148 10 115
1 12 5
235 207 162 66 186
1 30 2
182 115
1 15 5
91 54 210 104 22
1 12 5
271 292 199 63 58
1 16 4
194 23 237 28
1 13 5
260 14 58 257 22
1 31 2
51 273
1 28 2
34 195
1 13 5
53 95 231 45 236
1 25 3
128 186 289
1 14 5
112 296 288 185 169
1 12 5
155 16 114 153 218
1 22 3
128 106 155
1 12 6
23 185 153 40 194 253
1 15 5
220 258 178 27 50
1 10 6
68 287 184 70 94 174
1 9 6
153 139 169 240 197 96
1 21 3
115 290 55
1 13 5
39 91 204 89 32
1 13 6
40 86 81 191 95 54
1 16 2
102 257
1 12 6
245 74 251 292 102 274
1 15 4
91 167 135 71
1 18 4
68 241 3 204
1 11 5
77 257 13 202 166
1 14 4
177 178 215 159
1 16 4
191 270 287 87
1 17 4
145 97 270 49
1 15 3
32 41 23
1 25 2
140 97
1 10 5
58 36 221 79 295
1 19 2
96 173
1 13 6
177 186 261 30 204 168
1 14 4
142 148 66 218
1 23 3
80 104 32
1 16 2
32 155
1 14 4
231 0 245 140
1 11 6
203 7 239 62 130 133
1 23 3
262 233 286
1 30 2
260 50
1 18 4
36 155 230 21
1 20 3
203 254 16
1 19 2
69 79
1 16 3
71 77 69
1 14 5
71 158 23 173 230
1 11 5
255 48 142 250 270
1 14 5
141 37 223 91 241
1 10 6
296 163 244 115 162 285
1 11 5
39 164 198 199 93
1 13 5
164 79 195 254 174
1 17 4
109 123 68 124
1 14 4
77 140 273 83
1 11 3
147 140 72
1 14 4
43 283 35 218
1 14 5
30 291 26 87 237
1 24 2
239 196
1 11 5
91 208 35 93 42
1 11 6
177 256 202 128 281 163
1 10 6
8 106 230 184 189 270
1 16 2
125 156
1 15 5
170 71 128 54 165
1 17 3
269 34 45
1 9 5
189 266 13 81 79
1 19 3
173 55 79
1 14 4
126 211 82 155
1 14 4
152 209 38 292
1 12 5
192 44 223 240 107
1 26 2
13 19
1 23 3
113 118 51
1 11 6
195 28 68 161 221 97
1 12 6
208 292 286 107 158 87
1 13 5
163 15 96 200 222
1 11 5
194 20 13 189 57
1 12 6
21 228 255 215 92 224
1 15 4
8 193 143 91
1 11 5
13 87 135 70 268
1 22 3
241 124 71
1 11 6
167 198 208 35 247 82
1 29 2
258 161
1 14 5
149 264 216 241 202
1 11 5
93 77 243 157 116
1 9 6
82 255 293 132 86 169
1 25 2
273 17
1 13 6
230 160 9 251 174 30
1 25 3
92 57 259
1 19 4
42 142 57 287
1 34 2
222 8
1 15 5
209 168 283 64 21
1 24 2
246 129
1 25 2
156 287
1 13 6
47 228 40 293 68 55
1 33 2
251 120
1 8 3
23 137 156
1 9 6
132 207 34 10 231 193
1 13 4
153 45 165 295
1 11 6
273 95 272 257 136 31
1 17 4
298 257 22 3
1 11 6
51 265 68 64 58 31
1 15 5
276 181 230 62 168
1 12 6
35 135 138 5 183 250
1 30 2
56 145
1 8 6
156 197 210 239 15 23
1 11 5
45 288 70 61 100
1 18 3
121 142 56
1 12 6
136 260 75 45 215 5
1 11 4
25 297 115 159
1 9 4
188 256 191 223
1 12 6
162 294 5 58 161 37
1 12 2
130 24
1 18 3
158 72 189
1 12 5
222 102 276 75 88
1 32 2
245 4
1 15 4
81 277 181 244
1 22 3
21 234 208
1 34 2
203 282
1 18 4
100 218 251 228
1 12 6
24 47 287 70 212 258
1 23 2
76 219
1 14 3
196 115 101
1 23 3
225 59 239
1 16 3
227 166 197
1 13 5
4 32 269 113 76
1 28 2
92 210
1 12 5
106 159 191 126 245
1 17 2
161 246
1 20 3
155 40 31
1 14 4
162 144 36 153
1 20 2
162 135
1 17 4
290 251 177 265
1 13 4
256 240 226 297
1 10 6
209 49 206 70 178 33
1 22 3
248 185 96
1 22 3
120 23 55
1 14 4
32 275 219 169
1 14 5
233 138 76 142 147
1 20 2
121 31
1 14 5
277 37 238 193 146
1 22 3
97 1 205
1 10 6
121 91 244 137 104 84
1 12 5
288 291 299 85 279
1 14 5
8 3 115 80 149
1 11 6
109 91 18 254 219 74
1 12 6
168 176 163 195 102 71
1 25 3
11 51 78
1 18 4
258 5 252 289
1 11 6
16 98 265 279 178 80
1 21 3
241 15 163
1 19 2
298 262
1 24 2
213 107
1 11 6
5 14 105 70 146 94
1 11 6
70 235 91 150 233 249
1 9 6
81 107 35 200 166 68
1 25 2
68 35
1 24 2
36 37
1 21 3
230 99 47
1 33 2
279 150
1 16 3
221 193 62
1 11 6
185 234 248 110 166 218
1 21 2
131 293
1 11 5
288 105 246 86 280
1 11 6
193 254 41 112 104 203
1 15 5
216 30 17 53 201
1 19 2
107 140
1 10 6
124 145 197 289 256 202
1 17 4
149 29 169 164
1 24 3
142 111 97
1 25 3
129 167 173
1 12 5
198 273 171 297 53
1 16 3
298 199 254
1 27 2
171 161
1 9 6
192 12 163 281 196 161
1 21 3
215 106 209
1 22 3
19 141 242
1 18 3
189 212 158
1 30 2
2 260
1 18 3
165 280 52
1 17 3
223 289 242
1 16 2
298 122
1 12 3
197 270 188
1 21 3
214 93 104
1 17 3
243 117 254
1 14 5
230 30 13 188 260
1 12 6
155 21 67 97 19 140
1 11 6
80 38 51 286 242 94
1 16 4
152 218 280 158
1 9 5
210 142 188 223 12
1 23 2
142 177
1 15 3
228 48 137
1 21 3
258 211 187
1 17 4
41 51 283 85
1 12 6
73 193 71 21 216 258
1 11 2
0 151
1 22 3
146 253 275
1 25 3
5 158 140
1 35 2
109 9
1 18 2
169 130
1 19 2
207 270
1 16 3
45 91 244
1 10 6
207 148 108 141 197 283
1 15 4
144 79 118 178
1 35 2
274 195
1 15 2
208 32
1 20 3
155 2 127
1 9 5
294 1 102 296 235
1 38 2
251 274
1 18 4
40 3 271 193
1 12 6
114 46 24 237 125 120
1 21 3
181 211 132
1 19 3
102 155 230
1 12 5
198 283 199 163 112
1 11 6
233 292 249 43 215 290
1 12 5
100 56 121 145 67
1 14 5
197 203 71 4 222
1 11 6
164 237 69 110 102 91
1 13 5
211 221 37 77 212
1 9 6
208 119 47 107 290 221
1 10 6
268 33 81 263 280 112
1 12 4
105 208 184 298
1 16 2
260 271
1 14 5
75 135 216 116 237
1 22 3
198 52 109
1 18 4
291 198 170 215
1 14 5
0 111 254 215 240
1 17 4
174 110 50 204
1 16 4
137 173 5 71
1 31 2
65 116
1 16 3
283 288 207
1 15 5
55 114 153 220 182
1 14 5
152 283 55 150 140
1 16 4
122 137 241 250
1 14 5
2 245 85 205 70
1 32 2
86 44
1 15 4
244 3 223 101
1 23 3
253 27 128
1 21 3
185 74 214
1 19 2
125 299
1 22 3
130 2 26
1 15 4
163 76 224 116
1 19 3
151 123 207
1 12 5
120 254 196 35 277
1 18 2
210 136
1 14 5
59 73 134 48 84
1 14 3
249 47 14
1 14 5
37 169 270 90 160
1 26 2
134 83
1 12 6
197 158 114 89 121 159
1 5 6
94 264 66 24 136 147
1 32 2
51 108
1 12 5
147 139 87 16 217
1 12 5
94 265 213 262 284
1 10 6
72 265 101 91 14 286
1 12 6
9 74 29 254 229 28
1 12 4
107 32 147 178
1 12 5
205 183 171 266 271
1 16 4
241 290 144 192
1 19 3
296 143 228
1 9 6
173 131 122 183 297 242
1 10 5
117 249 191 47 96
1 16 3
196 36 18
1 21 3
43 203 226
1 16 2
45 117
1 11 6
52 126 87 191 61 76
1 10 5
64 116 161 13 68
1 14 5
97 19 264 140 63
1 21 3
296 152 50
1 21 3
110 254 146
1 15 5
282 112 293 242 160
1 15 4
48 74 228 89
1 22 3
206 72 18
1 20 3
100 269 266
1 12 5
261 155 87 78 156
1 17 4
90 253 47 51
1 11 6
211 23 171 239 24 222
1 12 6
62 228 171 287 152 133
1 16 4
196 172 15 284
1 13 5
233 15 165 123 297
1 24 2
131 74
1 16 4
246 91 155 222
1 18 4
67 222 270 143
1 29 2
55 166
1 13 5
249 181 265 233 102
1 16 3
39 49 14
1 19 4
237 117 18 267
1 12 3
240 293 165
1 11 5
103 280 237 113 197
1 12 6
105 272 44 147 57 151
1 14 4
286 161 32 187
1 11 6
96 4 32 109 226 98
1 20 3
205 292 299
1 12 6
232 215 160 279 96 46
1 18 2
184 115
1 13 4
191 33 147 98
1 27 2
154 243
1 16 4
28 90 190 85
1 21 3
234 68 195
1 14 2
75 257
1 12 6
111 5 120 52 155 288
1 12 6
181 227 46 82 79 178
1 16 3
184 125 218
1 10 6
295 292 254 25 208 199
1 10 6
80 297 194 293 245 139
1 10 6
147 9 232 132 165 17
1 15 4
163 143 192 228
1 13 4
237 177 236 173
1 22 3
124 238 165
1 12 6
260 46 229 156 53 218
1 12 6
174 92 37 214 78 170
1 10 6
43 48 121 246 110 195
1 32 2
4 118
1 13 5
261 76 283 96 231
1 35 2
157 40
1 13 5
3 177 265 34 175
1 19 3
33 53 20
1 11 6
64 17 296 81 145 30
1 16 4
115 98 212 5
1 22 3
142 186 259
1 24 2
15 56
1 22 2
77 43
1 18 3
77 45 80
1 14 5
76 172 47 154 22
1 26 2
141 263
1 13 5
3 152 134 242 279
1 17 4
178 141 275 246
1 11 6
176 251 294 106 179 270
1 15 5
37 8 173 168 133
1 20 3
78 273 182
1 18 3
296 250 63
1 7 6
196 180 223 252 14 277
1 13 5
176 109 81 285 187
1 23 3
0 282 248
1 22 3
297 170 56
1 27 2
90 121
1 18 4
13 182 65 189
1 11 5
47 232 136 81 262
1 11 6
270 10 233 49 292 286
1 16 2
232 243
1 10 6
186 7 291 135 294 223
1 21 3
155 227 285
1 21 3
207 170 84
1 11 6
122 70 96 111 105 90
1 11 6
185 144 184 85 56 244
1 17 4
168 232 157 165
1 11 5
232 48 279 78 121
1 16 3
58 259 127
1 12 6
181 295 137 206 111 39
1 25 3
54 237 236
1 17 2
7 122
1 24 2
113 28
1 17 3
249 141 122
1 21 2
13 231
1 8 5
259 266 36 280 68
1 11 5
110 147 45 252 84
1 20 3
263 218 195
1 33 2
106 133
1 17 4
19 159 195 257
1 15 4
37 249 86 131
1 31 2
92 61
1 22 3
41 181 106
1 18 4
185 295 235 2
1 13 5
80 180 279 66 298
1 11 6
173 88 31 171 230 190
1 18 4
253 24 54 191
1 25 3
182 90 201
1 14 5
286 55 228 83 103
1 21 3
273 276 282
1 16 3
252 178 72
1 35 2
160 216
1 10 4
20 137 164 151
1 11 6
180 141 128 296 161 77
1 16 4
298 189 275 85
1 11 6
281 63 161 225 105 230
1 19 3
226 121 213
1 14 5
272 88 153 66 275
1 13 5
147 26 242 251 126
1 12 6
295 118 294 30 237 62
1 12 6
109 50 136 224 137 53
1 17 3
225 291 202
1 25 2
117 241
1 21 3
299 17 241
1 24 2
261 94
1 20 2
16 137
1 24 3
165 202 267
1 10 5
156 36 25 90 224
1 25 2
159 218
1 14 5
54 53 8 169 17
1 18 2
231 257
1 27 2
255 42
1 12 5
196 176 41 296 245
1 13 5
68 279 35 211 269
1 17 4
75 19 249 22
1 13 6
30 229 262 178 168 89
1 25 2
191 57
1 15 5
279 133 95 106 2
1 8 6
12 236 223 13 4 77
1 13 4
227 121 235 283
1 27 2
111 152
1 26 2
144 244
1 16 4
4 208 115 29
1 20 2
47 103
1 11 6
212 15 298 153 205 129
1 13 5
285 294 270 149 290
1 22 3
30 85 94
1 20 3
149 142 132
1 24 2
202 7
1 10 6
194 175 261 63 16 217
1 28 2
10 102
1 24 3
275 236 21
1 15 5
89 167 124 97 263
1 17 2
1 179
1 19 3
213 3 266
1 10 6
38 115 283 157 45 95
1 12 6
92 7 30 129 254 170
1 10 6
80 157 93 255 261 125
1 17 4
133 87 195 299
1 20 3
235 105 90
1 12 6
37 265 65 244 252 103
1 18 3
9 199 25
1 11 6
247 90 46 20 207 295
1 12 4
188 249 283 273
1 12 4
180 94 48 106
1 11 6
142 106 226 204 141 123
1 12 6
167 205 141 85 258 4
1 22 3
98 38 5
1 10 4
96 75 125 210
1 12 6
13 225 61 112 2 12
1 11 6
106 155 275 284 47 56
1 23 3
118 57 283
1 22 3
242 206 157
1 18 3
221 83 165
1 12 5
39 146 235 143 261
1 15 5
297 30 229 13 263
1 16 4
52 93 103 217
1 26 2
276 27
1 18 2
66 84
1 13 2
298 66
1 21 3
293 97 142
1 13 3
7 107 240
1 21 2
156 253
1 17 3
84 269 0
1 13 4
139 193 39 207
1 28 2
105 61
1 10 6
199 161 25 125 8 274
1 14 5
100 11 178 136 83
1 25 2
288 275
1 12 6
179 131 11 184 276 182
1 13 6
276 55 103 90 54 231
1 20 3
247 8 164
1 14 4
270 139 30 15
1 23 3
59 192 265
1 14 4
271 289 285 235
1 20 3
28 114 110
1 11 4
99 152 98 101
1 11 6
173 25 195 254 52 53
1 23 3
230 154 261
1 25 2
129 179
1 15 4
213 215 280 108
1 20 3
250 259 248
1 21 2
34 122
1 24 3
154 282 277
1 12 6
168 216 23 19 26 145
1 32 2
282 107
1 13 5
176 78 53 188 41
1 11 6
33 131 91 206 96 41
1 13 5
116 292 3 79 60
1 18 3
31 58 115
1 8 6
161 70 137 116 270 298
1 13 4
33 169 38 35
1 16 4
229 294 88 250
1 14 5
219 2 141 245 151
1 32 2
231 2
1 30 2
238 207
1 22 3
118 69 258
1 14 4
151 74 220 230
1 26 2
112 212
1 19 3
103 254 252
1 14 2
151 180
1 12 6
182 78 115 149 42 53
1 20 2
252 132
1 14 5
194 90 100 57 214
1 16 4
297 269 286 224
1 13 5
194 175 191 111 247
1 11 6
113 92 26 77 35 116
1 24 2
162 118
1 17 4
41 9 115 84
1 11 6
204 283 161 44 67 191
1 36 2
111 21
1 16 4
83 120 218 18
1 11 6
197 61 293 51 177 52
1 20 3
78 203 145
1 11 6
123 154 114 274 157 244
1 12 6
182 17 160 120 87 231
1 17 4
176 170 211 236
1 14 4
289 70 71 90
1 18 4
193 50 202 137
1 12 6
65 5 1 216 130 199
1 10 6
174 33 102 21 293 294
1 16 4
76 28 183 31
1 5 5
0 288 14 99 179
1 16 4
272 265 7 102
1 15 5
259 203 2 287 56
1 25 3
267 109 161
1 16 4
39 223 3 74
1 30 2
133 121
1 14 5
258 196 53 293 201
1 35 2
51 73
1 18 3
234 161 207
1 16 4
252 57 299 187
1 13 5
25 47 86 75 104
1 15 5
288 269 290 30 222
1 10 6
115 114 18 295 191 39
1 11 6
123 150 10 219 42 146
1 16 4
34 22 101 205
1 12 6
113 103 159 202 55 225
1 12 6
136 167 142 94 274 120
1 11 6
150 104 76 254 31 119
1 14 5
273 48 153 282 26
1 10 6
260 184 227 15 154 244
1 9 5
25 163 101 7 246
1 20 3
266 102 40
1 12 6
125 109 244 128 67 164
1 15 5
261 0 38 97 57
1 19 4
187 113 129 222
1 20 2
290 122
1 24 3
141 71 50
1 15 4
292 244 165 145
1 14 4
257 164 230 290
1 16 3
260 14 16
1 9 6
156 162 99 36 55 130
1 12 6
54 174 231 100 74 266
1 19 2
259 295
1 11 6
193 43 237 295 90 122
1 20 2
33 31
1 15 4
148 217 87 212
1 13 5
187 143 233 215 10
1 10 6
202 98 191 262 87 130
1 15 4
173 231 4 110
1 18 4
57 118 37 174
1 24 2
274 14
1 13 5
233 245 181 90 192
1 13 4
280 41 117 298
1 12 6
138 27 150 17 276 241
1 13 6
5 88 267 222 285 173
1 9 6
256 61 173 219 118 70
1 14 5
208 9 238 269 241
1 14 5
232 219 167 19 8
1 23 2
226 140
1 15 4
38 110 227 211
1 16 3
191 99 37
1 10 6
261 256 146 187 205 211
1 30 2
123 107
1 17 3
102 175 288
1 14 5
230 243 5 221 262
1 23 3
190 101 128
1 15 5
192 233 114 201 30
1 21 3
26 61 10
1 11 6
95 208 226 82 188 78
1 25 2
116 121
1 12 6
65 31 51 181 278 244
1 19 4
239 222 275 286
1 16 4
179 124 112 31
1 12 5
234 124 155 159 227
1 18 4
97 191 21 30
1 25 3
40 69 229
1 14 5
130 287 98 204 254
1 12 6
197 141 161 29 167 177
1 11 6
182 273 124 41 123 26
1 12 4
259 114 191 120
1 16 4
238 227 240 25
1 19 4
8 40 138 84
1 14 5
94 71 141 290 50
1 15 5
2 229 282 112 151
1 15 2
140 194
1 13 5
127 268 198 201 91
1 14 4
21 260 45 297
1 34 2
41 229
1 14 5
177 264 134 286 237
1 19 3
244 93 118
1 23 3
44 31 4
1 21 2
90 137
1 26 2
60 193
1 22 3
212 214 267
1 20 3
178 14 267
1 16 4
276 195 265 83
1 28 2
234 17
1 12 6
88 25 126 45 50 278
1 22 2
61 20
1 19 4
102 186 51 281
1 25 3
74 50 182
1 10 6
101 148 200 120 179 53
1 13 4
214 155 137 107
1 16 4
74 265 221 123
1 16 4
193 47 216 35
1 24 2
18 152
1 15 3
62 77 263
1 24 2
92 101
1 18 3
6 130 79
1 19 2
262 221
1 11 6
182 290 162 122 279 142
1 10 6
173 237 152 196 108 298
1 15 5
220 27 38 133 30
1 17 4
245 160 212 194
1 15 4
103 204 205 85
1 27 2
255 281
1 12 6
38 89 252 255 54 105
1 11 6
46 146 15 85 114 155
1 18 4
136 250 57 3
1 12 4
78 25 62 293
1 20 2
72 69
1 28 2
187 258
1 16 3
1 8 15
1 11 6
179 187 29 126 208 4
1 12 5
118 119 179 252 23
1 14 4
37 68 177 88
1 14 5
282 91 250 100 255
1 11 4
259 42 93 295
1 13 3
213 70 113
1 11 6
52 190 174 262 106 271
1 17 4
227 215 230 45
1 11 6
124 19 217 77 266 3
1 18 2
266 162
1 13 3
212 147 169
1 14 5
267 284 72 212 118
1 15 5
71 237 246 147 222
1 18 4
59 224 206 202
1 37 2
287 95
1 35 2
128 190
1 15 5
48 133 101 59 224
1 16 4
62 0 163 275
1 12 6
206 199 34 287 253 94
1 30 2
159 158
1 11 6
90 244 102 5 163 169
1 15 4
258 289 1 244
1 13 3
178 0 147
1 33 2
202 141
1 11 5
276 189 299 88 247
1 15 5
48 45 288 30 182
1 11 5
244 179 286 225 121
1 26 3
9 2 222
1 23 3
244 238 286
1 18 4
56 133 258 225
1 16 3
227 224 38
1 12 5
145 199 126 224 41
1 10 6
76 152 99 120 142 106
1 15 5
231 117 282 183 21
1 12 6
101 166 167 297 49 57
1 11 6
175 125 227 92 247 244
1 14 4
200 219 152 128
1 12 6
119 46 272 108 205 286
1 12 6
204 22 261 222 203 182
1 15 4
78 158 136 213
1 17 4
138 126 281 245
1 23 3
92 217 270
1 18 4
11 274 257 107
1 38 2
37 54
1 24 2
100 31
1 33 2
258 145
1 16 4
225 289 121 50
1 13 5
121 29 36 24 85
1 19 4
133 251 217 192
1 17 4
279 184 29 156
1 18 4
65 232 80 170
1 29 2
161 272
1 9 5
243 266 235 67 135
1 12 5
234 191 190 209 49
1 9 6
7 299 176 219 260 244
1 17 3
126 119 28
1 19 3
171 137 218
1 17 4
177 261 59 47
1 21 3
115 17 182
1 14 5
254 221 132 55 118
1 23 3
94 118 182
1 30 2
121 133
1 14 5
57 47 63 245 149
1 11 6
57 280 199 212 197 203
1 25 3
201 104 32
1 16 3
289 69 20
1 29 2
152 222
1 9 6
240 85 68 72 289 213
1 8 5
113 200 127 33 122
1 17 3
263 146 270
1 12 6
104 120 215 253 157 170
1 23 3
262 54 35
1 11 6
53 184 146 299 31 200
1 23 2
107 15
1 11 6
141 215 8 173 165 256
1 21 3
29 165 16
1 11 5
214 27 224 115 32
1 13 3
67 178 94
1 17 3
269 45 280
1 20 3
215 183 140
1 11 6
278 294 63 119 254 13
1 32 2
211 95
1 15 5
267 258 119 163 20
1 11 6
150 285 69 139 60 21
1 33 2
229 26
1 9 6
242 244 220 240 66 8
1 12 4
211 159 136 101
1 31 2
69 89
1 22 2
67 131
1 17 3
165 224 261
1 17 4
90 97 181 106
1 13 2
93 246
1 11 6
286 157 205 113 19 42
1 16 4
174 64 249 59
1 22 3
203 5 98
1 17 3
34 244 87
1 14 4
283 270 94 146
1 12 6
89 199 67 230 249 21
1 16 5
6 40 52 178 298
1 14 4
194 169 92 189
1 18 4
168 193 204 261
1 8 6
48 164 85 270 219 155
1 19 3
267 49 36
1 21 3
269 52 74
1 11 5
162 202 271 221 135
1 17 4
292 46 120 98
1 22 3
150 146 285
1 27 2
216 280
1 38 2
55 111
1 11 6
260 250 9 261 80 156
1 15 5
171 186 278 181 21
1 14 5
239 257 168 72 94
1 25 2
247 208
1 12 6
52 4 123 73 168 187
1 11 6
28 98 258 202 156 216
1 12 6
125 251 19 262 69 116
1 29 2
19 169
1 11 6
194 80 230 236 24 211
1 11 5
249 3 164 130 126
1 20 2
169 67
1 13 5
257 200 252 30 85
1 12 3
147 208 24
1 9 6
293 116 152 16 262 84
1 10 6
1 82 228 78 279 262
1 23 3
153 158 243
1 34 2
217 97
1 13 4
295 4 88 84
1 15 3
270 93 242
1 14 3
114 67 25
1 19 4
134 243 59 40
1 17 4
173 198 154 279
1 29 2
296 181
1 23 3
8 86 222
1 26 2
124 139
1 26 3
222 88 201
1 21 3
18 190 144
1 31 2
35 39
1 18 3
226 139 208
1 10 6
259 119 271 28 155 157
1 12 6
19 42 111 17 140 56
1 21 3
2 281 257
1 24 3
247 54 0
1 6 6
270 257 114 156 130 140
1 26 2
31 37
1 14 5
71 106 129 202 154
1 24 3
250 53 2
1 24 2
210 56
1 21 3
73 58 180
1 19 4
201 18 128 241
1 21 2
228 180
1 10 5
232 64 98 48 231
1 13 4
249 117 172 208
1 16 3
164 169 63
1 12 6
141 44 110 133 128 172
1 24 2
299 100
1 18 3
205 24 296
1 13 5
153 188 110 80 88
1 35 2
55 284
1 11 5
20 275 72 67 125
1 12 6
50 145 296 298 21 225
1 22 3
58 246 109
1 25 2
90 290
1 11 5
250 47 166 34 144
1 13 5
69 266 65 219 4
1 14 5
257 206 89 35 97
1 26 2
136 29
1 12 6
190 198 148 2 164 14
1 21 3
255 280 230
1 22 3
92 20 85
1 13 5
61 221 101 215 41
1 33 2
141 202
1 36 2
185 274
1 17 4
83 87 238 181
1 17 3
241 99 277
1 26 3
11 65 282
1 13 5
253 188 116 266 154
1 17 4
155 248 132 129
1 10 6
218 51 68 210 231 136
1 20 2
75 88
1 27 2
22 45
1 12 6
55 7 215 179 42 36
1 11 5
256 177 95 34 277
1 12 6
137 150 11 189 98 58
1 17 4
193 17 150 95
1 34 2
26 5
1 27 2
263 22
1 22 3
287 94 144
1 18 3
42 8 94
1 13 5
235 158 171 122 45
1 14 5
93 53 274 59 223
1 12 6
237 137 275 280 12 79
1 10 6
232 25 239 176 26 299
1 19 4
204 11 161 40
1 12 6
275 4 212 167 227 142
1 17 4
37 261 296 264
1 9 6
197 16 173 200 32 157
1 10 4
196 249 184 126
1 13 5
150 179 196 68 202
1 19 3
79 86 39
1 15 5
168 193 185 73 281
1 11 5
82 26 56 157 14
1 19 4
12 262 170 89
1 27 2
77 80
1 11 5
256 71 264 101 205
1 26 3
55 167 20
1 22 3
278 268 58
1 10 6
234 273 297 84 194 110
1 22 3
39 17 241
1 17 4
59 85 173 136
1 27 2
98 281
1 16 4
290 30 184 242
1 14 4
209 164 204 184
1 27 2
282 293
1 30 2
56 248
1 12 5
120 27 239 153 67
1 20 2
268 240
1 34 2
216 215
1 11 6
181 258 38 199 188 163
1 12 4
122 142 199 159
1 10 5
232 63 78 200 219
1 20 2
98 240
1 21 3
279 269 200
1 18 4
9 268 172 137
1 14 4
280 37 184 68
1 12 6
83 298 172 206 259 211
1 19 3
160 130 213
1 19 4
269 158 181 222
1 17 4
108 129 52 244
1 27 2
176 86
1 18 2
165 293
1 19 4
187 114 186 167
1 19 3
76 78 280
1 17 4
282 156 60 264
1 14 5
282 249 32 135 52
1 15 5
271 160 288 2 106
1 14 5
140 34 118 222 176
1 12 6
286 221 255 57 214 15
1 13 5
53 153 291 33 124
1 10 6
221 42 275 136 164 148
1 12 6
234 276 2 120 164 272
1 28 2
44 67
1 12 6
287 181 20 57 226 259
1 13 5
150 45 141 206 281
1 21 3
86 70 287
1 14 5
24 246 92 182 262
1 12 6
250 9 24 275 240 163
1 23 2
224 120
1 14 3
196 294 63
1 10 6
42 125 166 151 160 1
1 13 2
179 219
1 13 3
288 86 0
1 33 2
133 47
1 23 2
174 139
1 16 3
99 3 298
1 14 5
257 167 166 245 90
1 27 2
8 71
1 14 5
109 297 227 46 98
1 20 3
98 100 45
1 10 6
81 185 276 249 203 101
1 13 5
94 254 60 229 280
1 17 3
17 142 117
1 35 2
292 282
1 11 5
120 116 47 66 203
1 10 5
121 25 98 72 249
1 10 6
145 69 32 42 289 106
1 12 5
117 68 174 52 18
1 14 5
222 76 58 68 166
1 27 2
35 207
1 12 5
18 248 148 42 67
1 13 5
132 50 169 101 16
1 32 2
91 201
1 10 6
67 163 150 105 244 41
1 22 2
115 139
1 26 2
272 259
1 11 6
197 248 290 133 126 163
1 10 5
116 200 101 209 273
1 10 6
139 243 94 76 295 175
1 18 3
263 207 28
1 18 2
68 152
1 11 3
270 189 136
1 11 5
254 220 91 252 180
1 11 5
235 208 79 131 146
1 18 4
148 129 19 156
1 11 4
268 127 166 25
1 35 2
95 258
1 23 3
275 179 76
1 15 4
239 166 277 253
1 20 4
50 40 66 175
1 30 2
112 107
1 11 6
63 86 4 108 275 217
1 13 4
105 31 151 188
1 19 3
184 124 27
1 13 5
56 187 81 53 239
1 31 2
28 35
1 14 5
28 175 112 150 59
1 21 3
32 186 207
1 15 5
6 206 185 58 9
1 14 4
278 289 169 199
1 13 3
232 184 42
1 19 2
262 179
1 13 6
206 79 152 44 218 251
1 9 5
162 298 224 91 225
1 8 5
298 20 161 103 179
1 22 3
274 61 124
1 18 3
80 277 178
1 12 5
62 114 218 80 102
1 19 2
173 178
1 17 3
140 10 225
1 19 3
180 114 226
1 19 2
77 147
1 13 5
7 218 83 143 72
1 12 6
278 98 272 127 115 238
1 15 4
262 131 295 238
1 14 4
161 265 74 91
1 14 5
199 9 149 240 89
1 11 6
144 106 236 198 133 221
1 17 4
16 92 261 284
1 22 2
174 291
1 17 3
256 196 123
1 11 6
174 194 113 157 238 296
1 17 4
234 242 210 158
1 24 3
241 101 149
1 10 6
93 26 82 146 192 239
1 24 3
118 267 205
1 12 6
118 170 191 229 60 240
1 14 5
94 155 83 150 129
1 18 4
274 202 182 80
1 9 6
144 264 165 173 67 175
1 18 2
0 107
1 11 4
264 93 114 263
1 24 3
22 122 92
1 11 6
225 148 275 298 253 62
1 12 6
69 255 163 233 17 5
1 35 2
92 285
1 20 2
298 120
1 12 5
79 295 58 102 16
1 25 2
66 182
1 25 2
282 137
1 13 5
202 14 22 247 0
1 14 5
133 80 131 280 261
1 11 6
73 143 113 165 205 274
1 13 4
31 100 79 126
1 31 2
234 100
1 30 2
135 129
1 11 5
107 288 137 197 90
1 14 5
51 19 45 172 99
1 12 5
231 58 211 252 296
1 15 5
200 242 62 251 238
1 33 2
171 182
1 21 2
254 32
1 14 5
30 69 37 156 271
1 12 5
269 53 72 99 290
1 17 4
233 296 199 83
1 10 6
81 31 27 82 53 288
1 23 3
272 176 51
1 16 4
114 138 87 294
1 14 4
185 136 240 15
1 19 3
187 108 28
1 27 2
120 163
1 11 6
226 210 230 216 173 116
1 13 5
52 165 120 269 217
1 23 2
202 101
1 23 2
192 126
1 12 6
5 173 187 146 104 77
1 16 4
87 126 152 59
1 12 6
154 94 151 201 262 244
1 15 5
47 89 227 30 180
1 18 4
124 118 232 168
1 15 5
11 79 42 166 104
1 13 4
137 161 225 145
1 14 4
67 178 99 37
1 16 3
14 229 220
1 28 2
39 262
1 20 3
100 269 132
1 17 4
261 89 228 134
1 11 6
299 116 162 251 289 269
1 14 5
87 160 181 268 167
1 24 3
160 44 250
1 33 2
185 284
1 14 5
298 256 282 161 22
1 18 4
142 279 8 167
1 35 2
171 267
1 23 3
172 279 93
1 17 4
109 183 185 180
1 17 4
212 204 274 4
1 13 5
281 164 95 39 114
1 13 5
268 76 56 123 137
1 11 6
225 298 287 265 242 107
1 13 5
37 26 225 102 126
1 27 2
115 35
1 12 6
37 64 12 120 19 110
1 10 5
116 298 288 207 61
1 25 2
261 225
1 13 6
55 100 266 181 104 186
1 15 4
148 69 149 31
1 18 3
238 132 12
1 14 4
155 116 72 47
1 33 2
18 95
1 19 4
54 30 85 118
1 14 5
282 278 169 249 103
1 24 3
238 172 217
1 14 5
76 12 138 212 244
1 9 6
144 164 1 121 146 127
1 26 2
292 48
1 15 2
295 0
1 14 5
255 226 154 173 170
1 12 5
203 20 281 147 175
1 31 2
261 18
1 14 4
64 177 4 273
1 12 6
164 140 84 240 237 2
1 12 6
77 280 50 20 250 195
1 16 4
89 218 56 165
1 27 2
264 57
1 13 5
66 298 83 146 288
1 16 3
151 246 44
1 11 5
41 156 62 93 288
1 34 2
202 181
1 11 6
30 294 176 24 249 299
1 15 5
78 59 117 65 44
1 14 4
74 209 204 120
1 17 4
37 22 181 36
1 17 4
200 168 290 124
1 22 3
71 233 265
1 30 2
276 37
1 25 3
45 168 92
1 13 2
236 137
1 11 6
225 238 217 7 262 1
1 14 4
174 17 49 269
1 20 2
243 177
1 21 3
143 145 127
1 15 4
211 67 221 100
1 9 5
136 161 122 13 126
1 30 2
105 234
1 13 4
125 249 203 192
1 11 4
177 189 281 14
1 23 3
233 156 104
1 23 2
32 230
1 19 4
150 54 87 201
1 13 3
1 24 64
1 14 5
275 137 173 16 73
1 12 6
36 256 149 62 94 168
1 14 5
177 247 272 160 139
1 13 5
118 111 69 1 103
1 11 3
294 7 295
1 19 3
62 293 190
1 7 6
99 162 114 210 293 147
1 15 4
84 293 145 85
1 11 6
202 53 221 220 56 19
1 12 3
243 7 103
1 35 2
2 253
1 19 3
84 120 110
1 14 4
159 103 285 156
1 31 2
250 153
1 14 5
287 7 41 147 256
1 20 3
138 299 198
1 14 5
90 105 0 129 160
1 36 2
272 282
1 14 3
84 79 165
1 27 2
13 44
1 11 6
224 83 195 291 248 262
1 18 3
183 204 209
1 19 3
138 77 193
1 15 4
191 212 133 183
1 19 2
191 273
1 10 6
15 183 8 204 31 112
1 14 5
9 95 61 109 27
1 20 2
213 64
1 17 3
7 276 8
1 11 6
172 126 246 137 226 216
1 18 3
0 204 115
1 17 3
63 137 228
1 15 5
55 187 237 273 152
1 27 2
154 165
1 35 2
39 267
1 12 6
169 238 139 146 248 129
1 14 5
114 126 174 279 37
1 13 5
272 119 292 132 84
1 14 5
41 298 157 5 95
1 13 4
159 261 240 79
1 35 2
89 285
k 20
