300 1500 465
11 22 14 33 32 30 32 40 25 37 27 20 28 23 28 39 26 24 24 11 18 31 31 30 18 27 36 21 23 21 39 17 11 18 16 33 18 14 11 19 14 28 32 22 23 16 11 27 29 25 25 16 33 20 35 20 39 23 28 20 11 12 25 24 29 14 27 20 38 25 22 21 40 18 11 37 28 24 22 12 32 35 25 33 21 24 21 13 21 19 14 36 31 34 19 11 29 27 24 31 19 15 23 35 29 23 27 27 34 30 17 15 25 39 31 16 12 12 39 12 30 38 31 21 40 39 34 22 39 29 21 13 24 11 22 33 16 11 25 26 12 19 22 34 26 27 11 14 21 23 21 18 30 14 32 14 25 13 33 22 14 28 31 22 35 21 20 18 27 24 40 31 13 11 16 19 26 34 38 30 36 40 28 15 28 14 36 18 38 19 18 35 31 15 23 16 20 22 12 38 22 29 17 13 26 40 23 17 38 11 29 27 38 23 28 13 25 38 13 23 15 15 25 40 22 38 18 37 36 32 24 12 23 34 28 39 24 19 23 25 29 27 30 33 12 27 38 25 29 18 32 13 38 24 29 27 23 12 36 19 36 35 11 19 24 25 22 11 24 13 19 30 21 20 19 26 17 35 21 17 40 37 22 23 24 35 23 26 24 11 22 27 16 27 29 32 17 34 11 16
1 12 4 23 22 20 22 30 15 27 17 10 18 13 18 29 16 14 14 1 8 21 21 20 8 17 26 11 13 11 29 7 1 8 6 23 8 4 1 9 4 18 22 12 13 6 1 17 19 15 15 6 23 10 25 10 29 13 18 10 1 2 15 14 19 4 17 10 28 15 12 11 30 8 1 27 18 14 12 2 22 25 15 23 11 14 11 3 11 9 4 26 21 24 9 1 19 17 14 21 9 5 13 25 19 13 17 17 24 20 7 5 15 29 21 6 2 2 29 2 20 28 21 11 30 29 24 12 29 19 11 3 14 1 12 23 6 1 15 16 2 9 12 24 16 17 1 4 11 13 11 8 20 4 22 4 15 3 23 12 4 18 21 12 25 11 10 8 17 14 30 21 3 1 6 9 16 24 28 20 26 30 18 5 18 4 26 8 28 9 8 25 21 5 13 6 10 12 2 28 12 19 7 3 16 30 13 7 28 1 19 17 28 13 18 3 15 28 3 13 5 5 15 30 12 28 8 27 26 22 14 2 13 24 18 29 14 9 13 15 19 17 20 23 2 17 28 15 19 8 22 3 28 14 19 17 13 2 26 9 26 25 1 9 14 15 12 1 14 3 9 20 11 10 9 16 7 25 11 7 30 27 12 13 14 25 13 16 14 1 12 17 6 17 19 22 7 24 1 6
1 18 5
101 120 249 36 221
1 17 6
52 121 280 196 171 83
1 15 2
199 270
1 16 2
298 218
1 15 5
97 64 37 80 107
1 9 2
281 84
1 12 2
86 244
1 10 4
282 100 294 7
1 8 6
104 235 112 149 261 5
1 3 2
147 23
1 17 4
222 240 156 34
1 9 6
180 284 134 79 89 271
1 4 6
22 294 132 34 18 31
1 5 3
19 140 74
1 15 2
211 180
1 19 3
287 101 50
1 8 2
32 143
1 10 4
257 227 241 178
1 18 2
68 294
1 13 2
166 231
1 8 5
60 269 54 99 213
1 2 2
263 225
1 7 4
267 38 21 55
1 16 2
164 136
1 11 5
20 217 159 171 255
1 20 6
213 271 41 290 60 157
1 14 2
208 72
1 11 6
148 273 196 18 33 160
1 18 5
46 24 281 129 114
1 7 3
101 161 135
1 7 5
12 164 254 95 58
1 15 3
109 237 87
1 11 3
148 228 46
1 19 2
138 167
1 17 4
130 124 92 97
1 3 3
12 35 295
1 20 5
38 120 41 9 110
1 2 4
102 148 226 90
1 3 3
189 233 270
1 11 2
253 68
1 16 2
292 267
1 12 5
257 85 31 101 230
1 12 3
63 219 27
1 19 4
203 149 74 66
1 8 4
187 216 191 1
1 4 4
170 128 202 122
1 13 4
251 156 227 30
1 15 6
144 210 170 0 298 190
1 8 3
86 212 48
1 3 6
282 158 125 67 274 45
1 12 5
186 248 232 155 8
1 5 5
259 219 96 70 55
1 17 3
262 71 176
1 8 5
192 116 252 137 84
1 8 6
245 52 217 216 42 3
1 3 4
95 270 200 249
1 14 4
59 189 4 191
1 19 4
293 213 132 82
1 16 6
37 216 53 137 91 281
1 6 3
65 93 5
1 18 3
163 188 97
1 6 5
215 131 157 198 193
1 2 4
180 62 59 296
1 15 2
147 244
1 5 6
54 294 167 211 240 64
1 15 4
136 157 256 116
1 4 3
218 170 97
1 2 3
247 185 205
1 13 3
279 178 187
1 4 5
123 10 210 244 114
1 4 3
55 162 204
1 13 6
271 273 0 177 7 59
1 10 4
203 192 237 143
1 18 2
163 0
1 1 3
208 62 70
1 13 3
249 141 90
1 15 2
295 248
1 2 3
279 69 198
1 1 5
2 41 191 287 195
1 13 6
20 195 297 281 79 64
1 14 5
114 41 298 296 10
1 17 4
85 225 166 202
1 10 5
14 83 148 295 284
1 19 2
143 69
1 19 6
106 243 91 129 102 63
1 6 6
55 252 188 49 265 196
1 5 6
106 66 242 8 161 71
1 11 3
269 101 168
1 20 2
289 124
1 14 3
273 169 180
1 11 3
66 256 51
1 9 2
119 77
1 17 5
142 210 131 4 155
1 8 5
170 136 155 214 119
1 20 3
136 272 44
1 16 2
292 81
1 10 2
283 120
1 12 4
175 199 257 58
1 19 4
164 131 141 291
1 14 3
44 199 155
1 8 3
172 133 36
1 12 4
217 234 253 175
1 18 4
246 273 75 70
1 20 3
147 41 4
1 10 4
91 27 140 280
1 3 4
66 212 260 93
1 17 4
109 21 253 4
1 19 3
213 171 173
1 1 3
44 207 27
1 15 6
109 252 96 134 183 238
1 15 3
88 282 9
1 15 4
226 188 128 209
1 15 4
18 39 25 16
1 16 2
184 278
1 19 5
286 180 150 252 22
1 2 4
164 177 129 75
1 11 6
230 281 241 128 231 149
1 14 2
93 106
1 18 5
259 150 34 14 66
1 9 6
86 238 117 215 41 223
1 3 4
227 267 45 80
1 14 3
91 33 89
1 3 5
282 123 109 32 295
1 16 2
181 5
1 17 5
92 166 37 15 1
1 19 3
268 79 125
1 19 2
29 113
1 4 3
44 299 92
1 7 5
154 59 299 26 207
1 13 5
174 45 253 271 78
1 1 4
4 10 205 253
1 12 4
16 248 226 52
1 13 6
57 157 35 218 125 132
1 7 5
283 257 280 272 1
1 2 2
160 69
1 7 6
106 108 27 259 132 43
1 13 3
182 174 209
1 11 6
157 102 0 43 8 52
1 7 3
181 297 10
1 8 2
133 98
1 16 5
228 162 297 111 151
1 5 2
172 239
1 3 2
290 79
1 14 4
20 245 16 64
1 20 2
26 123
1 1 4
94 74 217 230
1 6 3
44 134 129
1 13 5
126 46 15 16 26
1 10 4
288 52 210 249
1 16 4
240 95 103 219
1 18 6
40 64 122 139 90 208
1 6 3
292 53 294
1 19 6
224 192 34 70 122 255
1 2 5
182 200 252 78 51
1 19 3
110 35 270
1 20 5
74 230 15 145 139
1 18 6
82 78 77 231 159 143
1 11 6
10 268 107 201 76 120
1 9 2
117 252
1 15 6
62 186 235 174 215 195
1 15 4
13 193 244 232
1 8 2
189 154
1 13 2
105 49
1 7 4
76 136 238 187
1 1 4
276 80 253 53
1 4 5
236 193 76 13 272
1 16 4
2 114 113 140
1 17 5
45 233 62 187 55
1 6 3
265 51 170
1 6 6
9 280 287 222 24 70
1 1 3
209 106 291
1 11 3
213 27 253
1 5 4
77 179 218 249
1 19 4
75 145 189 91
1 9 4
42 70 269 80
1 17 4
143 216 34 7
1 15 6
92 156 194 14 26 37
1 18 4
274 122 297 120
1 13 5
11 50 63 48 86
1 19 5
192 29 258 248 53
1 12 2
36 143
1 10 6
71 233 275 148 143 8
1 18 6
189 17 257 265 212 56
1 15 2
35 179
1 3 3
129 241 74
1 3 2
201 182
1 8 3
108 224 158
1 16 4
217 247 189 141
1 3 6
66 236 199 56 27 203
1 14 2
98 50
1 11 3
23 93 39
1 11 5
121 80 295 53 55
1 18 3
277 56 60
1 10 4
207 154 17 289
1 14 3
21 237 78
1 9 5
182 138 86 146 95
1 7 6
107 255 121 43 182 41
1 17 4
265 170 116 17
1 1 3
125 6 252
1 2 4
55 256 83 116
1 9 5
219 276 135 290 62
1 6 5
137 195 199 41 264
1 2 3
83 139 84
1 20 2
159 201
1 18 6
204 62 167 248 293 18
1 3 2
143 230
1 13 4
201 58 6 101
1 7 2
116 286
1 2 6
148 230 224 129 85 208
1 17 3
88 168 211
1 11 3
188 216 122
1 19 4
2 280 170 155
1 5 3
6 255 259
1 11 5
85 28 49 178 262
1 19 6
143 25 107 115 218 252
1 14 4
40 298 131 50
1 4 6
230 177 268 250 285 1
1 4 2
221 15
1 14 5
157 82 22 128 293
1 15 4
260 26 237 91
1 1 3
193 218 212
1 14 5
128 18 276 15 206
1 11 6
5 174 129 278 44 17
1 4 3
261 36 243
1 17 4
23 238 200 222
1 13 4
31 9 256 53
1 18 3
195 261 116
1 7 6
58 210 98 160 91 116
1 18 3
162 248 224
1 1 5
207 32 150 52 294
1 7 4
194 46 240 180
1 17 2
88 159
1 10 3
46 62 293
1 7 2
273 72
1 7 6
148 13 177 180 91 32
1 7 6
279 109 162 148 55 182
1 14 5
213 24 143 228 48
1 7 2
269 252
1 17 4
50 291 236 268
1 8 5
129 233 150 279 135
1 20 3
93 235 133
1 4 3
157 182 50
1 8 6
221 70 57 143 171 102
1 16 2
96 199
1 6 4
143 272 213 299
1 6 2
160 172
1 8 5
71 125 275 273 145
1 11 4
59 196 85 176
1 18 4
57 47 193 104
1 5 6
209 99 157 202 30 255
1 8 6
0 155 33 133 4 254
1 7 5
296 80 38 124 156
1 18 3
150 94 35
1 17 4
227 183 157 8
1 5 3
15 115 95
1 17 2
281 53
1 18 6
48 234 51 115 109 245
1 6 5
271 71 150 272 69
1 2 2
14 123
1 6 2
273 66
1 16 6
285 240 140 283 154 260
1 4 4
226 242 292 285
1 12 3
287 98 187
1 8 3
19 171 181
1 9 6
141 248 271 220 108 214
1 16 4
124 211 145 215
1 19 3
48 14 270
1 16 6
264 153 205 67 217 22
1 18 4
219 63 296 92
1 3 5
261 171 53 282 152
1 13 5
272 296 273 135 75
1 9 2
84 292
1 15 6
257 217 148 129 22 84
1 7 6
278 43 178 166 232 194
1 11 2
3 249
1 4 3
151 2 227
1 12 3
19 149 227
1 15 5
222 280 90 269 205
1 18 2
24 186
1 7 5
125 220 29 108 120
1 2 2
123 265
1 5 3
241 190 0
1 7 6
167 196 47 108 75 162
1 19 4
212 12 18 275
1 9 3
176 268 64
1 1 3
60 219 36
1 7 4
68 167 218 290
1 4 2
67 92
1 10 2
149 134
1 10 4
210 16 142 162
1 2 4
88 119 21 68
1 13 3
238 90 187
1 7 5
100 137 293 131 269
1 18 5
121 200 104 262 223
1 6 2
219 3
1 18 3
107 8 55
1 2 3
108 209 81
1 8 4
197 28 225 54
1 1 2
248 142
1 20 6
233 290 83 212 229 297
1 13 6
293 256 25 143 29 242
1 17 2
221 231
1 8 2
242 88
1 4 5
130 272 258 159 201
1 7 5
165 126 179 253 232
1 16 3
7 193 180
1 20 3
247 95 15
1 10 2
141 245
1 3 6
93 40 20 169 47 107
1 5 6
113 28 293 138 132 56
1 12 6
53 162 245 1 246 186
1 18 6
120 10 291 60 64 96
1 17 5
253 263 287 181 22
1 19 5
212 122 67 133 217
1 4 5
66 179 99 130 120
1 4 2
17 178
1 17 2
49 37
1 3 6
272 193 230 244 135 38
1 9 5
21 265 239 5 28
1 1 5
43 108 6 44 258
1 14 5
275 63 79 224 125
1 18 2
128 53
1 14 3
167 170 153
1 5 3
252 135 19
1 20 4
296 36 48 54
1 8 2
266 116
1 19 2
89 65
1 12 3
178 25 10
1 8 3
234 9 92
1 11 2
183 212
1 14 6
202 230 52 277 229 225
1 2 3
66 147 7
1 3 4
90 121 67 264
1 16 4
162 272 251 73
1 8 2
150 81
1 5 4
119 77 219 249
1 4 4
158 225 44 32
1 10 2
197 237
1 6 4
58 179 104 131
1 15 5
250 76 254 82 230
1 15 4
230 277 16 59
1 13 5
121 245 171 17 68
1 3 3
211 154 243
1 7 4
290 79 128 207
1 14 2
138 167
1 1 4
98 119 113 129
1 10 3
275 119 153
1 17 5
132 281 115 288 91
1 16 2
52 153
1 14 3
242 280 57
1 10 6
141 11 79 51 133 225
1 10 2
257 186
1 10 3
198 163 134
1 17 6
221 252 235 212 296 124
1 8 6
15 269 285 236 244 275
1 4 6
241 261 240 43 232 138
1 6 6
134 107 216 189 259 193
1 9 3
105 9 89
1 20 2
133 147
1 17 3
174 42 2
1 13 5
167 79 178 81 282
1 14 3
83 81 104
1 1 3
82 281 240
1 11 4
86 236 165 243
1 18 3
71 90 124
1 1 2
204 11
1 19 6
124 27 145 127 150 179
1 11 3
185 179 136
1 20 5
225 274 98 129 275
1 14 6
240 163 139 14 155 70
1 20 3
17 169 129
1 1 6
7 33 145 43 114 288
1 4 2
206 159
1 15 2
199 108
1 5 4
261 168 124 233
1 13 2
157 0
1 16 2
245 289
1 8 5
22 165 92 286 38
1 10 3
279 51 182
1 5 6
2 95 238 92 109 227
1 3 6
279 34 91 122 82 106
1 6 3
53 3 4
1 1 6
49 101 52 285 248 7
1 11 6
7 39 20 171 157 104
1 10 4
99 50 214 206
1 14 5
161 280 63 272 165
1 10 3
41 105 170
1 16 4
24 165 182 127
1 18 6
91 123 41 275 106 132
1 11 6
101 80 20 50 293 195
1 13 4
130 48 217 105
1 8 3
35 223 249
1 9 2
185 199
1 11 4
187 162 285 77
1 6 5
179 59 191 69 33
1 6 5
222 171 201 130 80
1 8 6
56 9 221 234 281 109
1 2 6
275 185 188 273 107 249
1 15 3
257 14 182
1 14 4
270 294 154 221
1 5 2
12 109
1 9 2
144 47
1 1 5
249 169 165 28 69
1 7 2
291 169
1 17 2
52 70
1 19 5
42 6 221 206 181
1 8 6
25 295 192 58 100 6
1 15 5
72 255 282 48 204
1 11 2
213 161
1 19 5
225 2 146 188 99
1 4 2
0 89
1 16 2
195 281
1 5 4
232 38 145 287
1 11 2
74 162
1 12 6
37 31 38 276 212 144
1 17 6
96 143 84 250 162 109
1 13 2
69 154
1 5 4
110 54 29 289
1 19 4
64 144 115 96
1 7 5
78 79 257 104 53
1 8 5
23 272 33 294 74
1 14 4
100 180 269 4
1 5 2
78 287
1 15 2
51 205
1 18 2
259 136
1 2 4
12 270 37 43
1 2 3
129 188 128
1 18 4
213 240 129 255
1 17 4
19 29 168 276
1 4 6
91 61 168 81 286 209
1 15 2
299 245
1 12 4
21 198 166 172
1 19 5
290 141 53 260 212
1 12 6
88 265 216 75 26 6
1 20 5
50 224 156 29 190
1 10 2
167 78
1 6 4
43 18 16 20
1 20 5
266 261 74 218 193
1 16 6
183 234 181 72 75 187
1 8 4
153 25 133 77
1 13 2
61 64
1 4 2
250 172
1 10 6
69 182 41 239 251 257
1 4 3
108 165 117
1 2 2
280 21
1 7 3
191 38 197
1 11 2
155 244
1 3 5
160 146 255 155 97
1 6 5
20 270 150 135 264
1 12 3
140 112 245
1 2 6
271 4 225 20 124 287
1 4 5
181 150 38 238 185
1 17 5
49 87 281 179 27
1 16 5
164 28 100 183 67
1 12 4
142 261 87 286
1 2 2
29 70
1 4 6
65 255 27 101 113 3
1 14 6
24 97 277 263 131 201
1 19 6
79 214 92 158 149 56
1 11 4
49 291 183 258
1 7 3
284 230 134
1 10 3
167 79 22
1 18 6
52 200 141 65 265 13
1 7 5
34 78 144 61 118
1 19 5
90 163 177 188 58
1 13 5
95 144 2 232 216
1 15 6
145 247 90 99 27 224
1 15 3
252 210 177
1 12 2
240 256
1 13 5
255 137 136 201 139
1 3 4
7 246 284 263
1 12 4
134 179 221 125
1 12 3
295 249 116
1 14 5
189 158 153 113 157
1 6 2
269 113
1 12 4
260 48 25 192
1 5 5
168 121 110 69 250
1 17 2
259 97
1 12 6
210 218 37 61 238 275
1 12 3
123 212 166
1 5 5
213 100 168 203 262
1 20 4
15 227 12 9
1 18 5
9 175 27 11 285
1 1 6
85 211 216 218 154 168
1 18 5
211 69 206 235 230
1 6 4
237 121 60 127
1 2 5
136 246 245 257 253
1 14 6
259 47 22 44 0 16
1 17 6
208 163 274 193 169 70
1 4 6
25 122 27 220 270 34
1 2 3
202 230 130
1 19 4
63 4 26 2
1 2 4
41 216 53 256
1 8 5
198 200 6 131 289
1 16 5
12 93 263 194 254
1 12 5
5 237 48 102 295
1 12 6
161 286 129 246 296 265
1 8 4
250 287 114 136
1 10 4
112 238 246 202
1 19 4
232 24 283 7
1 5 5
57 131 209 180 34
1 3 5
51 153 63 160 133
1 11 6
268 213 52 253 151 239
1 11 3
34 70 151
1 3 5
140 36 114 233 202
1 10 4
197 203 186 1
1 17 5
63 9 69 241 67
1 1 5
212 257 249 156 133
1 8 4
107 7 258 267
1 1 4
233 98 225 85
1 16 6
281 262 206 55 264 180
1 6 6
126 221 28 90 73 82
1 3 5
139 260 105 219 280
1 2 5
273 266 30 80 236
1 17 2
292 222
1 17 4
77 272 0 193
1 10 4
21 106 278 41
1 11 3
128 41 85
1 12 2
17 239
1 20 5
139 243 187 239 207
1 11 4
97 291 242 121
1 16 5
278 120 208 156 297
1 9 6
7 5 245 76 221 71
1 13 4
231 36 227 122
1 9 4
200 31 118 72
1 8 2
202 21
1 15 3
1 173 151
1 18 3
116 120 164
1 15 4
254 122 224 243
1 2 4
94 44 238 10
1 16 4
204 248 60 53
1 13 3
211 256 51
1 4 6
277 188 162 195 56 213
1 10 6
210 192 205 0 28 175
1 3 2
97 85
1 2 5
141 273 41 254 218
1 7 5
160 148 225 88 197
1 7 3
49 152 270
1 8 5
117 208 26 181 120
1 9 4
255 245 102 60
1 10 2
242 30
1 5 3
133 85 50
1 4 4
236 235 259 67
1 14 3
225 269 243
1 14 6
22 277 144 190 215 86
1 8 4
60 84 54 136
1 7 6
188 277 2 44 186 13
1 10 6
226 257 219 155 109 54
1 15 5
249 60 175 32 15
1 5 5
8 285 118 235 33
1 12 5
110 74 172 220 148
1 8 3
130 72 58
1 20 2
257 191
1 8 2
44 107
1 13 3
294 97 223
1 14 6
187 142 150 288 111 100
1 7 4
240 237 54 249
1 17 6
85 132 205 165 17 212
1 13 6
200 217 41 78 103 138
1 14 5
62 227 136 29 84
1 14 5
203 36 64 135 146
1 14 6
276 208 187 272 123 89
1 18 3
203 255 214
1 1 6
132 195 138 291 67 183
1 12 5
206 113 233 201 51
1 6 3
38 260 218
1 15 3
261 284 163
1 16 4
263 65 124 30
1 19 4
59 282 295 135
1 6 5
271 37 114 250 90
1 19 3
167 150 190
1 13 4
178 189 137 136
1 11 3
23 245 211
1 9 5
116 80 108 135 168
1 5 2
16 266
1 18 6
154 123 236 132 241 218
1 2 4
212 253 147 122
1 17 2
166 282
1 2 4
74 268 168 190
1 7 4
76 275 285 252
1 1 4
291 114 85 238
1 6 4
94 42 227 255
1 10 3
77 94 180
1 2 5
8 198 280 118 42
1 6 6
297 129 12 51 22 8
1 18 6
246 201 1 206 220 157
1 12 2
290 179
1 15 2
113 114
1 14 6
259 68 8 45 258 67
1 9 6
154 247 294 20 273 67
1 4 3
55 142 40
1 14 3
15 236 170
1 6 5
56 192 21 262 69
1 12 2
260 97
1 2 2
274 98
1 8 4
259 274 23 60
1 1 5
268 166 43 280 167
1 3 4
136 122 83 39
1 11 6
90 64 296 5 209 210
1 14 6
11 219 273 79 145 168
1 7 2
149 224
1 15 3
181 108 235
1 14 2
291 133
1 20 2
179 95
1 18 6
94 80 47 147 253 254
1 13 3
193 101 237
1 10 6
266 95 159 283 210 247
1 7 6
114 281 125 290 121 264
1 5 3
85 172 256
1 7 5
129 298 112 62 133
1 6 4
270 135 293 23
1 17 2
123 89
1 11 4
232 97 76 241
1 12 5
23 187 137 123 12
1 20 6
119 100 101 81 261 191
1 14 4
73 289 114 52
1 2 5
212 158 132 193 264
1 17 3
6 129 43
1 9 5
102 32 89 69 175
1 11 4
133 136 177 45
1 15 2
205 268
1 19 4
76 146 135 289
1 1 6
22 129 278 29 70 100
1 6 4
198 68 122 231
1 19 5
177 205 178 36 134
1 9 5
188 65 238 192 168
1 6 4
148 78 252 80
1 11 2
162 153
1 18 6
241 234 242 195 149 114
1 2 5
262 242 147 275 45
1 5 2
194 109
1 2 6
101 109 50 229 167 27
1 10 2
158 184
1 1 5
159 167 193 243 113
1 2 3
57 35 249
1 3 5
272 138 228 90 198
1 8 6
88 271 17 129 297 52
1 10 6
125 260 193 130 10 134
1 8 2
158 249
1 7 6
242 163 256 259 42 105
1 18 2
186 249
1 18 4
89 207 146 227
1 6 4
38 270 248 135
1 13 2
215 242
1 18 2
64 112
1 2 6
29 46 95 4 133 180
1 19 5
103 139 3 206 279
1 2 5
78 174 107 146 265
1 1 3
180 285 241
1 16 6
227 46 79 159 88 239
1 6 2
166 88
1 7 6
180 191 57 199 280 162
1 7 5
166 91 255 64 40
1 19 2
98 143
1 4 5
14 239 62 70 186
1 17 3
85 50 192
1 20 6
79 61 180 268 174 225
1 5 4
131 208 248 211
1 14 6
243 27 53 298 182 54
1 4 6
55 151 216 180 275 205
1 15 4
189 221 244 5
1 8 4
276 56 290 196
1 10 6
102 166 120 63 205 235
1 5 4
239 121 281 55
1 3 6
280 49 57 267 277 171
1 19 4
18 272 130 92
1 5 4
151 246 225 146
1 17 5
64 158 5 190 44
1 2 6
4 157 224 191 172 94
1 16 3
72 5 249
1 16 3
35 158 191
1 19 2
18 23
1 11 4
43 276 135 140
1 11 4
233 171 155 102
1 15 5
151 52 65 143 214
1 13 2
101 49
1 16 4
231 262 299 56
1 16 4
234 277 161 270
1 13 3
282 238 4
1 1 2
245 132
1 14 6
207 133 16 237 12 213
1 16 3
143 78 178
1 4 6
92 23 244 7 251 26
1 20 3
57 87 77
1 15 5
122 270 291 137 106
1 8 3
133 228 73
1 13 5
131 298 257 11 252
1 20 3
217 121 202
1 14 3
126 18 276
1 16 3
237 91 259
1 3 2
272 96
1 16 5
138 83 253 264 88
1 2 6
231 10 75 116 216 242
1 11 3
41 298 292
1 15 3
82 63 26
1 6 2
106 43
1 19 6
113 63 289 7 274 234
1 14 6
135 166 146 268 82 254
1 14 6
97 50 15 89 201 101
1 8 6
272 297 18 55 90 131
1 14 5
193 114 50 111 258
1 5 3
130 70 97
1 6 5
273 106 162 0 173
1 14 5
50 52 191 204 248
1 6 4
21 80 17 147
1 2 6
243 237 35 217 196 194
1 4 4
2 122 82 227
1 2 3
125 288 106
1 14 6
0 121 76 275 64 160
1 9 3
8 145 251
1 4 6
14 150 13 228 71 72
1 16 6
159 207 23 285 177 151
1 15 6
109 240 3 91 151 44
1 3 2
211 180
1 1 4
111 49 288 171
1 15 2
161 235
1 4 2
32 297
1 7 2
150 298
1 8 6
183 22 156 69 97 29
1 11 3
142 0 85
1 14 3
265 164 8
1 18 3
142 252 4
1 9 4
251 84 64 246
1 9 2
72 69
1 17 3
243 165 29
1 12 5
41 42 85 299 49
1 19 5
162 92 35 216 194
1 10 6
19 235 270 268 140 88
1 12 3
285 279 86
1 4 5
190 294 279 22 108
1 2 3
278 169 129
1 17 3
18 189 77
1 2 3
188 68 76
1 20 5
134 215 289 169 175
1 4 2
287 144
1 15 3
281 258 235
1 15 2
286 259
1 2 4
230 204 201 133
1 19 4
201 277 95 114
1 13 6
182 161 257 234 116 226
1 6 2
276 27
1 20 3
12 49 204
1 8 6
249 92 208 233 183 19
1 4 4
127 192 13 168
1 19 3
176 156 103
1 7 6
15 274 188 52 25 275
1 11 5
3 58 158 196 31
1 9 3
160 284 139
1 3 4
236 16 79 87
1 13 5
215 23 225 177 176
1 10 5
88 142 20 44 138
1 15 4
297 198 114 65
1 2 5
36 233 153 206 67
1 18 3
112 38 123
1 17 3
195 69 16
1 5 2
155 93
1 8 4
121 286 113 221
1 17 2
267 6
1 7 6
194 161 67 31 287 207
1 6 5
280 95 293 108 199
1 19 5
232 159 258 59 17
1 8 3
117 10 223
1 6 4
29 284 299 122
1 4 2
245 262
1 6 6
178 53 34 196 218 146
1 1 2
39 104
1 4 5
171 158 153 170 248
1 14 2
193 12
1 11 5
238 135 19 197 59
1 18 4
246 60 276 43
1 14 5
291 177 56 109 298
1 10 6
192 237 78 6 63 261
1 1 3
262 23 140
1 12 2
237 150
1 7 4
92 152 250 89
1 2 3
144 232 99
1 12 3
6 297 241
1 2 2
32 115
1 7 6
83 137 157 73 268 111
1 1 6
299 147 228 171 81 145
1 15 2
137 298
1 6 3
41 61 27
1 7 3
231 116 16
1 17 3
257 189 0
1 1 4
43 165 106 31
1 13 6
281 267 8 124 59 128
1 16 4
153 48 31 222
1 2 4
266 174 259 167
1 18 4
259 262 273 80
1 1 2
209 17
1 8 3
286 6 102
1 3 2
207 280
1 17 4
127 194 76 224
1 10 4
139 237 120 54
1 8 5
230 127 203 90 36
1 9 5
188 229 9 77 283
1 2 6
297 210 11 87 78 30
1 15 5
6 56 235 295 219
1 6 5
235 139 287 118 262
1 9 2
107 193
1 5 5
244 238 50 61 128
1 1 6
149 226 88 54 214 43
1 18 5
56 204 270 201 259
1 14 3
222 146 70
1 19 5
258 115 246 199 53
1 8 5
233 104 278 26 239
1 1 5
43 12 215 107 60
1 9 5
119 295 248 62 261
1 10 2
277 188
1 1 4
119 151 147 127
1 2 2
211 249
1 18 4
94 155 149 291
1 10 3
299 8 242
1 12 4
85 277 10 294
1 15 3
2 80 36
1 1 5
97 11 266 234 270
1 14 3
298 91 192
1 20 6
270 181 224 150 67 87
1 13 3
81 23 18
1 18 5
237 296 276 63 76
1 19 3
242 66 151
1 10 4
98 58 147 175
1 9 2
22 245
1 11 6
8 290 154 297 152 196
1 7 4
52 165 43 198
1 11 6
255 285 38 99 216 292
1 13 6
223 57 28 212 241 155
1 9 6
251 227 1 25 16 3
1 19 5
148 284 147 47 172
1 1 6
276 102 153 266 122 101
1 7 2
299 105
1 12 2
195 131
1 2 3
205 49 114
1 15 2
1 161
1 18 6
84 186 113 272 271 198
1 4 5
24 213 107 244 142
1 15 6
110 117 1 60 228 83
1 7 3
120 29 229
1 13 2
208 125
1 3 5
108 243 265 117 286
1 17 6
262 17 286 217 114 16
1 11 6
89 236 94 36 96 73
1 15 2
204 137
1 4 4
258 4 287 18
1 16 5
173 241 115 257 139
1 12 3
9 62 293
1 6 3
41 243 81
1 10 6
48 280 198 36 279 20
1 11 3
38 128 78
1 1 4
159 284 177 272
1 14 4
261 174 247 87
1 12 5
244 266 176 19 4
1 16 5
198 258 217 115 199
1 15 5
96 162 214 189 98
1 2 3
123 244 296
1 6 3
64 19 277
1 17 4
236 271 86 233
1 12 4
14 127 193 124
1 17 6
69 217 152 277 63 250
1 16 3
183 114 206
1 15 5
9 227 195 244 103
1 7 5
153 130 167 262 263
1 3 4
47 111 86 201
1 3 5
179 25 287 217 226
1 2 2
195 22
1 4 4
103 102 154 3
1 14 6
42 177 197 146 140 133
1 15 6
87 159 95 245 140 284
1 15 5
287 29 195 154 129
1 16 4
201 198 196 15
1 3 2
58 38
1 8 2
126 245
1 9 4
193 38 164 291
1 19 2
205 129
1 2 6
57 181 260 49 27 169
1 16 3
224 287 133
1 19 2
72 209
1 12 5
82 34 256 31 295
1 14 6
132 261 2 232 193 36
1 12 3
125 46 50
1 10 3
59 18 103
1 1 5
80 119 37 197 194
1 2 6
115 73 165 40 53 285
1 12 5
140 151 198 293 195
1 2 6
103 282 92 38 80 135
1 18 3
124 60 186
1 19 4
97 108 129 251
1 10 6
251 281 176 129 20 151
1 14 5
158 230 275 199 214
1 9 3
155 137 81
1 2 3
293 65 134
1 11 4
11 214 289 46
1 3 3
273 42 62
1 5 3
239 32 299
1 4 6
268 70 11 245 154 293
1 9 6
225 261 287 122 45 113
1 1 3
125 69 113
1 16 3
71 3 118
1 18 3
37 113 76
1 2 2
251 214
1 16 2
236 56
1 13 3
244 77 63
1 13 3
250 119 204
1 12 5
41 180 130 224 244
1 4 6
214 249 110 250 270 280
1 9 3
116 104 128
1 6 5
249 289 29 76 95
1 12 6
104 67 187 2 185 44
1 3 2
29 72
1 18 3
130 279 21
1 16 2
134 138
1 12 6
148 207 99 229 216 283
1 8 4
237 69 250 293
1 20 5
135 235 65 75 36
1 6 3
141 215 295
1 4 2
261 20
1 1 2
172 14
1 7 2
226 131
1 9 4
59 129 108 170
1 11 2
206 116
1 4 4
100 219 114 107
1 14 5
195 231 43 55 207
1 17 5
190 236 206 88 25
1 20 4
249 205 130 178
1 9 4
16 253 175 241
1 18 6
160 75 260 282 252 104
1 13 2
55 109
1 7 6
181 76 246 286 164 115
1 2 3
133 163 237
1 19 2
282 103
1 12 4
184 209 15 191
1 6 4
237 91 92 78
1 2 4
46 57 86 41
1 15 3
22 225 63
1 8 6
230 251 296 160 173 15
1 20 2
88 151
1 12 5
264 255 86 93 190
1 20 6
272 211 13 170 92 293
1 12 4
112 251 68 61
1 14 6
126 208 6 50 51 121
1 20 5
138 252 239 231 275
1 4 2
37 226
1 13 6
68 19 296 202 76 293
1 9 5
229 146 133 26 148
1 10 2
65 222
1 17 2
286 9
1 15 2
272 268
1 7 6
7 142 65 154 260 40
1 10 4
57 77 295 291
1 4 2
11 4
1 4 4
183 93 210 288
1 4 5
209 157 282 297 146
1 19 6
65 14 188 276 239 274
1 6 3
129 141 79
1 8 6
200 244 47 282 144 234
1 10 3
229 77 53
1 20 2
31 55
1 1 5
78 57 111 193 8
1 9 2
252 19
1 2 3
6 58 294
1 15 5
140 6 53 189 203
1 11 3
219 126 202
1 17 6
64 94 0 268 234 235
1 13 3
20 157 201
1 15 6
139 196 17 19 224 12
1 14 6
224 271 37 230 87 49
1 9 4
86 63 124 232
1 5 3
166 235 29
1 3 3
125 94 86
1 6 5
178 106 71 97 139
1 11 5
77 250 135 286 92
1 16 6
249 54 195 91 96 201
1 15 3
116 271 112
1 12 5
154 145 283 193 294
1 9 2
238 126
1 9 5
163 89 128 270 39
1 4 5
203 20 94 268 152
1 15 6
52 253 43 252 251 14
1 6 4
172 111 258 264
1 6 4
95 135 30 143
1 3 2
69 89
1 9 3
179 115 4
1 8 2
133 119
1 17 3
225 36 295
1 20 2
114 291
1 5 3
148 100 268
1 19 5
241 58 94 98 240
1 13 2
130 174
1 7 6
133 190 218 9 107 194
1 17 4
71 270 84 198
1 12 2
260 276
1 17 3
45 281 226
1 2 3
163 243 10
1 20 3
277 164 201
1 9 2
176 166
1 16 3
234 140 283
1 14 5
95 141 214 89 36
1 16 2
41 27
1 3 4
180 60 238 175
1 12 2
216 50
1 9 3
262 153 16
1 3 5
167 235 226 87 5
1 19 6
274 109 40 229 125 61
1 13 6
70 24 2 185 55 175
1 9 5
148 111 33 12 64
1 10 3
232 62 94
1 19 5
25 260 172 80 11
1 8 6
72 235 155 96 260 273
1 18 3
214 126 63
1 8 6
202 237 43 177 198 214
1 16 6
121 299 70 253 245 201
1 19 3
117 250 222
1 2 4
88 177 39 27
1 19 5
287 25 200 242 228
1 11 5
152 207 255 234 13
1 6 5
35 13 84 0 240
1 4 5
283 252 114 183 267
1 17 4
5 90 139 248
1 13 5
238 133 224 283 269
1 19 2
113 245
1 11 6
193 194 62 252 9 246
1 10 5
294 161 81 258 223
1 11 6
84 152 129 258 110 252
1 5 5
207 109 189 222 187
1 6 3
37 157 21
1 7 6
11 15 194 157 254 258
1 18 2
268 199
1 16 2
188 243
1 19 5
109 242 73 90 126
1 8 5
205 113 227 94 38
1 13 3
18 262 65
1 17 3
205 184 211
1 8 4
144 263 177 24
1 4 2
255 18
1 19 2
263 40
1 3 6
217 155 12 259 11 163
1 12 5
270 89 160 179 242
1 5 6
288 292 42 201 226 87
1 6 6
68 152 204 52 32 160
1 8 2
206 122
1 13 4
216 163 147 275
1 18 3
231 101 173
1 15 6
296 55 15 134 16 186
1 19 2
277 140
1 12 5
222 102 99 134 127
1 18 5
147 299 19 83 20
1 8 3
260 103 279
1 5 5
146 184 150 277 155
1 4 5
103 180 285 173 280
1 16 6
222 185 91 266 149 213
1 12 5
126 101 185 160 186
1 12 5
31 150 192 240 198
1 19 6
211 207 268 138 263 122
1 17 4
192 254 289 162
1 1 5
164 178 98 188 70
1 18 5
125 151 244 25 219
1 6 4
167 12 68 25
1 3 2
41 50
1 4 5
15 178 248 96 169
1 7 5
108 299 177 157 126
1 14 4
38 261 168 216
1 10 5
172 270 201 45 156
1 10 6
56 33 264 139 210 201
1 12 3
278 269 246
1 4 2
25 81
1 1 2
200 283
1 18 2
236 181
1 6 4
64 181 222 28
1 10 5
76 92 186 45 105
1 4 3
208 64 142
1 2 5
160 10 200 198 189
1 13 5
192 176 8 182 62
1 11 2
232 162
1 3 2
42 214
1 18 4
144 47 66 260
1 5 3
38 158 81
1 4 6
227 294 5 36 280 172
1 5 3
262 278 293
1 18 5
31 36 264 84 215
1 5 6
61 97 215 253 95 236
1 5 3
33 102 277
1 13 3
268 65 284
1 10 6
66 192 84 172 254 44
1 16 3
27 163 88
1 20 5
249 256 101 34 227
1 16 3
55 133 1
1 4 3
165 275 16
1 18 5
61 26 27 57 113
1 18 3
281 75 111
1 16 6
153 86 78 218 19 212
1 10 4
293 249 203 231
1 8 2
17 98
1 17 4
46 111 31 160
1 7 4
23 195 263 228
1 8 3
203 42 34
1 3 5
96 260 223 24 178
1 19 4
80 131 225 206
1 19 3
169 174 195
1 14 3
216 79 167
1 15 3
215 21 77
1 16 3
123 231 20
1 17 2
3 237
1 20 5
56 171 219 164 113
1 12 5
213 272 44 275 174
1 4 3
37 144 176
1 13 2
95 48
1 20 6
82 89 96 107 11 8
1 4 2
124 284
1 12 2
8 66
1 1 5
201 0 298 146 217
1 3 2
127 280
1 11 5
170 254 159 4 208
1 20 4
135 132 7 186
1 2 5
5 54 106 213 235
1 14 2
199 234
1 18 3
267 43 145
1 16 6
253 214 248 265 285 74
1 4 5
290 156 126 45 201
1 7 3
111 49 34
1 6 5
198 50 64 2 63
1 10 2
137 154
1 20 4
85 285 251 256
1 18 3
29 171 103
1 1 5
228 227 70 176 138
1 19 4
80 268 107 85
1 6 4
146 172 234 225
1 16 2
91 25
1 19 3
20 238 254
1 5 6
9 146 57 249 83 29
1 12 3
251 199 154
1 19 3
123 78 88
1 17 5
114 35 21 157 31
1 15 2
116 297
1 6 3
53 214 189
1 13 6
90 202 120 162 134 211
1 1 3
229 292 26
1 8 6
243 137 223 163 219 198
1 16 3
25 204 42
1 17 3
98 207 194
1 6 4
123 125 174 66
1 17 6
88 0 67 83 299 240
1 15 4
27 109 81 220
1 3 3
220 45 231
1 14 4
155 14 285 252
1 2 6
33 255 25 121 124 276
1 19 2
246 174
1 18 2
44 96
1 19 3
179 277 5
1 14 5
168 96 57 25 217
1 1 4
269 9 225 173
1 20 6
31 127 88 293 219 23
1 8 2
79 257
1 10 4
169 4 177 114
1 6 3
267 52 40
1 17 2
167 49
1 9 5
68 227 183 108 192
1 1 3
63 214 8
1 16 3
50 128 213
1 3 3
287 150 209
1 2 2
151 71
1 11 3
33 102 277
1 11 4
46 251 84 264
1 19 5
278 277 242 138 66
1 2 2
220 99
1 11 3
254 84 136
1 5 2
110 16
1 14 3
75 221 197
1 14 5
115 201 77 6 117
1 19 6
228 53 65 212 112 102
1 9 4
77 223 49 6
1 17 4
39 260 229 20
1 16 3
225 141 20
1 7 2
208 260
1 15 4
97 224 1 244
1 13 6
241 143 161 71 267 115
1 2 5
43 8 81 24 200
1 19 2
170 121
1 2 4
292 150 137 45
1 12 4
268 169 209 276
1 7 3
221 277 267
1 5 4
250 219 44 115
1 2 3
63 224 145
1 3 6
195 248 57 296 108 153
1 3 5
121 250 292 282 286
1 8 3
282 118 232
1 10 6
185 156 240 204 65 4
1 12 5
150 185 234 180 56
1 19 5
259 148 157 127 34
1 7 6
221 135 90 199 31 148
1 5 3
184 295 47
1 10 2
187 45
1 16 4
55 280 182 84
1 14 5
81 292 49 88 79
1 12 6
78 73 263 150 146 13
1 11 2
13 147
1 18 2
282 144
1 20 4
193 279 54 2
1 11 4
168 42 101 263
1 2 6
163 8 188 202 146 216
1 12 2
103 101
1 9 4
92 63 290 105
1 20 3
6 270 189
1 4 4
263 206 6 237
1 9 5
271 215 95 73 199
1 15 2
204 190
1 7 3
187 151 230
1 20 5
135 136 259 193 12
1 10 3
272 258 26
1 18 5
112 212 51 290 296
1 7 5
4 75 191 136 70
1 19 2
168 284
1 12 5
276 241 85 143 197
1 9 4
219 52 54 239
1 18 4
134 150 193 13
1 4 3
252 256 59
1 4 4
33 130 49 236
1 14 3
57 100 297
1 17 2
239 169
1 7 3
251 245 276
1 16 4
67 240 294 281
1 16 2
167 47
1 15 3
254 142 141
1 18 4
229 187 106 284
1 6 5
127 221 76 58 182
1 6 3
207 289 43
1 1 6
39 202 103 170 42 63
1 18 6
33 250 288 258 193 222
1 4 4
111 121 56 76
1 20 4
181 204 268 102
1 15 4
89 27 203 185
1 8 4
13 114 69 225
1 2 4
78 97 171 152
1 2 6
87 108 5 297 54 217
1 5 5
222 198 130 217 156
1 17 5
72 217 165 195 95
1 8 5
228 261 69 123 188
1 9 6
130 285 73 120 291 100
1 8 4
292 4 67 214
1 2 5
75 41 277 95 194
1 18 6
27 267 23 54 88 135
1 17 3
26 249 252
1 1 3
213 193 259
1 3 3
57 220 7
1 9 4
252 56 9 130
1 8 2
86 229
1 12 5
85 194 265 48 45
1 13 3
179 243 15
1 13 2
238 188
1 9 3
119 51 73
1 18 3
178 251 89
1 12 2
54 267
1 20 5
149 245 250 160 277
1 6 6
281 289 13 94 261 61
1 20 5
183 266 130 133 146
1 2 6
25 48 273 159 199 12
1 18 6
84 138 78 31 136 177
1 7 2
80 251
1 7 4
6 218 187 21
1 12 3
278 134 104
1 9 6
186 264 138 283 172 140
1 6 3
261 185 90
1 17 3
50 139 169
1 17 3
245 98 111
1 17 3
90 12 142
1 6 2
297 198
1 9 3
79 74 186
1 1 6
102 64 187 79 185 235
1 2 3
104 232 129
1 16 5
98 283 202 138 262
1 5 3
299 269 180
1 13 5
129 284 133 235 219
1 20 3
274 37 1
1 5 6
150 71 18 11 90 60
1 18 3
255 241 158
1 13 6
262 260 122 175 76 198
1 4 4
48 21 255 68
1 5 3
240 172 266
1 6 2
296 176
1 14 4
239 238 181 142
1 12 4
2 54 89 198
1 16 6
207 6 94 238 267 135
1 17 4
196 289 229 271
1 19 5
207 14 258 252 21
1 4 3
208 197 45
1 12 3
245 70 124
1 4 3
162 167 122
1 6 2
84 104
1 12 4
11 296 290 222
1 10 6
116 48 225 261 61 145
1 4 2
211 48
1 5 4
149 176 147 58
1 9 5
197 252 56 192 22
1 5 4
113 105 66 254
1 12 5
21 263 95 65 148
1 5 6
275 211 176 52 165 243
1 3 4
2 242 155 203
1 3 6
86 274 180 50 163 96
1 12 3
56 36 85
1 11 4
173 157 164 82
1 18 2
110 103
1 6 5
169 292 280 291 105
1 16 5
254 257 90 184 199
1 2 6
141 174 181 148 33 32
1 15 4
285 289 265 154
1 14 3
53 33 43
1 20 2
72 229
1 14 6
60 207 168 75 272 265
1 9 6
46 228 3 212 106 227
1 16 6
21 168 113 292 36 26
1 6 5
10 147 48 30 287
1 13 6
63 255 205 102 16 61
1 16 4
117 122 140 30
1 9 4
271 43 270 118
1 5 3
61 39 299
1 2 2
292 175
1 10 5
107 144 53 160 231
1 18 4
180 268 102 290
1 10 3
54 22 10
1 16 4
103 298 105 115
1 12 2
53 227
1 15 4
216 102 58 144
1 13 4
125 287 233 247
1 10 6
263 104 103 133 233 136
1 18 2
87 145
1 12 4
39 229 290 259
1 20 5
250 115 149 130 132
1 19 3
47 225 39
1 6 6
261 24 48 154 148 139
1 14 4
245 116 297 110
1 9 4
6 242 189 122
1 2 3
172 30 113
1 16 4
181 16 269 198
1 16 5
194 30 257 16 156
1 14 5
261 99 274 278 269
1 12 2
42 4
1 16 4
74 10 165 188
1 20 5
233 86 74 222 5
1 7 3
149 109 234
1 11 2
251 231
1 16 3
38 235 217
1 17 3
123 281 283
1 17 6
161 35 247 56 49 241
1 7 6
256 30 52 131 152 45
1 20 3
25 57 34
1 8 4
6 217 212 120
1 16 2
241 154
1 19 6
19 113 161 178 67 54
1 5 3
243 152 245
1 13 6
80 130 255 168 229 100
1 18 5
137 153 233 214 63
1 20 3
10 43 192
1 18 5
63 128 90 135 178
1 13 3
102 221 290
1 13 6
152 40 236 283 51 171
1 9 5
205 234 217 3 261
1 14 6
108 125 38 1 233 241
1 12 4
260 241 9 83
1 7 3
60 220 76
1 2 3
221 271 21
1 13 4
250 214 223 258
1 16 5
295 286 60 118 18
1 16 6
64 187 175 139 288 176
1 12 5
191 71 283 55 288
1 10 5
287 86 4 39 241
1 16 6
230 275 234 267 22 162
1 20 5
290 201 152 156 194
1 3 4
149 89 148 242
1 13 6
3 34 30 145 163 12
1 14 2
260 70
1 13 6
98 45 115 271 297 42
1 15 2
298 101
1 6 4
242 254 60 44
1 2 4
228 108 80 41
1 13 4
277 177 241 276
1 13 5
212 77 6 260 284
1 19 6
211 250 29 194 187 69
1 12 4
207 261 88 248
1 16 4
192 129 231 45
1 11 3
149 230 171
1 19 5
220 188 288 114 187
1 4 3
182 136 79
1 1 4
250 13 231 192
1 9 2
179 296
1 15 4
12 201 279 6
1 3 3
261 199 37
1 13 2
218 200
1 3 2
47 284
1 7 4
285 30 102 263
1 3 2
70 99
1 8 3
138 114 236
1 15 3
8 135 147
1 7 3
261 161 274
1 7 3
252 166 209
1 3 3
177 20 110
1 9 5
293 192 257 297 209
1 14 3
44 243 263
1 3 5
259 288 109 139 264
1 15 3
255 229 14
1 4 5
121 113 207 136 17
1 6 6
191 239 247 98 22 232
1 13 5
1 46 165 155 180
1 17 2
267 178
1 12 6
233 161 51 208 289 82
1 20 4
112 137 241 50
1 5 2
291 6
1 19 5
35 121 85 91 56
1 9 6
16 167 250 198 110 254
1 3 6
119 67 22 271 293 120
1 16 4
134 110 207 167
1 15 3
106 27 175
1 18 3
241 276 44
1 13 4
30 208 40 253
1 11 2
91 181
1 10 6
81 219 276 10 109 277
1 4 4
106 268 224 194
1 12 3
48 230 274
1 2 2
186 20
1 1 6
59 8 178 159 50 299
1 15 3
247 260 191
1 18 4
129 18 251 259
1 14 3
9 151 262
1 4 3
182 123 149
1 5 5
288 0 259 221 189
1 15 3
146 70 42
1 12 6
21 97 241 259 42 25
1 1 4
22 266 96 275
1 9 5
10 215 298 233 78
1 3 3
267 218 288
1 15 2
16 88
1 9 6
252 88 278 203 129 106
1 2 4
105 73 59 247
1 1 5
297 83 159 204 128
1 8 3
55 225 133
1 7 4
50 211 29 218
1 3 5
12 57 138 48 294
1 19 2
7 92
1 20 3
250 188 30
1 5 3
198 95 140
1 6 5
283 162 155 140 37
1 8 4
26 292 163 201
1 12 3
193 64 47
1 2 4
297 84 235 86
1 18 3
57 284 167
1 15 4
192 266 112 256
1 8 3
163 95 140
1 13 2
14 7
1 18 3
54 41 221
1 16 4
11 295 65 209
1 5 5
148 282 179 140 225
1 12 4
10 225 299 59
1 5 2
216 160
1 7 5
128 103 257 267 113
1 10 5
94 235 222 170 104
1 1 2
253 222
1 5 2
71 204
1 5 3
34 215 140
1 12 3
119 177 250
1 12 2
123 28
1 13 3
88 116 269
1 7 4
214 54 98 293
1 17 5
197 297 68 80 167
1 17 4
110 274 29 211
1 15 3
208 269 140
1 9 4
142 17 125 226
1 20 2
36 237
1 18 4
231 41 134 198
1 16 4
5 18 36 21
1 8 3
40 32 12
1 16 3
133 262 288
1 7 3
251 13 267
1 2 6
151 199 239 35 4 3
1 6 3
190 286 64
1 13 3
285 13 246
1 5 6
252 196 178 232 46 48
1 14 6
143 128 266 198 68 85
1 2 6
31 255 199 193 184 235
1 5 5
162 284 39 289 152
1 16 3
57 193 288
1 16 3
41 251 119
1 14 3
194 88 71
1 16 4
256 195 133 211
1 16 4
299 51 207 260
1 19 5
138 277 109 223 169
1 3 3
7 111 40
1 9 3
81 118 275
1 2 5
17 64 149 167 185
1 8 2
32 79
1 9 4
40 130 173 239
1 1 3
60 167 212
1 6 6
71 218 159 111 145 72
1 9 3
209 277 71
1 4 3
185 78 144
1 6 5
129 109 206 23 42
1 4 2
9 101
1 6 5
177 73 291 188 11
1 15 2
130 277
1 14 3
243 298 79
1 6 4
72 152 254 292
1 17 3
155 36 42
1 20 6
230 225 268 187 72 74
k 20
