300 1500 465
11 20 36 35 17 28 14 33 16 35 22 19 26 13 35 11 31 12 19 34 36 40 37 22 22 14 11 31 20 12 22 33 11 27 25 31 25 31 30 23 38 34 24 26 16 37 23 30 32 29 17 33 18 11 13 36 38 15 17 17 24 32 11 13 12 32 36 32 24 40 33 12 19 11 12 37 22 19 11 13 18 37 27 33 24 18 29 20 24 31 24 34 24 36 14 17 17 27 16 31 39 26 36 16 25 35 32 26 39 23 22 17 40 38 21 13 34 14 15 15 40 31 14 26 12 12 15 25 36 26 11 33 39 20 34 34 32 11 11 34 13 24 29 31 28 33 12 33 17 11 24 22 28 27 19 39 19 38 40 23 33 22 24 16 29 21 18 19 16 22 39 29 17 21 16 23 16 12 29 21 38 17 27 31 20 32 25 38 14 33 40 17 35 27 14 28 17 28 30 40 19 14 28 23 32 12 13 13 40 18 13 15 23 36 26 14 39 29 21 38 11 13 32 12 35 24 12 12 21 39 40 16 37 20 15 37 11 30 29 20 19 13 14 15 17 35 13 21 17 25 29 38 22 21 17 14 26 26 19 17 14 16 32 21 29 19 18 39 29 38 12 18 11 12 29 26 12 21 12 28 26 35 18 25 34 34 24 30 24 30 35 31 23 25 37 14 12 30 29 33
1 10 26 25 7 18 4 23 6 25 12 9 16 3 25 1 21 2 9 24 26 30 27 12 12 4 1 21 10 2 12 23 1 17 15 21 15 21 20 13 28 24 14 16 6 27 13 20 22 19 7 23 8 1 3 26 28 5 7 7 14 22 1 3 2 22 26 22 14 30 23 2 9 1 2 27 12 9 1 3 8 27 17 23 14 8 19 10 14 21 14 24 14 26 4 7 7 17 6 21 29 16 26 6 15 25 22 16 29 13 12 7 30 28 11 3 24 4 5 5 30 21 4 16 2 2 5 15 26 16 1 23 29 10 24 24 22 1 1 24 3 14 19 21 18 23 2 23 7 1 14 12 18 17 9 29 9 28 30 13 23 12 14 6 19 11 8 9 6 12 29 19 7 11 6 13 6 2 19 11 28 7 17 21 10 22 15 28 4 23 30 7 25 17 4 18 7 18 20 30 9 4 18 13 22 2 3 3 30 8 3 5 13 26 16 4 29 19 11 28 1 3 22 2 25 14 2 2 11 29 30 6 27 10 5 27 1 20 19 10 9 3 4 5 7 25 3 11 7 15 19 28 12 11 7 4 16 16 9 7 4 6 22 11 19 9 8 29 19 28 2 8 1 2 19 16 2 11 2 18 16 25 8 15 24 24 14 20 14 20 25 21 13 15 27 4 2 20 19 23
1 4 3
188 284 139
1 2 3
272 11 157
1 12 2
15 138
1 20 6
78 182 99 272 86 240
1 12 4
130 281 105 29
1 13 2
279 109
1 8 2
192 153
1 12 3
254 39 202
1 12 4
198 180 193 216
1 14 6
258 249 284 189 115 233
1 18 4
135 61 43 272
1 8 4
264 216 217 0
1 12 3
107 1 208
1 3 3
246 293 65
1 6 6
13 44 120 211 240 158
1 6 2
282 232
1 7 4
185 75 226 68
1 18 6
28 250 114 78 85 169
1 3 3
92 176 38
1 13 2
4 275
1 16 2
279 221
1 12 3
124 148 216
1 9 2
253 87
1 1 5
46 156 118 131 56
1 6 6
4 39 7 112 231 92
1 3 2
177 67
1 4 3
202 220 21
1 11 5
17 201 224 174 199
1 4 2
144 76
1 2 2
250 179
1 1 3
226 224 266
1 4 2
262 150
1 20 4
18 128 246 70
1 3 3
40 15 99
1 1 5
281 110 289 255 16
1 1 4
270 119 62 75
1 12 6
292 164 161 152 237 263
1 17 5
227 267 240 147 209
1 2 3
50 32 243
1 20 6
180 245 44 254 231 286
1 16 4
200 114 187 211
1 16 5
132 218 108 0 37
1 12 5
182 206 104 196 287
1 6 6
111 59 26 279 264 292
1 9 2
194 285
1 2 3
235 186 253
1 5 3
222 230 33
1 3 2
294 11
1 7 3
201 119 174
1 4 6
142 97 79 228 141 39
1 20 4
96 288 190 101
1 15 3
4 213 281
1 20 6
166 173 235 241 218 5
1 4 5
154 285 216 30 215
1 11 6
179 29 42 38 154 85
1 12 5
202 133 177 57 119
1 7 4
155 207 45 171
1 19 3
214 27 209
1 5 2
274 253
1 4 4
47 141 230 116
1 2 5
198 125 41 180 8
1 8 3
173 5 234
1 3 5
90 89 163 88 100
1 4 2
5 121
1 16 6
234 285 169 6 95 264
1 19 4
77 27 112 156
1 2 4
14 84 20 117
1 15 2
9 116
1 2 3
35 299 79
1 14 6
207 124 17 108 26 68
1 14 5
221 32 129 151 9
1 18 4
50 224 20 44
1 18 6
265 29 108 205 27 8
1 8 6
174 77 224 252 160 134
1 9 5
77 174 236 219 88
1 5 4
111 87 84 298
1 1 4
44 68 115 26
1 2 6
93 191 76 129 203 202
1 4 2
157 14
1 12 5
137 189 164 280 129
1 10 5
241 276 89 29 107
1 14 3
215 170 244
1 2 5
69 93 217 45 172
1 9 3
215 115 167
1 9 3
251 146 84
1 11 6
86 20 66 127 148 252
1 16 5
37 32 228 77 195
1 1 2
262 143
1 11 5
180 154 44 223 298
1 11 2
8 53
1 2 4
170 87 257 208
1 19 4
5 274 72 122
1 18 2
0 132
1 10 5
19 244 167 194 57
1 13 3
246 257 84
1 6 6
232 9 29 71 117 128
1 7 3
85 159 243
1 8 3
126 192 89
1 19 5
132 36 279 11 18
1 20 6
273 195 91 101 30 86
1 16 5
223 273 290 233 248
1 9 3
27 210 194
1 18 6
194 224 58 167 54 120
1 20 5
81 6 150 230 128
1 6 5
176 172 224 202 32
1 13 5
85 179 231 275 13
1 10 6
164 122 145 8 202 45
1 16 3
208 100 207
1 3 4
55 3 16 146
1 1 2
74 229
1 11 6
148 28 235 78 186 210
1 10 2
277 72
1 9 5
133 47 298 58 108
1 8 5
269 60 223 96 23
1 7 6
53 225 157 33 201 176
1 19 6
242 232 217 109 59 130
1 12 6
154 243 65 83 28 18
1 2 2
296 5
1 8 4
125 79 86 233
1 17 6
273 90 147 21 169 94
1 7 4
293 165 284 155
1 16 6
68 291 74 127 218 220
1 20 5
51 242 25 290 157
1 4 2
87 27
1 11 5
286 8 120 117 9
1 18 5
267 94 169 73 296
1 3 4
197 257 28 102
1 4 3
235 175 190
1 9 6
257 168 106 123 146 55
1 11 5
180 170 270 134 137
1 9 5
203 276 187 34 139
1 15 6
19 82 252 158 2 231
1 6 2
296 243
1 9 4
237 289 48 255
1 5 3
85 216 246
1 10 6
287 58 237 261 252 107
1 2 4
89 295 49 178
1 13 5
173 60 170 263 54
1 7 5
198 42 220 97 129
1 12 5
62 186 137 268 148
1 4 4
54 236 254 287
1 17 5
297 56 233 65 64
1 5 4
192 167 274 113
1 12 3
260 223 241
1 8 5
53 39 134 192 29
1 11 4
90 182 45 293
1 4 2
287 33
1 19 2
185 56
1 13 4
246 120 51 217
1 15 2
175 289
1 2 2
69 98
1 15 2
286 123
1 12 4
161 84 226 111
1 16 4
79 238 66 9
1 19 3
167 188 129
1 5 3
77 192 15
1 2 2
19 269
1 4 3
260 170 291
1 9 6
287 76 272 9 46 194
1 2 3
138 129 33
1 1 5
31 270 215 19 185
1 16 4
200 247 161 130
1 3 6
0 96 189 281 252 21
1 20 3
32 131 102
1 11 5
112 251 35 194 1
1 2 5
62 277 79 254 182
1 9 2
181 198
1 10 6
256 81 185 280 191 272
1 8 4
122 296 145 195
1 6 3
133 172 283
1 3 2
260 294
1 1 4
25 17 4 48
1 20 5
102 106 51 222 130
1 16 3
261 33 16
1 13 4
174 258 100 119
1 14 3
112 74 153
1 16 5
211 267 222 287 68
1 15 4
65 209 45 27
1 20 4
19 288 93 61
1 6 3
96 260 292
1 8 3
74 263 28
1 1 5
31 282 29 45 146
1 9 3
143 217 70
1 13 6
265 125 68 47 122 180
1 13 5
26 125 71 147 32
1 3 3
187 149 159
1 12 4
139 230 235 173
1 16 5
38 276 43 144 133
1 3 3
299 271 56
1 16 6
168 19 207 81 37 30
1 15 6
150 208 267 257 2 70
1 16 5
31 113 239 265 295
1 20 3
85 119 97
1 15 2
254 84
1 8 6
73 44 249 60 251 222
1 6 6
298 31 167 99 62 158
1 13 6
261 47 60 221 42 174
1 9 3
173 41 263
1 6 5
50 106 100 80 52
1 10 5
246 297 146 106 279
1 13 5
202 241 260 182 164
1 10 2
165 140
1 8 4
153 246 99 255
1 20 3
117 140 274
1 14 5
220 224 205 159 149
1 8 5
49 14 285 289 95
1 11 3
249 3 98
1 20 5
33 42 271 185 205
1 1 5
278 95 122 31 56
1 13 3
188 117 156
1 7 4
110 136 51 168
1 16 3
128 2 259
1 13 2
225 110
1 19 4
103 277 199 81
1 14 6
86 47 51 127 31 234
1 16 6
245 286 21 4 294 178
1 13 6
44 158 143 228 291 220
1 9 4
269 36 11 26
1 7 6
97 112 154 265 53 88
1 10 2
140 205
1 12 3
107 222 20
1 14 5
80 29 295 155 141
1 15 2
206 159
1 9 6
177 175 66 243 22 244
1 16 2
127 212
1 1 2
105 214
1 16 5
30 146 198 70 221
1 1 3
28 87 189
1 5 3
292 50 202
1 12 6
145 96 236 90 104 225
1 8 6
25 70 165 115 281 1
1 11 3
80 236 208
1 6 2
220 274
1 19 6
166 285 279 54 130 218
1 1 2
197 108
1 20 6
165 213 271 182 291 17
1 19 2
213 206
1 16 2
77 68
1 17 4
89 95 260 109
1 18 6
278 20 255 72 291 167
1 12 2
261 265
1 18 3
122 88 251
1 10 5
202 196 200 229 16
1 18 5
144 251 139 197 29
1 6 5
39 295 97 0 124
1 13 4
207 247 103 14
1 11 2
75 236
1 4 6
252 62 212 5 16 222
1 4 4
177 95 137 76
1 17 2
50 218
1 4 5
225 59 155 295 25
1 6 3
282 32 285
1 20 2
120 6
1 2 3
142 294 128
1 20 5
90 121 193 53 42
1 15 5
24 221 23 241 211
1 10 4
79 187 30 41
1 19 2
244 110
1 3 4
231 27 225 43
1 18 5
275 244 47 22 59
1 5 3
173 195 227
1 7 6
61 298 270 152 46 220
1 2 3
228 223 179
1 20 5
233 91 189 238 137
1 8 6
235 8 129 276 107 55
1 3 6
189 295 121 93 232 289
1 17 3
26 259 257
1 7 2
142 3
1 12 6
86 110 227 209 92 248
1 1 4
6 277 76 270
1 13 2
97 288
1 14 5
267 93 13 109 44
1 20 2
230 155
1 18 6
6 196 85 50 111 280
1 5 2
20 270
1 6 2
258 162
1 1 5
220 66 230 25 128
1 6 4
259 47 177 168
1 10 6
31 70 236 7 167 186
1 16 4
56 294 207 120
1 6 2
200 220
1 4 4
56 82 219 275
1 15 3
145 157 50
1 11 3
204 66 148
1 8 5
139 238 160 80 129
1 2 2
213 70
1 5 5
97 120 76 84 144
1 4 4
157 146 70 144
1 12 5
96 216 234 211 13
1 17 4
69 296 60 146
1 2 3
242 35 211
1 5 5
274 90 37 221 202
1 6 2
126 1
1 18 6
240 34 126 47 164 195
1 8 2
79 279
1 18 6
120 215 239 230 139 118
1 4 3
42 77 297
1 15 2
163 218
1 12 6
201 278 257 178 129 108
1 16 4
263 249 11 228
1 2 5
119 96 228 135 147
1 8 2
234 137
1 4 2
162 219
1 4 3
152 221 204
1 10 3
285 161 243
1 6 2
259 124
1 6 6
266 41 257 172 203 48
1 14 4
4 119 180 151
1 1 4
9 167 102 299
1 16 5
74 55 81 40 93
1 2 6
198 202 255 90 64 149
1 3 3
35 43 268
1 15 5
80 216 287 243 280
1 12 3
201 112 176
1 10 5
34 199 169 78 148
1 3 5
83 133 201 112 22
1 18 6
42 5 41 282 68 242
1 19 3
200 292 165
1 7 6
212 87 289 109 42 107
1 19 4
221 196 243 208
1 14 6
257 96 153 7 124 161
1 17 2
216 148
1 2 3
219 284 244
1 11 5
186 252 285 25 32
1 10 2
217 261
1 6 3
83 58 226
1 8 2
125 72
1 14 6
260 247 97 174 204 172
1 12 4
52 136 74 3
1 7 3
70 248 28
1 4 6
192 140 108 177 129 253
1 11 5
150 216 53 158 123
1 5 3
154 284 125
1 7 5
55 51 104 159 9
1 3 2
35 174
1 15 2
181 156
1 17 4
264 272 86 185
1 5 5
140 207 31 188 238
1 3 3
239 111 127
1 12 2
144 37
1 4 3
181 137 244
1 9 2
177 132
1 16 2
203 288
1 10 2
100 51
1 6 4
87 112 235 85
1 16 6
220 61 134 201 137 182
1 7 2
280 75
1 9 3
273 246 98
1 18 3
3 204 230
1 18 3
288 246 74
1 19 3
161 260 157
1 8 4
292 234 2 74
1 10 4
53 237 2 8
1 4 2
11 139
1 2 5
99 25 1 203 62
1 10 5
246 110 266 245 197
1 12 4
211 49 139 218
1 13 2
228 278
1 17 3
298 21 220
1 4 2
250 106
1 16 5
289 85 223 112 44
1 14 2
230 14
1 16 4
17 231 93 92
1 14 2
200 228
1 7 6
16 134 34 216 56 210
1 12 4
220 30 88 72
1 19 3
235 165 16
1 17 5
128 56 96 180 296
1 16 2
195 95
1 10 3
99 207 93
1 13 3
253 146 111
1 6 2
71 160
1 15 2
39 16
1 6 4
149 98 93 157
1 15 4
230 22 203 247
1 20 6
163 204 225 76 117 85
1 16 4
12 210 112 142
1 7 6
95 159 240 157 44 154
1 10 4
228 7 95 298
1 9 3
82 145 87
1 17 6
158 0 223 65 26 286
1 6 4
293 235 36 47
1 12 3
98 285 121
1 7 5
193 261 231 278 121
1 10 4
30 244 231 101
1 9 6
105 289 141 168 56 162
1 4 3
23 162 39
1 1 6
244 297 269 27 288 245
1 6 5
209 265 292 256 6
1 6 3
210 130 40
1 5 3
125 283 111
1 6 2
22 112
1 6 6
115 247 64 50 201 99
1 10 4
89 257 165 276
1 18 3
86 236 256
1 9 4
110 48 229 153
1 13 2
292 239
1 20 6
102 245 193 172 295 51
1 3 2
55 128
1 16 6
214 219 182 247 235 147
1 8 6
157 91 123 47 78 289
1 11 6
238 151 186 21 40 239
1 10 4
214 219 168 281
1 15 6
70 144 297 296 123 100
1 6 5
123 39 201 223 155
1 17 6
263 208 81 150 4 210
1 11 2
199 182
1 7 5
190 126 245 175 107
1 18 6
230 92 27 183 269 284
1 16 5
134 63 214 119 27
1 1 4
46 213 74 115
1 7 3
149 202 189
1 4 5
278 152 138 115 160
1 19 5
189 192 234 181 245
1 19 5
127 31 67 242 145
1 20 5
172 42 58 199 65
1 14 2
259 190
1 3 6
10 81 246 208 154 41
1 18 4
89 174 237 129
1 19 4
231 24 148 78
1 2 5
274 127 13 15 61
1 2 5
164 194 191 193 70
1 4 6
222 168 288 148 57 20
1 3 5
116 132 18 52 226
1 5 2
80 22
1 8 4
199 77 233 136
1 1 5
72 146 204 287 192
1 3 4
252 124 189 161
1 10 3
112 107 65
1 13 5
255 241 112 231 188
1 19 2
22 180
1 18 2
58 168
1 4 6
56 91 166 17 145 236
1 4 5
184 79 230 47 233
1 17 2
209 180
1 19 3
176 132 208
1 6 4
18 102 141 213
1 4 3
34 220 281
1 5 5
98 278 253 192 198
1 4 3
246 188 283
1 4 2
234 139
1 11 5
46 286 167 281 50
1 14 6
11 227 56 25 47 0
1 11 2
17 216
1 3 6
27 16 51 174 30 293
1 7 4
71 258 13 181
1 3 5
163 62 141 157 239
1 3 2
170 164
1 9 3
70 229 175
1 14 6
70 187 66 135 44 8
1 20 5
62 35 155 293 147
1 7 5
270 88 297 14 250
1 9 6
114 214 47 226 195 37
1 12 6
185 29 145 295 277 65
1 14 3
105 250 53
1 1 6
38 255 18 201 174 264
1 16 5
208 186 173 41 150
1 1 3
18 160 115
1 20 4
197 122 64 85
1 14 5
140 199 249 86 203
1 12 2
155 222
1 14 5
71 249 274 222 108
1 3 6
117 276 196 184 159 92
1 13 6
99 294 28 17 149 239
1 7 5
184 173 3 202 259
1 12 3
281 202 49
1 17 5
147 293 125 107 29
1 13 5
81 268 46 296 136
1 8 5
13 149 7 283 192
1 2 3
225 61 114
1 12 5
23 133 192 279 297
1 12 5
213 147 93 151 236
1 5 5
264 95 17 287 201
1 12 5
264 170 19 34 226
1 11 5
127 12 219 34 25
1 8 6
236 63 113 129 67 184
1 6 3
60 31 21
1 10 4
276 125 182 241
1 19 2
290 56
1 17 2
38 36
1 18 4
269 116 220 39
1 4 3
84 220 297
1 4 3
79 14 25
1 11 6
111 22 196 203 28 264
1 10 6
53 50 11 60 62 73
1 17 6
267 215 35 41 148 39
1 4 5
250 86 17 142 113
1 7 4
74 240 183 227
1 12 5
39 282 136 38 40
1 1 2
221 183
1 1 6
39 231 268 0 270 3
1 15 4
276 271 218 155
1 5 4
287 67 275 290
1 13 6
249 80 29 256 166 85
1 11 4
233 144 190 223
1 17 4
236 105 28 283
1 14 6
28 9 244 155 142 100
1 16 6
81 85 75 274 52 244
1 12 4
243 168 261 186
1 7 4
89 265 205 10
1 8 6
68 66 117 257 204 67
1 12 6
293 263 234 115 60 279
1 3 4
294 254 5 123
1 5 5
226 200 36 153 156
1 2 3
22 144 123
1 18 4
241 4 3 258
1 17 2
54 9
1 15 4
196 194 268 151
1 5 5
14 107 38 53 86
1 10 2
51 112
1 18 4
96 106 65 136
1 20 6
213 224 215 112 126 65
1 9 6
162 176 12 134 37 63
1 14 3
0 240 6
1 19 6
15 190 10 23 149 265
1 12 2
272 257
1 2 4
212 24 32 96
1 9 3
256 53 55
1 3 5
287 230 87 183 236
1 10 2
221 192
1 9 3
193 9 285
1 20 5
97 220 29 288 213
1 18 6
238 142 227 260 133 212
1 3 3
144 176 128
1 5 6
92 244 187 124 209 259
1 4 3
28 261 91
1 17 3
257 184 140
1 13 3
65 167 248
1 17 5
88 118 194 224 59
1 14 5
232 11 291 74 143
1 15 2
51 43
1 13 2
25 156
1 3 5
179 193 11 225 211
1 8 5
298 59 55 44 43
1 13 2
229 243
1 13 6
220 103 175 268 227 142
1 6 6
69 171 17 79 134 29
1 5 2
139 128
1 13 6
140 216 66 270 168 22
1 14 4
188 244 158 183
1 16 3
52 119 276
1 18 4
256 222 211 244
1 20 2
28 156
1 3 3
167 48 122
1 18 4
74 23 40 36
1 3 6
237 181 27 267 185 98
1 8 4
243 17 77 284
1 16 5
243 11 27 253 284
1 18 2
230 186
1 14 5
266 27 252 78 54
1 20 2
84 151
1 11 2
54 61
1 19 4
92 151 21 106
1 10 3
10 231 255
1 5 4
161 76 217 4
1 20 4
39 80 26 223
1 18 2
78 22
1 7 4
150 91 296 18
1 17 3
89 43 172
1 5 2
87 186
1 12 4
47 224 140 266
1 9 3
229 174 98
1 20 2
58 76
1 10 3
216 16 8
1 16 2
275 224
1 2 4
104 225 243 173
1 12 6
191 52 56 295 192 12
1 10 4
145 16 77 56
1 3 6
284 175 144 26 80 238
1 18 4
14 296 175 82
1 7 5
203 155 75 44 270
1 16 3
176 212 201
1 3 4
172 27 188 120
1 16 4
297 2 56 267
1 16 2
197 165
1 2 6
279 132 188 121 220 25
1 4 3
206 264 273
1 3 4
145 188 204 54
1 7 3
104 73 169
1 18 4
281 258 26 246
1 2 2
32 164
1 9 2
143 89
1 13 3
11 156 118
1 8 4
163 68 3 226
1 6 5
37 98 283 109 266
1 9 4
85 19 63 214
1 5 2
64 225
1 10 2
180 151
1 9 5
256 98 148 17 117
1 1 2
36 167
1 14 3
212 207 83
1 13 2
191 260
1 14 6
153 103 38 0 35 293
1 18 6
257 294 218 275 106 38
1 16 3
288 158 36
1 15 4
114 176 259 234
1 3 5
79 157 80 127 278
1 1 5
168 248 25 296 116
1 20 4
262 270 66 70
1 5 6
209 136 73 218 295 281
1 11 3
241 13 275
1 12 3
90 12 197
1 5 4
236 124 283 113
1 17 4
107 178 146 77
1 4 5
227 107 156 175 120
1 16 4
295 229 15 196
1 13 2
174 297
1 2 2
145 13
1 6 5
141 194 64 18 144
1 5 2
226 80
1 3 5
299 70 56 50 128
1 10 3
88 146 133
1 6 6
157 200 268 6 85 9
1 4 3
272 80 268
1 19 3
22 193 194
1 16 5
132 83 254 59 52
1 17 2
274 106
1 6 5
60 7 85 0 149
1 10 4
74 217 94 241
1 10 5
190 53 71 69 169
1 8 3
174 201 299
1 18 5
32 168 190 107 41
1 8 5
247 31 207 257 283
1 12 4
230 267 192 129
1 20 5
220 179 293 58 49
1 9 2
256 135
1 12 4
147 5 85 128
1 20 2
167 25
1 16 2
221 97
1 10 3
104 267 60
1 5 6
53 104 206 16 157 260
1 8 3
26 182 275
1 9 4
107 70 275 173
1 11 4
138 105 207 39
1 7 5
276 168 22 193 163
1 20 5
244 81 23 275 75
1 7 4
69 154 189 7
1 6 2
277 31
1 3 4
197 38 17 288
1 15 6
152 74 114 72 265 132
1 11 4
134 220 111 68
1 7 6
160 76 13 141 231 92
1 9 4
175 29 13 135
1 11 2
292 159
1 7 6
25 290 179 30 99 73
1 17 5
280 228 144 294 86
1 5 4
10 292 228 188
1 8 4
288 158 114 188
1 2 6
162 50 278 257 43 283
1 11 5
126 42 280 10 247
1 1 2
146 219
1 6 4
26 278 185 4
1 8 3
9 24 144
1 4 3
10 175 190
1 13 5
37 127 62 63 135
1 12 2
58 196
1 20 3
195 263 271
1 7 6
157 184 135 287 167 121
1 5 2
187 139
1 18 6
43 79 272 287 231 204
1 8 5
13 77 89 247 220
1 19 4
74 2 274 242
1 9 3
292 107 218
1 13 4
85 100 122 144
1 13 5
208 211 283 114 140
1 16 6
209 56 96 249 42 218
1 5 2
66 72
1 11 3
63 99 187
1 7 5
213 20 22 224 245
1 8 5
137 28 120 53 193
1 3 2
294 203
1 3 3
253 227 128
1 12 5
129 158 21 101 8
1 5 6
215 139 89 258 275 177
1 5 3
263 243 51
1 6 2
3 82
1 18 5
172 90 7 205 91
1 19 4
194 191 39 41
1 16 3
30 204 56
1 16 3
151 273 258
1 18 4
133 156 83 76
1 17 5
211 185 188 299 80
1 7 3
182 273 151
1 12 2
227 56
1 2 6
220 122 81 224 213 130
1 19 6
276 121 2 210 103 3
1 17 3
157 174 286
1 8 5
108 111 277 120 274
1 20 5
47 278 259 203 125
1 17 2
54 95
1 18 4
119 46 134 260
1 19 5
9 61 160 232 140
1 17 5
40 102 157 272 192
1 5 3
200 132 136
1 11 4
276 162 111 230
1 9 5
167 166 210 153 185
1 6 5
13 274 179 45 108
1 8 6
64 221 121 10 125 273
1 3 6
135 167 151 170 169 204
1 7 4
84 124 198 199
1 12 5
189 17 101 279 247
1 19 2
159 31
1 11 5
229 113 98 156 119
1 10 6
296 226 268 272 113 92
1 2 5
213 161 53 221 18
1 16 5
69 37 294 143 247
1 19 6
127 294 168 198 296 46
1 19 3
271 257 21
1 18 3
195 53 0
1 14 3
124 274 76
1 10 6
178 239 172 145 270 165
1 13 2
281 106
1 10 3
248 151 193
1 20 2
222 199
1 11 5
227 41 211 83 253
1 2 5
213 12 26 241 6
1 8 2
8 101
1 16 5
248 97 21 112 275
1 19 5
2 21 191 218 292
1 9 4
46 123 13 42
1 15 6
239 291 162 3 216 135
1 15 3
97 281 150
1 17 4
260 264 103 7
1 11 5
98 286 67 145 42
1 5 2
131 110
1 10 4
257 287 148 23
1 11 2
235 136
1 17 2
155 186
1 11 5
70 103 80 138 50
1 14 6
294 162 18 168 123 59
1 8 2
61 289
1 12 5
105 196 198 279 232
1 6 2
180 93
1 12 4
282 134 117 216
1 9 4
80 124 254 103
1 2 6
263 161 295 207 21 63
1 6 6
29 168 265 145 99 155
1 3 5
46 280 82 150 72
1 3 5
72 209 186 255 211
1 1 6
194 257 166 165 247 290
1 18 2
158 234
1 6 4
248 101 56 197
1 15 5
219 174 10 157 52
1 8 6
294 198 21 88 142 123
1 4 6
245 91 121 154 160 186
1 13 4
136 231 234 61
1 7 4
27 250 1 256
1 15 6
41 287 267 235 8 259
1 5 5
105 200 295 262 137
1 9 4
168 50 296 151
1 17 2
270 257
1 13 5
295 49 61 143 67
1 4 3
125 185 279
1 16 6
52 44 36 285 173 26
1 19 4
5 207 79 62
1 6 4
299 177 77 164
1 19 4
260 204 1 127
1 3 4
37 237 257 46
1 4 4
63 135 8 55
1 1 5
33 66 283 45 40
1 19 6
125 3 55 69 217 224
1 11 4
177 141 112 32
1 8 5
77 110 191 211 185
1 20 4
117 227 135 38
1 13 5
40 109 238 154 104
1 12 4
35 156 42 218
1 2 3
69 200 106
1 1 5
54 234 285 148 109
1 9 3
14 213 236
1 2 3
214 209 25
1 9 4
37 80 272 258
1 4 6
210 219 261 122 236 280
1 9 3
63 273 21
1 10 6
118 159 232 92 120 8
1 9 6
124 248 288 202 232 280
1 20 5
231 26 216 74 93
1 9 4
84 39 272 231
1 10 6
275 67 66 44 274 48
1 9 6
67 245 33 174 51 251
1 19 6
71 85 279 297 61 86
1 9 5
251 294 60 88 153
1 6 3
201 159 73
1 14 6
158 270 271 79 232 225
1 8 3
264 115 48
1 14 2
115 21
1 16 4
141 183 275 114
1 17 5
209 206 191 286 242
1 20 4
95 70 66 47
1 15 5
268 190 108 182 232
1 4 4
156 278 250 221
1 20 2
131 22
1 5 2
288 241
1 18 5
262 129 241 43 33
1 8 3
280 115 48
1 1 3
116 74 287
1 3 5
262 115 118 222 19
1 1 5
122 66 179 145 276
1 15 3
22 258 147
1 11 5
131 170 191 142 68
1 1 5
187 60 252 51 24
1 18 3
234 173 177
1 1 2
136 44
1 10 3
191 23 151
1 19 5
287 63 159 15 105
1 14 4
110 120 200 296
1 16 5
45 108 40 190 89
1 9 3
34 82 186
1 15 3
130 281 58
1 4 5
71 13 223 55 0
1 9 5
87 152 44 183 61
1 6 2
239 195
1 3 3
16 191 124
1 1 3
220 242 108
1 15 4
220 124 228 120
1 9 6
170 7 11 45 79 83
1 9 6
250 47 19 139 107 59
1 16 3
214 271 173
1 5 4
240 37 15 91
1 15 2
197 260
1 8 6
23 14 290 241 222 33
1 9 2
286 236
1 12 6
114 236 120 237 65 147
1 11 5
266 187 140 83 11
1 4 5
149 249 33 218 109
1 17 2
271 169
1 12 3
216 208 18
1 20 5
245 115 119 40 19
1 14 4
102 228 56 279
1 19 6
140 243 197 293 220 256
1 3 5
162 0 27 113 244
1 9 5
299 165 174 19 4
1 20 5
24 125 199 102 15
1 19 3
89 273 60
1 3 5
286 270 235 44 105
1 14 4
198 265 245 175
1 14 2
131 141
1 13 2
0 123
1 7 6
82 75 48 111 65 94
1 11 6
207 4 104 83 176 84
1 8 5
8 148 284 115 32
1 15 5
137 116 190 82 124
1 1 6
127 145 242 41 172 111
1 2 2
289 103
1 20 6
296 17 128 121 285 161
1 14 3
290 109 156
1 7 3
81 93 156
1 8 6
126 1 289 158 34 258
1 9 3
95 128 290
1 9 2
136 79
1 19 3
151 36 106
1 3 4
122 283 36 11
1 17 4
264 166 226 245
1 15 2
2 40
1 3 4
181 75 141 140
1 8 3
298 278 69
1 17 6
245 193 57 95 137 74
1 9 5
31 195 20 47 213
1 4 2
66 288
1 13 4
21 230 284 14
1 4 4
91 41 0 79
1 16 6
105 101 149 261 0 53
1 20 2
283 256
1 13 4
296 58 262 222
1 9 2
11 258
1 20 5
149 107 163 288 110
1 13 4
297 254 125 172
1 14 6
134 208 192 211 123 18
1 7 5
241 15 125 104 1
1 9 4
28 263 17 163
1 17 5
51 105 103 287 104
1 6 5
221 266 265 108 142
1 13 3
217 161 69
1 2 3
43 282 41
1 9 4
207 3 215 200
1 14 4
227 156 291 37
1 4 5
138 8 137 15 279
1 3 5
24 199 89 228 200
1 2 4
215 63 96 7
1 9 5
1 65 238 40 146
1 20 4
1 174 275 279
1 18 4
26 246 14 177
1 20 4
127 266 278 50
1 11 4
109 291 182 61
1 9 4
99 144 271 12
1 8 2
1 230
1 1 6
37 162 13 151 172 135
1 2 6
168 170 36 106 194 48
1 7 5
283 267 281 271 44
1 8 5
131 40 292 194 258
1 11 2
53 195
1 18 4
241 111 149 297
1 5 3
213 0 259
1 17 5
122 126 182 160 202
1 20 4
201 252 45 231
1 16 4
167 55 78 258
1 17 2
66 171
1 15 4
189 93 26 66
1 7 5
167 261 193 30 90
1 6 6
145 67 269 2 239 179
1 10 5
15 200 141 142 108
1 19 4
299 246 70 6
1 13 3
152 205 174
1 11 5
197 133 70 121 44
1 3 6
283 138 149 151 38 79
1 8 2
291 60
1 5 3
278 253 267
1 10 3
117 288 147
1 12 4
181 289 198 49
1 20 6
172 36 100 11 104 154
1 9 3
290 51 292
1 15 6
34 123 295 64 81 237
1 1 5
133 248 246 41 57
1 3 6
80 9 33 32 294 92
1 5 5
264 209 139 241 222
1 12 4
32 80 40 26
1 6 6
88 280 163 135 109 140
1 6 5
54 242 252 103 116
1 10 4
39 42 272 77
1 15 6
284 53 85 114 124 125
1 13 5
37 251 4 281 230
1 4 4
272 187 7 99
1 12 3
263 243 90
1 1 3
296 153 182
1 1 4
160 246 241 231
1 9 5
38 13 159 189 211
1 13 5
77 86 227 156 282
1 4 6
163 221 206 144 218 23
1 19 4
288 282 74 3
1 11 5
283 282 75 104 227
1 17 3
148 8 276
1 18 6
202 63 97 228 153 283
1 6 2
150 69
1 9 6
173 54 119 200 12 124
1 18 5
209 266 144 155 294
1 18 5
161 282 37 116 268
1 11 5
137 118 205 123 40
1 12 2
207 122
1 7 3
280 61 121
1 15 2
52 42
1 10 2
66 13
1 17 6
160 60 277 121 185 261
1 6 2
280 25
1 2 2
134 133
1 1 5
295 69 268 213 25
1 20 6
118 4 214 193 147 253
1 19 2
3 130
1 14 3
209 246 6
1 19 3
103 164 224
1 18 5
38 45 39 100 44
1 15 4
82 189 168 19
1 16 5
249 186 94 87 248
1 10 3
130 15 234
1 14 4
232 210 192 68
1 14 2
151 40
1 2 4
210 32 162 231
1 10 6
132 110 63 145 174 273
1 16 3
115 66 145
1 6 6
29 13 277 39 164 207
1 9 6
146 184 32 99 17 247
1 19 3
129 52 144
1 17 4
24 170 172 80
1 5 6
26 182 42 255 164 292
1 5 4
4 186 24 275
1 7 6
83 104 134 219 186 11
1 9 6
143 226 62 259 244 222
1 9 3
117 134 79
1 10 6
202 296 110 192 134 140
1 16 3
104 111 33
1 20 3
61 275 153
1 1 6
22 205 290 149 220 219
1 10 3
89 142 24
1 2 6
162 182 9 65 99 105
1 18 2
291 241
1 14 5
194 167 150 278 6
1 20 3
120 209 76
1 9 6
120 17 234 111 135 68
1 18 3
224 48 192
1 12 5
55 278 23 142 223
1 16 5
225 63 33 155 1
1 11 3
118 204 227
1 20 6
46 200 36 28 90 83
1 8 5
290 131 268 252 33
1 1 4
291 83 221 129
1 11 2
197 150
1 5 2
211 241
1 15 4
62 140 1 257
1 5 3
106 136 86
1 17 4
147 160 204 261
1 1 5
293 110 67 245 166
1 3 4
255 222 282 105
1 15 5
179 168 31 42 214
1 10 5
5 80 68 55 64
1 8 4
91 108 139 19
1 5 3
192 242 140
1 9 3
84 295 293
1 19 2
158 39
1 8 6
248 254 229 91 34 80
1 16 5
298 152 87 32 162
1 1 3
159 298 41
1 13 3
100 90 109
1 18 2
5 62
1 7 6
110 43 21 52 121 230
1 3 2
107 270
1 10 6
212 196 114 156 260 145
1 1 6
128 43 67 207 53 2
1 20 3
247 12 215
1 7 3
224 218 173
1 7 4
254 116 87 239
1 15 2
256 67
1 13 5
54 95 86 192 27
1 9 2
129 106
1 9 3
132 4 69
1 1 6
72 217 141 213 151 9
1 18 3
83 55 282
1 1 2
194 138
1 16 6
224 187 31 269 223 232
1 9 4
127 238 241 219
1 5 4
71 104 74 18
1 18 5
56 277 126 144 266
1 13 3
170 41 229
1 14 6
71 77 273 171 229 221
1 7 5
43 98 68 251 212
1 11 3
96 78 291
1 8 2
218 43
1 13 2
100 140
1 11 2
55 259
1 16 2
87 209
1 10 5
128 30 19 173 29
1 7 6
64 262 122 208 37 94
1 20 2
141 11
1 19 3
246 294 190
1 16 3
91 187 128
1 3 6
125 208 17 295 275 67
1 15 4
148 117 102 242
1 6 3
147 178 282
1 16 5
188 158 142 225 149
1 14 5
80 27 113 187 263
1 3 3
136 256 62
1 7 4
7 102 249 35
1 19 2
105 36
1 4 5
37 156 143 133 246
1 7 2
117 161
1 20 2
151 36
1 3 6
238 213 69 220 140 261
1 1 5
104 49 218 224 271
1 10 2
71 285
1 5 2
193 42
1 16 4
179 52 291 6
1 14 2
143 87
1 1 5
93 68 273 221 58
1 12 6
156 125 279 168 288 238
1 15 3
297 240 73
1 7 2
119 295
1 12 3
226 274 289
1 12 5
148 78 116 268 135
1 18 2
53 286
1 16 5
189 10 204 66 47
1 14 5
77 101 23 279 254
1 7 4
35 194 48 29
1 8 5
135 247 215 179 229
1 14 4
67 99 103 22
1 1 5
149 281 104 115 33
1 7 3
259 77 284
1 12 4
130 143 294 265
1 20 5
190 242 136 28 257
1 2 4
79 166 217 216
1 9 5
200 44 282 22 268
1 8 4
226 72 97 88
1 2 3
152 69 249
1 20 5
107 233 287 47 266
1 16 6
202 159 66 192 165 255
1 9 6
216 117 266 177 222 203
1 15 4
275 214 92 197
1 4 2
72 14
1 17 5
162 2 102 226 40
1 12 5
9 127 63 163 207
1 13 6
44 281 111 215 182 153
1 20 2
236 85
1 19 5
16 174 110 286 164
1 4 5
15 222 266 126 287
1 11 3
73 136 222
1 14 6
67 15 31 250 270 70
1 18 5
164 130 196 194 169
1 8 5
214 172 173 266 88
1 17 4
98 33 30 77
1 11 5
227 7 276 113 251
1 1 4
82 294 84 183
1 13 4
122 85 80 58
1 1 3
6 89 254
1 5 4
233 58 103 219
1 8 6
159 56 238 256 25 126
1 8 3
123 93 267
1 8 4
8 101 14 125
1 2 2
155 231
1 10 3
128 62 51
1 5 4
179 45 67 166
1 7 6
98 101 87 102 109 46
1 14 6
192 22 153 28 246 289
1 11 5
149 250 182 123 185
1 20 3
12 21 34
1 13 5
233 218 26 94 49
1 14 4
114 85 281 205
1 17 2
171 235
1 9 2
159 116
1 20 6
148 265 86 256 228 24
1 18 6
163 64 200 105 278 176
1 9 2
61 278
1 17 3
269 226 128
1 14 5
35 83 104 150 282
1 19 6
172 16 125 227 109 73
1 1 5
85 153 209 262 264
1 14 5
157 58 246 249 298
1 6 4
185 4 174 24
1 10 2
107 206
1 8 4
113 82 165 29
1 2 6
178 254 26 37 119 221
1 18 6
159 107 95 128 46 121
1 19 3
246 243 121
1 11 3
61 124 169
1 9 3
129 139 260
1 3 3
216 77 41
1 4 6
7 297 175 123 283 21
1 10 5
96 287 3 155 133
1 1 5
12 105 177 136 264
1 8 5
172 250 222 247 198
1 4 2
5 87
1 3 4
49 277 88 161
1 7 6
202 242 147 105 14 151
1 17 2
227 37
1 20 3
51 40 73
1 6 4
244 215 287 129
1 5 6
42 180 268 126 204 262
1 20 6
86 220 85 251 133 50
1 3 6
157 244 251 205 4 109
1 8 3
95 77 80
1 4 3
35 31 89
1 1 5
119 231 171 189 126
1 11 3
240 102 112
1 7 5
34 209 249 108 203
1 3 4
137 80 187 210
1 2 2
281 223
1 9 3
233 95 87
1 7 3
158 31 56
1 1 4
227 200 77 258
1 6 4
44 130 127 240
1 9 2
62 165
1 7 3
191 52 223
1 2 5
255 211 69 31 202
1 13 6
102 223 2 133 58 168
1 9 2
10 177
1 16 3
38 242 261
1 18 2
176 137
1 18 2
114 249
1 2 2
76 8
1 13 6
202 178 263 102 272 258
1 20 2
28 193
1 14 6
280 43 178 115 26 275
1 20 5
104 296 86 166 230
1 7 2
138 226
1 13 6
244 132 135 120 139 271
1 8 6
274 186 17 51 299 70
1 10 6
210 4 15 35 20 123
1 13 2
15 184
1 15 2
78 136
1 8 3
269 65 136
1 9 6
163 6 71 22 55 231
1 14 4
299 101 279 83
1 13 2
188 31
1 6 3
228 37 163
1 16 2
110 91
1 20 3
111 275 79
1 19 5
234 241 110 266 214
1 12 6
277 140 25 133 256 68
1 7 5
206 223 166 254 287
1 13 3
21 295 57
1 15 2
293 37
1 12 2
224 97
1 13 4
86 33 205 160
1 19 6
190 87 3 45 195 8
1 6 5
53 216 194 150 205
1 20 2
71 254
1 17 4
8 209 170 143
1 4 2
178 213
1 2 5
147 191 258 154 173
1 8 6
278 151 97 180 297 77
1 15 2
94 3
1 4 2
92 119
1 8 2
214 7
1 8 3
58 164 165
1 17 4
259 92 99 142
1 1 2
293 56
1 9 2
119 270
1 7 6
273 4 96 200 156 187
1 6 2
8 227
1 10 6
152 268 31 153 220 285
1 10 6
286 107 243 125 251 11
1 19 2
16 57
1 3 2
126 58
1 10 2
288 181
1 15 6
227 234 67 150 50 66
1 2 3
258 246 76
1 6 4
212 163 173 41
1 9 5
121 178 201 119 262
1 12 6
286 298 137 58 99 123
1 12 4
11 93 20 195
1 6 2
72 68
1 13 5
32 120 246 142 98
1 5 6
294 147 138 216 57 48
1 2 3
251 229 181
1 13 5
93 98 226 97 120
1 10 6
152 84 47 249 168 199
1 8 2
236 121
1 17 2
54 64
1 3 5
121 5 129 179 66
1 2 2
111 225
1 8 5
291 288 39 173 36
1 4 4
89 248 76 133
1 9 2
30 153
1 11 5
110 210 204 115 31
1 1 5
155 276 229 79 98
1 3 6
33 38 251 91 231 132
1 14 5
275 182 112 178 127
1 12 3
76 144 67
1 10 6
140 19 11 40 106 147
1 19 6
16 123 43 142 284 76
1 8 6
36 240 64 31 283 257
1 2 6
240 98 126 222 111 260
1 16 3
155 107 81
1 9 4
162 197 160 184
1 7 6
30 232 116 280 253 265
1 8 3
94 159 62
1 3 4
9 74 7 252
1 15 6
114 216 289 274 291 112
1 9 4
9 249 215 18
1 3 2
183 62
1 6 3
84 35 76
1 9 4
162 109 202 195
1 4 5
147 250 102 40 279
1 14 6
81 17 220 250 218 94
1 1 2
272 1
1 16 4
162 142 56 290
1 20 3
48 171 267
1 4 3
120 86 118
1 6 3
255 286 86
1 19 4
46 216 154 111
1 16 5
285 106 51 110 111
1 20 5
113 228 177 77 226
1 15 2
86 161
1 20 4
214 38 11 44
1 13 3
193 274 109
1 19 3
92 36 271
1 5 4
81 227 288 164
1 7 5
240 209 74 219 281
1 19 5
19 213 204 4 45
1 18 5
76 27 110 64 144
1 9 2
20 164
1 9 4
183 219 197 80
1 10 5
276 186 71 140 178
1 6 2
4 148
1 5 3
285 276 75
1 7 4
19 167 203 246
1 9 5
90 219 255 221 24
1 1 4
104 236 137 175
1 18 3
196 270 272
1 4 4
141 29 288 17
1 7 2
13 153
1 3 3
55 124 28
1 1 6
131 254 182 44 138 21
1 7 6
130 252 203 142 148 250
1 19 4
117 224 119 280
1 10 5
38 13 244 82 64
1 13 6
72 50 40 130 260 158
1 15 2
102 34
1 16 6
16 75 96 128 178 134
1 14 2
289 287
1 14 6
282 291 207 152 47 292
1 12 5
108 258 283 81 140
1 1 3
239 299 263
1 7 2
18 271
1 1 2
38 210
1 17 4
23 157 5 2
1 17 6
56 267 192 68 125 197
1 7 5
111 60 88 68 217
1 7 3
273 190 13
1 10 5
139 74 27 248 20
1 11 6
297 215 226 17 90 24
1 11 6
203 146 77 7 162 296
1 16 6
298 105 242 5 93 104
1 5 5
25 60 90 129 190
1 19 3
105 26 124
1 18 6
112 164 102 38 165 158
1 2 6
230 221 152 4 249 114
1 3 4
278 103 274 207
1 10 5
298 84 206 79 155
1 13 5
258 147 28 130 48
1 4 3
125 193 251
1 20 3
133 176 29
1 14 5
180 52 191 95 288
1 10 3
83 98 103
1 12 4
179 104 222 255
1 20 6
196 86 276 147 226 128
1 8 2
66 163
1 5 3
173 117 169
1 16 6
184 79 113 25 18 263
1 1 3
52 189 109
1 18 6
272 65 238 95 189 194
1 17 3
152 117 290
1 11 6
137 45 245 86 52 266
1 13 2
14 62
1 17 3
202 217 85
1 12 6
282 229 234 12 220 117
1 5 2
8 229
1 17 6
104 16 5 223 19 75
1 6 6
273 82 47 116 109 85
1 16 3
231 189 48
1 10 2
63 171
1 12 3
217 150 130
1 18 3
32 240 233
1 7 5
214 137 277 262 85
1 1 5
234 116 139 187 126
1 12 5
186 144 253 214 234
1 14 5
101 233 226 70 243
1 20 5
285 188 168 124 6
1 9 3
101 173 212
1 16 4
135 89 110 162
1 16 6
62 131 224 234 60 99
1 15 3
291 129 217
1 2 2
279 214
1 13 3
104 14 78
1 7 2
171 244
1 15 6
72 103 185 133 213 132
1 10 5
116 252 287 200 225
1 3 4
18 259 199 230
1 14 6
145 92 221 218 244 43
1 17 2
4 28
1 16 2
7 133
1 8 4
176 261 41 49
1 11 5
182 257 269 41 240
1 4 3
254 17 250
1 14 5
254 151 68 166 244
1 4 5
299 8 123 117 92
1 6 4
274 168 7 284
1 15 3
208 167 50
1 6 3
25 32 161
1 14 5
152 198 294 180 232
1 9 2
201 275
1 13 3
53 151 140
1 3 3
244 298 288
1 3 4
295 212 5 138
1 20 3
170 29 123
1 5 3
161 215 181
1 12 6
128 218 43 33 123 172
1 19 2
223 18
1 18 3
228 49 205
1 18 3
181 7 173
1 8 5
112 294 55 92 181
1 6 6
196 227 183 238 26 68
1 19 6
33 237 257 170 32 229
1 7 6
111 185 259 220 25 178
1 6 3
158 227 171
1 18 4
6 174 275 246
1 5 3
260 294 84
1 5 5
6 177 149 108 249
1 14 5
236 265 215 101 135
1 5 2
209 100
1 3 3
299 127 76
1 4 6
253 254 297 181 46 225
1 2 4
83 159 34 270
1 16 5
129 15 107 120 4
1 4 2
177 34
1 7 6
135 221 266 218 46 51
1 12 3
210 50 234
1 14 3
159 7 141
1 4 2
205 32
1 3 5
10 233 160 7 239
1 1 6
289 192 154 262 298 169
1 9 6
119 13 249 251 10 236
1 18 3
16 272 201
1 13 4
181 96 260 86
1 15 6
153 52 130 33 46 191
1 7 3
121 84 30
1 2 6
180 15 289 145 181 194
1 6 4
175 9 7 182
1 10 5
251 154 281 252 237
1 6 2
258 97
1 10 5
190 93 42 22 183
1 12 2
107 141
1 12 6
227 33 160 109 239 154
1 4 2
83 197
1 4 5
210 120 37 99 211
1 5 5
74 184 160 33 205
1 12 5
77 50 7 143 151
1 12 6
160 59 82 166 14 295
1 10 6
151 18 19 244 72 196
1 15 3
226 289 141
1 16 2
241 239
1 3 4
115 177 131 292
1 3 6
111 128 220 139 60 149
1 7 3
90 274 14
1 3 4
11 53 246 175
1 1 3
202 172 1
1 2 2
200 91
1 7 4
50 124 16 171
1 4 4
129 35 269 275
1 4 5
7 108 68 67 298
1 1 2
49 23
1 12 2
104 209
1 17 6
241 231 96 56 110 255
1 15 5
144 145 37 253 281
1 15 4
58 206 166 59
1 4 6
144 281 209 205 207 290
1 16 3
167 86 29
1 14 5
45 122 112 56 12
1 12 3
67 116 149
1 6 2
66 185
1 12 3
261 157 198
1 4 3
136 287 17
1 3 2
198 164
1 12 4
60 147 254 164
1 15 6
220 217 222 98 264 204
1 7 3
110 191 232
1 13 2
243 166
1 4 2
55 43
1 9 6
256 82 130 124 277 151
1 17 2
243 281
1 12 3
17 157 186
1 12 2
65 138
1 10 6
176 19 36 273 10 295
1 6 3
212 84 102
1 4 4
232 1 202 42
1 13 2
12 298
1 18 3
103 254 132
1 17 2
228 108
1 2 5
78 136 193 54 11
1 6 6
188 126 199 143 281 193
1 9 6
218 5 114 120 51 42
1 15 2
66 294
1 9 4
138 278 232 92
1 17 4
53 180 111 137
1 11 3
46 24 195
1 19 5
86 221 105 127 61
1 18 4
178 260 5 288
1 17 6
96 47 112 255 16 19
1 9 6
51 67 1 141 97 196
1 19 3
7 170 85
1 9 2
229 173
1 13 4
281 114 24 118
1 3 5
208 216 282 18 221
1 2 5
159 236 51 257 8
1 4 2
78 37
1 3 3
148 29 23
1 12 3
65 251 180
1 6 5
138 260 129 75 155
1 5 5
32 272 270 226 38
1 6 2
153 113
1 5 2
90 143
1 20 4
30 121 132 251
1 8 3
41 157 183
1 10 3
209 24 37
1 8 5
234 6 195 219 254
1 12 6
132 271 168 199 122 76
1 4 6
165 151 184 28 31 238
1 6 4
133 227 221 25
1 15 5
213 95 148 83 210
1 19 2
185 18
1 12 5
222 126 86 17 219
1 15 6
217 170 194 181 234 175
1 3 2
111 265
1 14 3
175 147 34
1 2 2
190 97
1 3 6
244 246 33 284 98 145
1 14 2
66 263
1 13 3
288 193 234
1 20 2
186 229
1 15 6
56 36 282 27 54 22
1 5 2
200 43
1 17 4
184 289 1 220
1 3 3
0 99 259
1 14 2
91 174
1 10 2
59 83
1 18 6
208 56 192 196 73 164
1 2 6
104 18 77 158 152 74
1 5 3
115 22 122
1 8 6
27 49 93 121 214 194
1 1 5
172 76 3 230 224
1 13 5
63 224 151 156 167
1 16 4
69 243 158 153
1 16 3
153 148 14
1 19 2
108 238
1 8 2
163 8
1 16 6
3 86 48 16 102 264
1 13 4
91 190 30 104
1 17 3
202 130 295
1 5 4
76 139 187 78
1 4 2
93 119
1 3 2
205 231
1 5 6
71 226 11 83 264 279
1 1 6
128 1 260 189 26 216
1 2 5
206 145 75 39 91
1 16 2
173 172
k 20
