300 1500 465
11 12 12 11 30 38 34 30 38 21 20 19 21 40 32 29 37 32 13 16 28 40 25 34 16 24 19 12 16 26 24 25 18 11 24 19 19 23 27 33 33 26 36 22 40 23 20 37 25 23 15 20 24 40 35 16 17 13 15 30 32 21 12 15 28 17 14 30 38 27 13 17 22 33 33 14 37 33 25 14 12 35 35 39 20 15 36 39 23 19 38 30 25 15 34 30 30 24 25 23 12 21 19 13 25 22 13 26 29 26 20 24 11 31 20 11 20 29 22 33 23 12 36 15 19 40 34 33 30 33 29 28 25 40 15 34 18 17 17 24 35 24 29 12 33 36 22 24 34 14 37 17 34 19 34 21 35 16 35 12 14 25 25 28 32 39 16 39 13 23 11 30 38 25 30 33 26 28 20 15 13 19 22 24 21 40 34 20 37 27 17 28 15 35 33 29 27 28 11 36 25 26 13 26 18 25 23 28 14 22 20 37 14 33 20 15 14 19 12 20 34 32 35 20 28 22 30 12 31 13 21 27 30 29 26 29 35 34 23 18 24 16 17 29 17 40 22 14 39 18 33 28 22 30 28 19 21 30 26 24 20 31 38 14 35 18 36 39 14 11 37 18 13 16 37 38 33 23 18 21 17 22 37 27 39 16 27 26 40 34 30 20 23 30 14 35 18 23 17 28
1 2 2 1 20 28 24 20 28 11 10 9 11 30 22 19 27 22 3 6 18 30 15 24 6 14 9 2 6 16 14 15 8 1 14 9 9 13 17 23 23 16 26 12 30 13 10 27 15 13 5 10 14 30 25 6 7 3 5 20 22 11 2 5 18 7 4 20 28 17 3 7 12 23 23 4 27 23 15 4 2 25 25 29 10 5 26 29 13 9 28 20 15 5 24 20 20 14 15 13 2 11 9 3 15 12 3 16 19 16 10 14 1 21 10 1 10 19 12 23 13 2 26 5 9 30 24 23 20 23 19 18 15 30 5 24 8 7 7 14 25 14 19 2 23 26 12 14 24 4 27 7 24 9 24 11 25 6 25 2 4 15 15 18 22 29 6 29 3 13 1 20 28 15 20 23 16 18 10 5 3 9 12 14 11 30 24 10 27 17 7 18 5 25 23 19 17 18 1 26 15 16 3 16 8 15 13 18 4 12 10 27 4 23 10 5 4 9 2 10 24 22 25 10 18 12 20 2 21 3 11 17 20 19 16 19 25 24 13 8 14 6 7 19 7 30 12 4 29 8 23 18 12 20 18 9 11 20 16 14 10 21 28 4 25 8 26 29 4 1 27 8 3 6 27 28 23 13 8 11 7 12 27 17 29 6 17 16 30 24 20 10 13 20 4 25 8 13 7 18
1 13 5
83 243 10 265 134
1 19 2
1 231
1 16 3
215 126 3
1 9 6
299 263 253 108 272 235
1 23 2
200 281
1 9 6
41 226 209 292 177 89
1 9 6
52 158 206 93 151 106
1 13 4
154 79 255 157
1 14 4
127 10 62 240
1 13 4
151 120 290 30
1 23 2
202 276
1 31 2
13 118
1 17 2
27 88
1 18 3
182 192 39
1 30 2
163 129
1 36 2
68 289
1 11 6
245 285 203 205 71 229
1 23 2
287 178
1 15 4
101 62 77 15
1 30 2
21 101
1 14 4
137 7 200 224
1 12 6
5 202 160 227 148 234
1 22 3
80 213 94
1 23 2
123 164
1 27 2
254 29
1 21 3
6 58 233
1 11 6
90 174 181 46 235 238
1 25 2
246 233
1 12 4
114 25 268 48
1 17 3
293 32 99
1 12 5
131 126 268 55 43
1 13 5
229 239 209 257 248
1 19 3
31 186 10
1 18 4
180 150 253 81
1 13 5
5 7 294 239 166
1 19 3
190 197 95
1 32 2
13 111
1 29 2
254 59
1 15 3
1 152 2
1 13 5
116 26 59 247 282
1 10 6
75 49 78 145 131 104
1 13 4
168 55 297 174
1 10 6
252 258 9 76 112 36
1 31 2
243 77
1 13 5
131 40 253 227 77
1 15 4
264 272 19 201
1 17 4
186 110 153 289
1 13 5
31 74 146 42 168
1 13 5
54 72 39 93 255
1 17 4
246 119 200 140
1 12 6
98 263 156 0 285 150
1 16 4
151 64 90 70
1 19 2
247 52
1 11 5
214 97 67 292 196
1 11 4
259 218 46 260
1 13 5
206 251 268 47 216
1 15 3
78 294 146
1 33 2
16 95
1 13 3
18 163 80
1 13 5
279 251 281 258 87
1 12 6
28 150 91 259 171 76
1 9 6
291 11 19 16 279 252
1 10 5
296 114 238 286 121
1 18 4
262 16 142 7
1 19 3
249 139 222
1 18 3
273 201 224
1 13 4
294 127 118 285
1 22 3
104 163 288
1 17 4
128 284 70 247
1 24 2
144 123
1 24 3
242 40 87
1 11 6
200 215 166 23 77 127
1 17 3
35 94 278
1 13 5
119 219 295 233 181
1 16 4
5 26 104 176
1 11 5
268 142 69 136 249
1 12 6
199 219 112 61 133 86
1 10 6
251 65 96 132 156 69
1 12 4
121 194 179 159
1 19 2
249 84
1 10 6
264 195 246 32 207 95
1 15 3
56 269 253
1 13 5
123 189 262 85 205
1 10 6
157 209 215 250 205 235
1 9 5
19 204 252 249 38
1 24 3
41 73 83
1 14 5
100 125 113 138 255
1 8 6
240 210 147 198 71 197
1 13 3
196 202 229
1 29 2
187 172
1 10 6
81 254 170 45 235 116
1 35 2
211 73
1 15 4
240 203 41 81
1 16 3
294 26 293
1 35 2
140 158
1 14 5
295 123 47 93 105
1 13 5
158 94 51 98 299
1 13 5
269 244 209 40 135
1 17 4
40 219 65 54
1 11 5
105 195 109 27 101
1 8 5
50 255 278 241 111
1 19 4
8 43 284 107
1 10 5
202 217 253 61 215
1 31 2
135 108
1 18 3
81 136 155
1 9 6
29 85 10 48 195 37
1 19 2
179 25
1 13 5
114 157 108 250 175
1 15 4
281 169 264 109
1 23 3
144 170 274
1 18 3
19 260 236
1 35 2
133 293
1 10 6
192 173 28 285 176 152
1 17 4
207 136 159 245
1 25 2
219 228
1 28 2
156 246
1 13 5
243 228 272 211 63
1 13 6
294 71 43 136 284 288
1 14 5
222 37 230 81 296
1 11 5
290 217 131 209 46
1 10 6
20 252 89 1 135 124
1 16 4
286 83 299 217
1 15 5
284 90 267 96 280
1 15 5
86 218 260 1 83
1 8 6
255 249 290 168 215 33
1 29 2
38 14
1 19 3
107 224 59
1 24 3
12 245 276
1 17 3
91 218 9
1 9 6
183 249 297 148 273 281
1 9 6
286 258 89 19 4 198
1 19 2
219 136
1 20 3
76 146 183
1 26 3
73 13 284
1 10 6
107 153 94 123 179 290
1 11 6
85 20 293 136 165 131
1 12 6
42 0 31 281 16 238
1 16 4
125 69 45 244
1 12 6
68 153 123 196 154 60
1 15 4
164 49 197 155
1 9 6
242 247 26 170 87 149
1 15 5
66 87 6 266 92
1 20 3
68 114 118
1 16 4
286 40 77 189
1 11 6
150 18 55 290 49 263
1 15 3
30 89 146
1 11 6
163 254 17 232 186 58
1 12 4
163 32 184 246
1 11 5
256 175 50 273 201
1 12 6
108 137 111 87 282 7
1 13 3
27 92 24
1 31 2
21 281
1 17 3
140 265 143
1 23 3
157 245 67
1 10 6
296 171 110 258 292 7
1 11 5
278 24 258 176 4
1 17 2
27 99
1 12 5
122 143 41 206 238
1 11 5
235 202 105 117 240
1 21 3
91 74 157
1 9 5
277 168 230 155 34
1 11 6
162 132 213 273 178 148
1 22 3
217 131 133
1 10 5
279 155 20 201 227
1 10 5
121 62 247 38 41
1 13 4
45 271 7 143
1 15 3
217 224 80
1 11 6
230 135 280 74 192 80
1 13 5
281 120 232 47 72
1 13 5
97 23 113 154 157
1 18 2
280 35
1 12 6
87 153 50 202 175 254
1 13 4
281 138 106 194
1 17 3
238 30 233
1 12 5
233 164 91 240 197
1 18 3
195 258 234
1 16 4
59 137 156 268
1 9 6
4 157 64 48 28 268
1 10 6
155 96 124 175 174 214
1 18 4
123 165 148 95
1 13 4
176 286 98 239
1 13 5
42 166 96 201 52
1 14 3
285 49 279
1 26 3
275 245 59
1 8 6
197 292 66 155 89 121
1 14 5
86 243 237 199 123
1 13 6
175 8 245 189 127 21
1 18 2
285 12
1 20 2
49 242
1 10 3
93 247 63
1 17 4
195 153 21 196
1 15 4
231 54 84 157
1 13 4
283 258 114 106
1 33 2
224 87
1 16 4
33 293 194 164
1 10 4
75 116 101 32
1 11 5
219 79 97 34 148
1 10 6
99 237 3 287 241 26
1 12 5
38 256 230 286 289
1 13 5
274 178 43 226 210
1 8 5
294 112 265 84 291
1 16 4
237 230 225 127
1 13 5
254 74 61 34 14
1 13 5
135 10 197 237 299
1 15 2
241 75
1 13 3
166 2 132
1 19 2
79 240
1 28 2
144 34
1 13 5
167 196 25 124 209
1 11 5
233 61 196 168 183
1 24 2
242 221
1 11 4
14 263 0 115
1 10 6
27 54 65 253 12 120
1 18 3
253 173 3
1 19 3
193 61 72
1 29 2
23 52
1 20 3
232 84 60
1 10 6
11 33 180 240 25 284
1 12 4
63 71 250 268
1 10 6
109 200 230 246 231 236
1 10 6
256 112 190 272 245 9
1 14 3
243 247 62
1 26 2
49 226
1 30 2
133 260
1 26 2
262 58
1 14 4
292 239 213 123
1 16 4
79 105 172 109
1 22 3
156 73 45
1 13 5
137 6 81 23 71
1 13 4
260 216 39 256
1 13 5
96 271 83 89 283
1 15 5
8 202 167 87 26
1 10 6
259 161 242 160 216 199
1 12 5
167 9 89 136 52
1 16 3
243 70 217
1 31 2
97 5
1 12 4
296 187 61 117
1 12 4
249 28 247 171
1 13 5
186 57 117 168 250
1 26 3
185 245 57
1 26 2
78 191
1 14 5
38 266 68 216 79
1 14 5
46 232 262 171 39
1 30 2
185 84
1 16 3
116 95 28
1 36 2
267 144
1 24 3
82 60 8
1 7 6
45 100 36 10 260 187
1 10 6
88 162 41 193 216 253
1 12 4
170 278 253 35
1 13 5
245 107 298 130 161
1 21 2
184 225
1 13 5
59 137 237 250 101
1 20 2
120 298
1 19 2
255 102
1 11 6
248 164 70 33 238 15
1 9 6
205 1 18 269 117 163
1 17 4
235 105 284 256
1 14 5
134 184 109 150 6
1 11 6
255 55 18 12 129 175
1 14 3
214 246 62
1 11 6
62 225 232 279 90 9
1 18 3
64 224 291
1 19 3
192 17 234
1 19 4
7 213 42 133
1 9 6
257 109 272 101 130 182
1 9 6
190 103 212 231 189 17
1 21 2
141 153
1 22 3
215 188 96
1 22 3
39 193 17
1 12 5
203 27 218 6 33
1 15 3
110 252 259
1 8 6
123 36 37 204 249 200
1 25 2
68 218
1 14 4
25 206 198 186
1 24 3
60 21 212
1 13 5
155 225 156 12 135
1 14 5
42 80 186 176 18
1 8 6
272 183 280 15 37 71
1 20 2
279 46
1 10 6
56 30 262 29 212 214
1 22 3
299 87 105
1 10 6
206 182 293 234 45 290
1 9 6
124 203 39 109 30 51
1 20 2
114 279
1 12 4
197 263 27 155
1 16 3
107 183 238
1 25 2
21 112
1 16 3
235 255 89
1 12 5
96 61 257 4 241
1 15 4
181 244 52 68
1 26 2
219 129
1 24 3
284 31 222
1 25 3
282 125 207
1 20 3
4 59 12
1 28 2
102 211
1 15 4
166 140 273 231
1 21 2
249 25
1 17 3
231 29 72
1 22 2
168 60
1 23 2
214 203
1 24 3
57 119 13
1 32 2
257 220
1 15 4
174 107 200 129
1 9 6
285 80 18 293 29 101
1 20 3
63 182 248
1 21 3
144 246 174
1 17 3
176 292 132
1 24 3
284 39 244
1 12 5
234 89 207 295 99
1 15 4
195 160 187 154
1 16 4
84 125 33 162
1 9 5
56 120 50 242 277
1 11 5
263 186 104 202 115
1 23 2
240 209
1 21 2
55 201
1 11 4
291 239 98 198
1 20 3
13 12 56
1 12 6
10 6 104 165 196 172
1 22 2
194 0
1 6 5
79 272 27 71 55
1 22 3
275 177 169
1 12 5
109 196 47 244 100
1 12 6
165 233 231 156 151 142
1 13 5
227 224 257 208 267
1 14 5
64 186 218 230 68
1 22 2
254 138
1 11 6
286 210 206 248 294 241
1 13 5
22 79 152 156 45
1 17 4
113 287 76 177
1 11 6
219 119 271 120 257 122
1 11 6
229 158 181 236 168 98
1 22 2
173 181
1 18 4
254 175 241 21
1 34 2
59 172
1 16 2
51 180
1 10 5
34 235 84 200 153
1 13 4
29 299 89 3
1 13 5
155 45 87 15 137
1 8 6
84 285 102 251 111 260
1 19 3
176 276 239
1 11 3
268 103 210
1 12 6
47 177 165 224 9 34
1 15 4
295 131 210 166
1 14 5
53 28 60 130 181
1 9 4
181 296 170 271
1 14 4
251 253 80 269
1 12 5
23 3 92 207 15
1 9 5
106 268 280 283 84
1 14 5
223 203 87 236 169
1 10 5
153 105 252 195 52
1 32 2
60 73
1 37 2
236 284
1 23 2
222 198
1 27 2
164 99
1 12 6
185 182 157 15 80 236
1 23 3
76 234 148
1 10 6
195 14 209 27 161 159
1 15 4
249 118 139 90
1 18 3
252 96 92
1 12 4
3 141 110 107
1 14 4
2 43 148 114
1 9 5
200 206 71 66 43
1 17 4
276 268 39 275
1 11 5
263 182 190 140 110
1 10 6
269 169 163 259 112 119
1 10 6
257 160 215 234 149 261
1 6 6
151 182 271 159 85 244
1 15 3
244 286 136
1 24 3
276 83 162
1 14 5
278 208 295 225 156
1 24 2
157 74
1 10 4
287 192 2 115
1 9 3
115 134 202
1 10 6
109 33 123 106 24 156
1 13 3
223 11 18
1 24 3
173 133 74
1 9 5
291 33 149 19 142
1 12 6
102 49 181 194 165 136
1 11 6
152 224 232 169 271 81
1 25 2
58 81
1 9 6
103 132 111 218 59 269
1 21 3
122 235 147
1 24 2
111 30
1 19 2
78 70
1 11 6
85 128 151 21 100 89
1 11 2
1 33
1 19 2
166 88
1 12 5
56 226 164 66 99
1 12 6
35 193 237 166 167 33
1 17 3
205 98 196
1 21 3
24 23 96
1 17 4
276 282 291 297
1 19 2
255 210
1 21 3
222 177 257
1 18 2
55 214
1 16 4
34 7 146 126
1 23 2
43 147
1 15 4
0 194 34 283
1 19 4
275 13 153 84
1 20 3
233 166 39
1 16 3
184 69 120
1 9 5
298 219 169 246 294
1 14 4
49 189 64 195
1 9 6
114 11 180 265 230 73
1 12 5
251 217 250 88 179
1 10 5
52 195 101 241 298
1 28 2
289 49
1 25 2
156 166
1 14 4
253 177 173 104
1 20 2
89 12
1 18 3
225 84 186
1 20 2
11 252
1 18 3
123 57 125
1 15 5
133 135 214 248 265
1 21 2
96 18
1 24 2
105 176
1 22 3
23 130 154
1 12 6
6 61 193 96 48 165
1 9 6
139 113 102 26 109 116
1 21 3
104 54 20
1 27 2
186 214
1 15 5
185 291 276 147 262
1 13 4
116 283 101 234
1 11 6
223 119 34 137 220 126
1 21 3
108 127 226
1 16 4
137 133 107 110
1 11 6
240 162 295 131 144 18
1 26 2
257 209
1 15 4
169 201 222 25
1 12 5
219 35 59 4 180
1 15 4
205 98 137 140
1 10 6
146 38 25 260 141 129
1 9 6
126 118 160 137 161 202
1 10 5
155 101 151 276 112
1 12 5
216 46 175 56 91
1 24 3
167 183 82
1 16 3
19 293 178
1 23 3
99 267 257
1 13 4
111 271 246 235
1 23 3
53 293 181
1 13 5
63 144 271 249 220
1 21 3
94 95 268
1 15 3
202 51 38
1 17 2
151 244
1 10 5
106 35 231 99 223
1 31 2
262 78
1 11 5
278 149 118 194 10
1 16 2
50 271
1 34 2
213 236
1 10 6
10 251 107 264 41 84
1 22 3
69 296 44
1 13 5
7 171 264 2 259
1 18 3
142 277 107
1 8 5
12 146 216 9 123
1 25 3
61 140 21
1 12 5
67 40 1 155 116
1 29 2
250 173
1 34 2
237 236
1 18 4
186 83 96 272
1 13 4
34 197 234 183
1 11 5
36 6 280 118 28
1 16 5
13 59 53 148 299
1 14 4
131 207 189 89
1 11 6
134 65 11 5 246 40
1 11 6
246 47 216 173 194 154
1 22 2
130 241
1 19 3
228 251 84
1 27 2
228 111
1 13 3
89 279 71
1 11 6
142 171 248 170 85 118
1 12 5
49 197 119 103 181
1 11 6
187 55 108 191 201 5
1 12 5
166 196 276 109 108
1 6 6
100 26 32 170 190 84
1 36 2
8 264
1 17 4
226 132 220 193
1 12 6
270 180 133 268 293 205
1 16 4
136 282 286 240
1 12 5
286 91 114 41 126
1 17 4
73 89 222 173
1 17 4
250 156 40 242
1 19 4
55 167 267 135
1 10 6
162 275 100 48 239 107
1 10 6
108 50 127 200 168 195
1 15 5
211 26 76 125 290
1 13 5
144 35 71 110 237
1 10 6
134 31 234 259 236 65
1 11 6
146 185 265 7 190 89
1 13 5
86 89 32 232 18
1 10 5
161 286 279 111 101
1 10 6
152 58 0 50 163 78
1 11 6
114 263 286 152 94 75
1 17 4
13 242 67 256
1 16 2
291 272
1 24 3
145 132 16
1 28 2
82 146
1 18 4
76 176 122 173
1 11 6
289 134 113 250 79 246
1 11 6
69 212 222 178 239 122
1 22 2
233 285
1 19 3
274 84 230
1 11 5
123 191 241 38 166
1 13 4
142 99 45 30
1 14 5
203 82 152 143 8
1 18 3
214 268 82
1 10 6
282 249 160 24 120 11
1 9 6
198 63 243 218 254 89
1 14 3
296 1 147
1 31 2
250 67
1 10 4
34 19 269 27
1 13 4
9 69 98 114
1 16 2
202 10
1 10 6
82 240 257 108 112 11
1 19 2
169 24
1 23 2
131 36
1 13 4
27 232 180 252
1 17 4
212 59 44 57
1 11 6
141 25 187 295 60 55
1 14 4
201 128 205 173
1 26 2
95 146
1 11 5
208 166 10 134 262
1 11 5
102 58 255 53 298
1 28 2
237 45
1 15 3
151 204 233
1 13 6
289 20 5 3 44 288
1 12 6
276 266 83 173 103 120
1 26 2
126 32
1 11 6
64 179 79 67 86 36
1 8 6
22 45 0 138 181 136
1 11 5
189 290 234 101 117
1 33 2
64 262
1 27 2
69 131
1 11 6
292 98 148 30 122 258
1 12 5
120 27 217 122 259
1 12 6
41 100 16 107 157 42
1 15 4
19 58 53 49
1 10 6
41 106 153 78 77 108
1 17 4
54 213 268 143
1 11 6
108 45 10 5 109 40
1 19 2
258 229
1 19 2
105 166
1 23 3
60 119 266
1 25 2
38 37
1 25 3
77 288 282
1 22 3
20 260 262
1 13 4
281 73 227 143
1 19 3
224 212 96
1 29 2
246 42
1 12 5
218 170 117 113 129
1 16 4
145 20 238 26
1 16 2
273 151
1 17 4
56 228 193 86
1 17 3
89 73 143
1 30 2
69 194
1 25 2
287 22
1 13 4
221 58 61 260
1 16 4
282 229 56 290
1 12 6
120 267 239 216 73 75
1 26 2
133 227
1 11 3
114 215 27
1 22 3
283 248 79
1 11 3
58 219 149
1 23 2
255 196
1 24 2
169 98
1 26 3
79 5 185
1 18 3
142 196 41
1 26 2
68 63
1 18 4
21 280 11 236
1 19 3
47 230 11
1 29 2
72 86
1 17 4
125 159 19 15
1 14 5
91 13 273 166 231
1 20 4
61 13 125 147
1 12 3
190 230 57
1 16 4
108 240 158 208
1 26 2
162 20
1 22 2
119 2
1 11 6
108 278 10 290 13 92
1 15 4
32 194 293 240
1 19 3
215 288 217
1 16 3
270 112 202
1 14 4
184 269 8 137
1 13 5
188 293 118 224 263
1 18 3
11 274 170
1 22 2
287 181
1 21 3
5 32 176
1 15 5
248 122 191 234 113
1 15 4
189 279 12 82
1 16 3
66 94 216
1 12 5
163 252 94 210 230
1 12 5
244 150 149 78 109
1 10 6
32 289 189 84 110 2
1 11 6
246 264 173 113 134 163
1 23 2
217 177
1 18 4
82 114 185 115
1 12 6
270 296 79 106 90 215
1 17 3
196 258 78
1 21 3
150 22 286
1 15 5
93 165 288 241 121
1 10 5
298 65 91 136 238
1 14 4
219 212 265 199
1 16 4
158 15 96 36
1 16 2
229 10
1 12 5
101 28 190 94 191
1 10 5
118 218 91 89 72
1 11 6
132 228 249 6 186 293
1 16 4
256 253 227 295
1 10 5
97 110 136 257 230
1 16 3
281 146 286
1 31 2
98 282
1 11 6
298 66 145 135 160 132
1 12 5
259 24 5 206 58
1 14 5
209 261 293 279 83
1 25 2
19 237
1 11 5
269 163 235 291 37
1 17 3
29 161 201
1 14 5
289 117 86 118 206
1 11 6
186 207 182 10 194 109
1 14 5
135 104 270 140 238
1 16 4
73 32 35 127
1 10 6
252 146 296 248 61 210
1 15 5
90 185 92 59 190
1 16 2
269 72
1 10 6
60 108 114 166 14 218
1 19 3
135 27 97
1 21 3
122 50 231
1 11 6
266 54 231 156 7 261
1 13 5
14 139 76 99 230
1 12 4
147 69 280 240
1 9 6
244 157 276 37 123 30
1 11 6
259 71 219 289 195 23
1 13 6
13 248 118 31 33 6
1 10 6
222 93 115 117 107 139
1 10 6
217 65 191 113 105 154
1 12 6
44 159 175 157 35 2
1 18 4
84 237 248 258
1 12 5
46 238 172 35 31
1 14 5
167 111 129 92 175
1 9 6
50 14 0 65 205 190
1 11 6
54 295 296 285 62 123
1 9 6
56 292 178 93 221 38
1 10 6
92 107 116 18 223 87
1 22 2
233 123
1 11 6
157 11 150 126 19 230
1 17 3
3 264 244
1 12 2
57 269
1 12 5
74 95 155 11 293
1 14 5
265 250 185 105 247
1 15 4
69 237 101 207
1 14 5
275 156 197 113 130
1 11 5
121 170 73 249 107
1 19 3
101 265 211
1 14 5
123 159 69 16 270
1 8 6
117 178 97 271 151 33
1 14 3
218 131 75
1 13 3
269 20 229
1 21 3
52 113 73
1 26 2
7 72
1 14 5
45 53 60 3 272
1 20 3
67 7 64
1 12 5
250 299 49 223 0
1 34 2
261 90
1 27 2
243 104
1 15 4
96 33 113 232
1 17 3
18 195 49
1 21 3
87 107 9
1 15 4
205 62 172 70
1 12 4
260 214 272 96
1 16 3
103 258 139
1 19 4
275 231 75 133
1 12 6
54 2 130 53 152 127
1 11 6
15 143 122 113 232 97
1 12 6
294 290 285 288 183 193
1 26 3
93 172 133
1 35 2
150 289
1 15 4
194 107 257 296
1 10 6
297 60 4 227 36 88
1 16 2
178 180
1 16 3
163 2 110
1 13 5
228 118 37 39 237
1 18 3
271 295 223
1 8 5
208 1 57 132 298
1 21 3
4 236 159
1 11 6
86 75 221 93 205 94
1 10 6
243 2 65 220 108 238
1 17 3
78 163 263
1 19 4
165 113 146 172
1 11 6
23 266 280 59 80 149
1 9 5
146 249 139 51 111
1 24 3
241 5 145
1 17 2
273 102
1 10 6
180 42 139 183 187 191
1 10 6
187 228 64 85 109 91
1 11 6
228 191 6 156 99 265
1 11 6
112 135 242 101 97 194
1 10 6
206 105 253 135 272 131
1 27 2
182 213
1 21 3
94 128 198
1 13 5
158 116 119 289 111
1 12 6
15 36 171 185 221 214
1 26 2
194 36
1 10 4
153 252 9 103
1 18 3
56 140 214
1 11 6
131 49 197 185 269 229
1 16 4
46 284 11 92
1 12 5
96 147 89 218 186
1 15 3
105 106 25
1 11 6
158 289 95 123 86 261
1 13 5
45 110 257 262 49
1 10 6
52 214 191 77 137 268
1 13 3
272 97 123
1 12 5
88 143 63 270 298
1 12 6
217 128 275 28 203 222
1 11 6
109 77 211 52 285 204
1 33 2
253 188
1 22 2
67 263
1 20 3
200 107 152
1 14 4
197 210 257 163
1 14 5
94 68 200 158 170
1 25 2
166 154
1 14 4
103 10 282 12
1 12 5
112 148 176 272 27
1 13 5
60 101 251 82 70
1 12 4
155 234 49 61
1 16 4
239 131 284 120
1 17 4
138 144 35 264
1 15 5
36 269 8 135 125
1 13 5
194 196 113 176 82
1 30 2
297 8
1 15 4
108 23 177 209
1 18 3
97 118 174
1 23 3
237 252 295
1 33 2
15 76
1 11 5
127 240 277 9 168
1 13 5
253 154 260 289 255
1 10 6
162 95 224 184 59 38
1 14 5
238 135 53 20 231
1 13 6
102 53 225 267 115 246
1 13 2
2 50
1 12 4
51 116 279 232
1 22 3
289 40 294
1 11 6
93 4 280 273 176 274
1 17 4
236 163 39 151
1 11 5
112 124 167 202 217
1 14 5
219 134 81 282 173
1 21 3
258 248 180
1 15 2
204 70
1 18 3
34 84 67
1 30 2
275 105
1 23 2
244 233
1 16 3
147 139 183
1 13 3
136 124 10
1 9 5
229 32 104 114 244
1 13 5
67 24 156 38 198
1 20 3
60 137 232
1 12 6
66 247 76 164 169 42
1 17 4
250 8 183 147
1 12 3
217 249 19
1 13 5
128 238 16 52 116
1 27 2
246 250
1 16 4
221 238 3 194
1 30 2
52 42
1 13 4
149 137 64 162
1 10 6
298 118 189 20 193 112
1 16 4
105 200 125 103
1 19 3
127 139 203
1 15 5
68 262 47 142 173
1 30 2
126 176
1 10 6
151 263 273 173 202 81
1 12 6
165 199 189 196 14 219
1 10 5
109 297 99 176 294
1 19 3
130 7 104
1 10 6
191 60 91 241 65 265
1 10 6
209 280 210 256 125 22
1 28 2
152 225
1 34 2
14 86
1 19 3
108 299 20
1 20 3
273 186 29
1 20 2
92 123
1 17 2
219 216
1 19 2
99 192
1 16 4
186 77 241 279
1 11 5
214 235 249 176 286
1 13 5
149 91 244 199 257
1 18 4
140 169 274 152
1 11 5
208 259 59 203 162
1 12 5
99 271 208 130 119
1 21 3
153 17 113
1 11 6
233 73 269 69 90 98
1 19 2
297 241
1 8 6
205 201 273 100 120 230
1 11 6
193 220 178 81 175 103
1 29 2
182 199
1 11 4
263 214 104 93
1 11 6
103 91 230 86 189 151
1 23 3
162 148 211
1 11 6
238 131 54 0 236 212
1 20 2
28 34
1 16 4
75 15 216 236
1 17 4
64 87 261 252
1 14 5
55 211 119 225 131
1 15 5
165 296 103 262 151
1 13 4
115 295 79 223
1 11 5
232 131 97 210 244
1 11 6
178 202 31 267 244 253
1 25 2
204 129
1 7 6
66 102 291 296 104 252
1 24 2
160 54
1 9 5
187 11 51 231 246
1 11 6
13 254 100 170 141 48
1 17 4
77 145 92 100
1 14 5
44 66 186 207 229
1 13 6
136 284 92 44 231 248
1 20 3
230 21 225
1 23 2
46 189
1 15 5
222 257 139 221 13
1 14 5
126 85 168 75 150
1 17 2
55 36
1 19 3
151 243 195
1 32 2
41 68
1 15 4
251 81 134 179
1 17 3
149 126 271
1 12 4
297 162 206 43
1 10 5
177 279 101 12 132
1 14 4
58 211 112 260
1 23 2
232 71
1 16 4
222 57 121 171
1 14 4
55 185 160 100
1 17 3
285 63 188
1 14 5
154 280 197 282 177
1 20 2
91 33
1 10 6
103 197 130 113 77 187
1 18 4
24 36 284 82
1 13 6
22 21 55 143 7 288
1 12 6
276 117 160 292 151 167
1 13 5
122 299 96 127 160
1 17 4
57 156 82 69
1 8 4
280 239 137 202
1 13 4
286 224 105 48
1 10 6
261 299 153 126 75 207
1 13 5
289 208 73 32 55
1 16 4
164 24 19 236
1 12 3
80 198 48
1 13 3
103 182 244
1 14 3
176 280 249
1 19 3
81 259 269
1 13 5
131 208 158 7 23
1 13 3
219 153 63
1 13 5
95 139 64 65 54
1 30 2
25 199
1 12 6
242 195 245 156 189 289
1 27 2
221 252
1 11 5
58 158 10 2 103
1 11 4
246 110 45 183
1 12 6
251 131 288 31 62 76
1 32 2
104 133
1 19 3
119 147 265
1 12 5
217 289 143 243 43
1 20 3
37 24 87
1 16 3
215 129 180
1 14 5
13 281 164 226 174
1 14 3
294 161 296
1 24 3
276 13 129
1 18 2
37 272
1 13 5
54 179 154 218 31
1 24 2
43 38
1 23 2
210 196
1 12 6
126 16 169 54 44 56
1 12 6
194 94 172 154 202 31
1 15 4
130 95 290 253
1 13 4
287 251 100 223
1 21 2
206 178
1 9 5
242 269 272 195 280
1 13 5
144 264 279 33 66
1 29 2
186 141
1 17 3
195 25 137
1 17 4
163 125 252 107
1 14 4
59 255 30 231
1 14 2
93 229
1 9 6
113 131 217 48 225 272
1 19 3
18 56 133
1 22 2
239 189
1 32 2
97 185
1 12 5
4 73 291 160 78
1 29 2
87 217
1 11 6
164 105 264 297 234 52
1 13 5
143 64 14 299 77
1 16 4
224 183 11 274
1 13 6
282 288 78 125 25 145
1 10 6
72 121 266 223 30 179
1 11 6
87 299 79 20 96 221
1 6 6
114 2 271 280 35 218
1 27 2
29 235
1 28 2
16 223
1 13 5
234 164 276 120 58
1 27 2
220 116
1 12 4
22 132 214 173
1 11 6
241 148 147 117 277 76
1 23 2
18 152
1 13 5
195 281 75 28 275
1 24 2
180 266
1 12 6
51 68 173 158 1 217
1 17 3
30 155 177
1 12 4
27 152 166 160
1 20 3
67 128 151
1 15 5
227 52 94 90 125
1 32 2
264 195
1 11 6
177 94 295 54 206 31
1 28 2
297 148
1 14 4
18 32 175 41
1 12 5
155 297 17 67 209
1 13 6
56 29 8 89 194 125
1 11 6
60 159 93 87 246 131
1 16 3
38 249 246
1 14 4
205 94 217 215
1 9 6
15 102 235 273 131 285
1 10 6
89 9 291 250 255 7
1 16 4
158 67 108 50
1 12 6
189 223 270 185 6 195
1 11 4
48 93 149 246
1 13 4
161 279 84 117
1 17 3
240 117 141
1 14 5
265 122 16 98 222
1 14 3
263 43 291
1 12 6
264 73 244 11 275 174
1 22 2
280 131
1 13 4
57 187 220 123
1 16 4
267 166 20 71
1 7 6
58 138 182 24 278 238
1 12 4
197 57 180 187
1 33 2
282 117
1 24 3
250 44 95
1 11 6
233 112 40 151 122 283
1 12 5
0 146 15 295 37
1 10 6
216 193 294 257 72 240
1 14 5
236 66 150 86 191
1 18 3
268 50 288
1 13 5
85 99 163 61 267
1 17 3
271 111 69
1 11 6
19 250 204 145 35 78
1 7 6
269 168 249 116 31 166
1 14 5
27 44 109 253 299
1 10 6
64 175 221 51 108 48
1 10 4
176 272 134 180
1 20 2
239 281
1 37 2
126 133
1 10 6
186 291 102 67 178 12
1 10 5
257 259 296 26 111
1 20 3
232 180 7
1 13 4
69 41 139 206
1 16 3
256 233 242
1 8 6
123 205 225 240 46 265
1 13 5
46 288 163 229 134
1 15 3
170 82 159
1 9 6
207 97 96 117 27 238
1 25 3
235 275 16
1 22 3
73 205 23
1 13 4
91 57 223 259
1 12 6
86 240 45 236 149 199
1 11 6
120 189 274 61 175 121
1 13 3
24 151 277
1 21 3
122 243 114
1 9 6
69 298 27 203 37 174
1 13 6
185 146 124 54 21 119
1 15 4
119 224 31 130
1 11 6
177 122 15 187 14 208
1 16 4
203 137 267 294
1 12 5
247 223 220 176 272
1 19 3
169 156 1
1 30 2
109 289
1 23 3
126 66 266
1 19 2
149 22
1 12 3
268 58 206
1 24 3
267 33 213
1 15 4
283 109 127 20
1 11 4
277 166 61 242
1 12 5
88 93 181 274 283
1 22 3
233 165 70
1 13 6
34 202 167 147 125 4
1 12 5
4 105 179 129 219
1 12 6
276 267 174 238 175 19
1 26 2
215 270
1 32 2
245 98
1 12 5
183 242 149 47 283
1 10 5
243 157 46 118 12
1 16 3
170 109 209
1 18 4
148 59 185 235
1 19 3
206 193 190
1 19 3
109 15 235
1 22 3
146 248 195
1 18 3
264 178 153
1 16 4
232 168 126 79
1 10 6
132 114 140 32 280 192
1 15 5
114 29 127 68 167
1 11 5
1 67 166 163 33
1 14 5
187 199 54 182 129
1 26 2
54 298
1 17 3
94 269 190
1 20 3
196 65 129
1 18 4
250 131 198 185
1 22 2
256 111
1 20 3
111 73 299
1 11 6
52 148 17 28 278 14
1 12 6
11 208 186 232 160 245
1 22 3
211 192 228
1 12 5
200 121 59 46 94
1 11 5
223 175 139 31 28
1 13 5
221 151 279 225 199
1 19 3
130 116 163
1 12 5
123 233 82 97 98
1 11 5
184 155 100 171 203
1 13 5
280 179 148 292 135
1 24 2
64 214
1 16 3
268 54 216
1 22 2
299 71
1 22 3
270 108 153
1 11 6
75 81 157 216 32 199
1 21 3
281 74 261
1 14 5
218 293 32 98 44
1 17 2
198 277
1 19 3
126 136 37
1 15 5
179 197 172 165 208
1 14 4
139 298 231 117
1 16 2
137 55
1 14 2
24 62
1 28 2
197 224
1 10 6
30 293 232 62 220 176
1 15 4
82 137 230 191
1 10 5
139 281 254 198 3
1 15 5
47 125 249 106 41
1 13 4
71 35 43 127
1 9 5
247 26 182 225 147
1 16 3
202 230 15
1 23 3
21 233 4
1 18 3
299 189 215
1 12 5
203 226 220 7 209
1 18 2
192 281
1 10 5
215 113 255 121 84
1 11 5
255 127 136 281 184
1 10 6
2 277 220 162 243 283
1 28 2
84 270
1 18 4
278 42 165 138
1 16 3
187 26 251
1 17 4
236 39 29 261
1 15 3
277 149 259
1 22 2
181 48
1 10 6
33 279 158 157 258 233
1 20 3
126 251 28
1 14 3
9 255 43
1 15 5
82 85 165 194 284
1 14 4
107 190 64 163
1 14 5
196 113 44 252 78
1 12 6
171 245 105 270 60 135
1 22 3
101 152 60
1 20 3
148 38 297
1 17 4
56 237 272 152
1 18 3
252 135 296
1 23 2
17 50
1 19 2
265 279
1 16 4
151 267 244 196
1 11 6
135 235 42 108 276 246
1 27 2
41 64
1 14 5
258 245 235 218 67
1 31 2
119 290
1 15 5
145 174 184 13 66
1 18 3
181 126 279
1 22 3
54 175 24
1 14 5
131 152 262 99 272
1 15 5
260 48 122 158 21
1 23 3
282 219 77
1 9 4
1 178 62 285
1 10 6
193 61 67 29 43 192
1 13 4
296 243 278 240
1 10 5
189 286 173 260 153
1 13 2
212 202
1 11 4
146 169 241 223
1 12 6
103 289 292 30 90 270
1 14 3
246 202 61
1 7 6
217 143 114 63 37 182
1 13 5
55 286 267 24 12
1 27 2
243 22
1 11 6
49 54 6 62 291 256
1 12 6
292 293 212 264 90 225
1 11 6
46 74 183 229 295 225
1 14 5
262 221 79 120 286
1 14 5
123 188 220 155 203
1 12 6
46 82 289 70 68 51
1 19 3
139 202 119
1 18 4
250 6 211 236
1 10 6
80 84 293 286 129 46
1 13 3
97 24 202
1 14 4
149 147 124 222
1 23 2
157 91
1 18 2
258 170
1 13 4
278 282 85 294
1 22 3
62 8 197
1 12 4
58 118 29 181
1 15 4
13 244 50 37
1 14 5
218 71 125 110 221
1 20 3
60 7 296
1 31 2
25 172
1 22 3
287 245 269
1 20 2
197 180
1 12 6
118 38 67 193 70 248
1 12 6
140 163 229 56 142 288
1 11 5
107 80 252 235 25
1 31 2
290 77
1 18 4
236 68 70 181
1 12 6
282 214 105 151 68 139
1 23 3
54 264 209
1 13 5
4 156 259 49 243
1 34 2
186 264
1 8 6
217 247 243 277 36 99
1 11 5
24 136 103 73 201
1 32 2
40 17
1 26 2
144 35
1 17 2
35 157
1 16 4
150 238 48 38
1 13 2
229 18
1 29 2
145 297
1 12 3
263 136 102
1 17 4
124 53 142 3
1 11 4
28 290 215 151
1 13 5
186 96 54 163 117
1 15 4
91 67 110 63
1 13 4
103 260 6 265
1 12 5
51 148 104 253 89
1 17 3
278 89 194
1 17 2
37 1
1 28 2
61 42
1 13 5
239 236 146 272 73
1 15 3
46 218 234
1 18 2
112 201
1 11 6
7 162 250 8 215 164
1 18 3
87 242 57
1 17 3
169 191 49
1 13 4
104 142 184 106
1 13 6
13 144 124 136 56 87
1 10 6
146 1 97 177 28 94
1 18 2
241 84
1 14 4
37 289 263 206
1 11 6
249 32 214 23 105 135
1 8 6
117 51 252 296 124 278
1 13 5
197 113 281 222 230
1 27 2
13 75
1 11 6
220 77 205 99 227 212
1 11 6
20 194 162 107 266 116
1 12 4
163 277 100 208
1 17 3
208 12 290
1 23 2
59 298
1 12 5
135 121 168 230 41
1 16 3
51 102 59
1 14 4
268 46 145 242
1 14 4
298 48 110 221
1 9 6
66 181 249 68 244 101
1 24 2
299 256
1 13 5
224 13 137 184 79
1 24 2
99 176
1 14 5
223 147 277 77 5
1 21 3
38 210 42
1 14 3
201 273 215
1 12 5
224 39 162 179 226
1 14 4
173 144 146 225
1 16 4
275 69 99 31
1 17 3
169 160 174
1 13 5
63 257 268 17 74
1 11 6
276 15 204 103 55 42
1 18 3
169 22 233
1 15 3
224 66 265
1 23 3
86 279 40
1 12 6
253 127 246 226 185 220
1 9 5
137 259 52 55 209
1 18 4
15 26 282 274
1 12 5
154 254 259 243 95
1 27 2
46 222
1 15 4
159 162 266 98
1 29 2
154 183
1 14 5
186 0 123 275 93
1 20 3
69 152 155
1 13 5
138 226 252 41 82
1 25 2
213 296
1 12 3
265 46 269
1 14 5
54 122 177 263 293
1 10 5
109 241 177 234 106
1 19 3
274 51 202
1 12 6
182 271 8 232 275 3
1 17 3
207 173 259
1 13 5
210 259 22 288 24
1 10 6
217 247 98 274 242 238
1 16 2
151 19
1 19 3
59 38 147
1 13 6
288 152 56 267 104 58
1 10 6
216 25 68 298 169 181
1 25 2
66 150
1 15 4
184 57 5 72
1 13 4
218 241 171 259
1 11 5
72 168 97 162 290
1 10 6
64 187 296 46 285 150
1 33 2
42 290
1 23 2
159 289
1 22 3
60 42 198
1 22 2
175 1
1 13 5
130 269 66 60 282
1 11 6
231 266 17 193 142 242
1 22 3
165 134 177
1 18 2
103 52
1 23 3
140 220 39
1 18 4
222 257 224 245
1 15 4
273 49 39 163
1 14 5
36 140 144 199 59
1 13 6
275 15 53 269 131 73
1 15 4
292 58 185 297
1 19 2
45 192
1 15 5
47 297 289 172 275
1 15 4
190 276 191 131
1 15 4
129 96 19 203
1 19 4
139 87 6 125
1 10 6
28 73 255 224 107 131
1 34 2
237 6
1 10 6
91 203 117 23 214 272
1 11 6
108 209 82 225 60 233
1 16 4
252 43 95 156
1 17 4
228 268 83 244
1 21 2
283 215
1 13 5
91 40 176 73 254
1 24 3
220 44 69
1 13 5
228 264 151 189 198
1 15 4
268 295 92 209
1 12 5
284 138 255 11 182
1 13 5
206 120 189 184 13
1 15 3
215 32 251
1 21 3
236 130 147
1 13 5
106 297 131 172 124
1 25 2
203 173
1 29 2
254 7
1 11 6
228 137 47 243 227 253
1 11 6
167 143 269 239 60 151
1 24 2
97 111
1 12 5
231 37 27 237 75
1 14 5
267 78 95 298 148
1 20 3
286 205 140
1 11 6
240 134 42 293 114 56
1 13 5
186 263 98 276 9
1 12 6
201 212 36 242 193 167
1 11 6
7 192 21 174 168 45
1 15 4
128 67 138 110
1 14 3
43 27 101
1 11 6
204 193 265 221 116 210
1 36 2
275 154
1 13 4
49 105 233 280
1 17 4
22 190 5 128
1 14 5
149 130 1 127 150
1 13 5
119 236 27 206 253
1 24 2
237 208
1 13 5
291 31 46 154 135
1 13 5
247 17 194 235 128
1 20 3
203 266 48
1 17 3
3 268 262
1 20 3
86 136 240
1 22 3
163 271 21
1 22 3
91 42 155
1 19 4
260 291 83 275
1 16 4
225 83 189 9
1 12 3
204 255 157
1 5 6
136 166 65 62 71 198
1 9 6
296 215 88 298 206 221
1 12 4
181 100 183 92
1 13 3
210 273 279
1 11 6
277 85 19 90 117 235
1 20 3
216 240 275
1 23 2
175 202
1 12 5
277 120 229 5 101
1 19 4
288 15 38 86
1 11 6
234 128 186 198 66 199
1 15 4
95 115 85 253
1 15 5
185 174 140 50 276
1 20 3
69 23 151
1 26 3
267 83 38
1 13 5
228 143 90 18 173
1 16 4
95 222 178 207
1 14 5
86 221 177 211 269
1 13 5
257 29 284 218 117
1 13 4
249 154 12 33
1 16 4
57 269 203 53
1 9 6
69 209 223 253 38 49
1 13 2
112 192
1 9 6
146 77 85 9 212 30
1 18 3
158 101 12
1 13 3
102 168 256
1 33 2
195 68
1 31 2
292 87
1 18 4
284 244 141 222
1 12 5
12 88 193 38 110
1 12 4
169 255 24 207
1 14 5
248 213 144 226 115
1 11 6
95 266 227 12 184 70
1 30 2
5 206
1 17 4
177 67 6 186
1 12 5
183 188 147 176 66
1 22 3
142 123 172
1 16 4
58 231 9 188
1 12 3
71 2 230
1 17 4
190 75 81 42
1 11 6
279 73 99 77 81 27
1 10 5
51 166 208 40 168
1 20 3
146 275 24
1 39 2
44 248
1 13 4
297 108 66 240
1 9 5
291 132 277 256 24
1 13 5
41 88 109 167 63
1 16 4
126 79 240 164
1 10 6
239 208 178 6 7 96
1 14 4
130 251 52 38
1 19 3
15 177 111
1 15 4
78 72 84 158
1 14 4
259 129 104 100
1 11 6
140 148 136 1 192 175
1 17 4
82 201 123 264
1 14 4
216 213 28 132
1 8 5
180 252 3 36 218
1 14 5
103 135 16 54 205
1 11 6
95 289 40 230 225 166
1 16 3
29 55 281
1 21 3
132 271 44
1 20 3
197 60 285
1 27 2
51 126
1 13 4
32 113 269 259
1 12 5
118 278 291 267 80
1 12 6
263 125 232 199 179 202
1 13 5
10 76 92 252 60
1 14 5
100 211 180 157 250
1 35 2
186 86
1 14 4
246 1 54 0
1 38 2
288 282
1 19 3
12 199 256
1 25 3
68 109 188
1 12 6
42 170 40 53 292 119
1 15 4
292 265 53 51
1 14 5
16 88 99 193 20
1 18 2
260 24
1 9 6
238 20 239 233 70 234
1 23 2
161 230
1 19 3
17 204 287
1 11 4
297 93 238 180
1 15 4
231 242 208 94
1 12 4
111 22 241 242
1 16 4
197 295 142 224
1 10 5
231 169 104 24 49
1 11 5
99 7 160 112 64
1 10 6
212 60 228 244 277 56
1 13 5
269 152 228 82 72
1 13 2
123 218
1 12 6
284 170 236 144 48 114
1 13 5
93 51 237 161 40
1 15 5
244 267 136 44 272
1 11 6
113 36 231 278 133 256
1 11 6
253 0 275 169 115 51
1 12 5
191 73 161 238 227
1 17 3
71 220 227
1 12 3
134 80 99
1 12 5
273 297 67 189 40
1 16 3
28 119 263
1 18 3
8 65 3
1 15 4
194 130 260 224
1 12 3
11 63 239
1 14 5
265 211 282 152 218
1 12 5
203 212 151 6 272
1 12 6
88 267 14 250 141 173
1 17 3
97 51 189
1 8 6
299 239 85 11 187 19
1 27 2
158 10
1 12 5
259 271 33 86 58
1 13 5
76 243 52 142 232
1 12 6
185 272 188 120 257 295
1 11 6
151 123 48 13 96 216
1 33 2
299 167
1 12 6
5 130 237 236 98 263
1 11 5
228 223 106 212 200
1 14 4
74 121 52 58
1 12 6
144 208 176 249 66 125
1 11 4
118 19 37 169
1 12 2
202 0
1 13 5
41 110 72 248 78
1 21 3
198 64 211
1 18 4
54 17 275 77
1 12 4
99 297 38 223
1 15 4
206 45 150 219
1 10 6
20 115 102 69 145 9
1 16 4
3 44 176 247
1 13 5
266 146 225 169 130
1 18 3
145 204 166
1 10 6
287 251 239 14 171 34
1 17 4
125 278 293 112
1 19 3
53 181 239
1 32 2
135 128
1 20 3
257 36 95
1 17 3
116 144 298
1 14 4
127 143 166 258
1 18 2
180 30
1 16 2
280 58
1 17 4
99 240 261 172
1 20 3
279 150 292
1 19 3
226 108 41
1 11 6
155 220 178 198 259 6
1 16 4
63 289 144 64
1 11 4
107 269 219 84
1 22 3
268 77 23
1 13 5
202 214 173 257 87
1 12 4
102 124 141 196
1 10 4
124 118 80 155
1 17 4
276 282 105 252
1 18 3
146 74 204
1 12 2
57 62
1 18 4
291 60 76 42
1 18 4
227 282 270 229
1 12 5
95 40 183 290 163
1 14 4
20 142 3 7
1 14 4
231 30 59 131
1 21 3
143 245 98
1 32 2
258 172
1 13 5
126 63 33 253 148
1 12 6
291 205 77 167 124 299
1 22 3
226 56 150
1 10 5
196 176 283 183 280
1 19 3
67 243 251
1 12 6
237 218 78 145 13 49
1 15 2
27 89
1 12 6
14 149 90 175 186 274
1 10 6
120 69 62 278 145 168
1 9 6
163 31 252 258 253 85
1 12 6
161 185 33 170 195 264
1 14 3
271 155 206
1 13 4
244 45 226 294
1 12 5
220 134 169 95 32
1 21 3
172 231 218
1 28 2
37 39
1 19 4
5 74 207 13
1 20 2
205 215
1 18 3
6 123 210
1 8 6
157 31 28 184 166 22
1 20 3
86 35 287
1 15 4
224 278 74 223
1 9 6
214 73 272 294 278 184
1 14 4
130 61 180 290
1 7 6
78 28 72 249 56 43
1 15 4
242 291 41 47
1 17 4
75 148 156 241
1 17 2
218 105
1 18 3
22 96 48
1 13 5
231 288 294 283 100
1 12 5
135 294 107 173 99
1 13 5
250 117 214 42 31
1 11 5
25 7 277 170 207
1 36 2
54 47
1 16 3
1 5 159
1 14 5
193 5 191 147 108
1 24 3
282 52 199
1 10 6
171 39 93 84 195 106
1 18 3
216 260 86
1 8 5
183 217 70 55 65
1 29 2
254 253
1 11 5
38 249 177 224 34
1 36 2
90 236
1 17 3
65 40 110
1 15 5
114 266 178 113 167
1 20 2
239 292
1 22 3
274 108 32
1 18 4
123 222 13 181
1 25 2
146 243
1 23 3
262 233 17
1 16 5
42 27 172 133 245
1 15 5
288 287 140 27 78
1 10 6
164 200 257 207 85 92
1 11 6
216 55 115 59 180 266
1 28 2
252 23
1 12 6
44 77 54 231 180 89
1 12 5
253 161 123 276 12
1 30 2
276 224
1 16 2
229 89
1 15 4
265 14 36 299
1 13 4
59 179 35 25
1 11 6
77 266 94 279 49 224
1 20 2
67 269
1 13 5
236 0 84 182 220
1 10 5
110 273 159 64 30
1 23 2
289 18
1 13 5
3 293 68 177 166
1 33 2
289 127
1 13 4
161 163 206 79
1 11 6
263 43 37 139 196 125
1 10 6
65 179 174 39 51 287
1 13 5
298 54 204 213 24
1 22 3
297 299 284
1 36 2
245 119
1 14 5
261 299 258 248 23
1 11 6
228 151 170 185 64 18
1 24 3
135 264 16
1 8 4
278 298 170 3
1 11 5
287 79 38 99 113
k 20
