300 1500 465
11 33 32 31 15 28 26 26 29 20 28 30 22 19 13 17 28 37 21 30 21 39 20 20 30 12 27 13 26 16 21 33 38 29 19 35 14 35 36 31 14 38 29 38 37 33 26 16 23 18 36 40 16 13 40 13 31 30 25 24 32 16 28 12 25 39 24 21 13 25 20 18 32 22 21 30 27 22 40 24 18 35 40 19 31 14 31 33 28 16 21 17 31 34 36 16 23 29 30 39 36 29 37 29 12 28 29 22 25 28 31 36 25 34 40 40 31 27 13 37 11 18 33 14 23 24 28 31 18 17 13 19 20 38 27 25 35 13 32 14 18 35 26 31 37 36 20 14 18 35 28 26 27 40 29 23 19 16 31 21 16 29 28 40 19 11 30 36 21 36 36 29 13 39 27 31 30 40 37 12 35 19 26 26 17 40 22 33 13 29 19 37 35 33 21 40 22 21 34 16 30 34 34 18 35 20 16 34 16 24 30 16 29 39 20 26 18 40 36 20 29 12 33 22 34 39 29 32 24 30 28 38 11 27 18 26 32 13 27 21 38 35 30 28 17 21 32 33 27 11 27 19 28 32 24 40 37 37 16 25 15 27 17 14 23 16 22 28 22 20 23 26 40 22 37 30 30 32 17 35 11 17 25 31 22 21 24 23 23 37 30 23 36 18 22 26 33 25 34 37
1 23 22 21 5 18 16 16 19 10 18 20 12 9 3 7 18 27 11 20 11 29 10 10 20 2 17 3 16 6 11 23 28 19 9 25 4 25 26 21 4 28 19 28 27 23 16 6 13 8 26 30 6 3 30 3 21 20 15 14 22 6 18 2 15 29 14 11 3 15 10 8 22 12 11 20 17 12 30 14 8 25 30 9 21 4 21 23 18 6 11 7 21 24 26 6 13 19 20 29 26 19 27 19 2 18 19 12 15 18 21 26 15 24 30 30 21 17 3 27 1 8 23 4 13 14 18 21 8 7 3 9 10 28 17 15 25 3 22 4 8 25 16 21 27 26 10 4 8 25 18 16 17 30 19 13 9 6 21 11 6 19 18 30 9 1 20 26 11 26 26 19 3 29 17 21 20 30 27 2 25 9 16 16 7 30 12 23 3 19 9 27 25 23 11 30 12 11 24 6 20 24 24 8 25 10 6 24 6 14 20 6 19 29 10 16 8 30 26 10 19 2 23 12 24 29 19 22 14 20 18 28 1 17 8 16 22 3 17 11 28 25 20 18 7 11 22 23 17 1 17 9 18 22 14 30 27 27 6 15 5 17 7 4 13 6 12 18 12 10 13 16 30 12 27 20 20 22 7 25 1 7 15 21 12 11 14 13 13 27 20 13 26 8 12 16 23 15 24 27
1 21 2
89 250
1 10 6
271 134 167 211 150 161
1 21 2
242 237
1 11 3
211 121 260
1 14 4
267 232 84 9
1 23 3
97 177 159
1 11 6
129 95 41 164 12 116
1 18 4
299 66 240 150
1 22 3
2 207 146
1 9 6
60 285 287 188 89 107
1 18 3
46 267 53
1 14 5
242 65 246 234 273
1 10 5
245 283 194 260 0
1 33 2
65 88
1 12 6
38 241 257 43 120 42
1 21 3
179 115 108
1 21 3
66 202 143
1 11 6
29 172 37 141 160 252
1 18 4
240 124 290 224
1 14 5
176 168 44 129 141
1 14 4
214 161 19 287
1 17 3
237 69 62
1 30 2
201 183
1 13 4
290 181 268 47
1 10 6
238 9 229 227 222 236
1 14 5
85 76 165 283 255
1 18 4
192 133 275 100
1 28 2
52 54
1 17 4
125 78 200 221
1 15 3
280 118 296
1 14 4
85 176 16 203
1 12 6
236 163 95 20 143 4
1 13 3
156 80 219
1 19 4
225 249 51 89
1 21 3
193 121 253
1 18 4
138 113 99 263
1 10 6
138 90 174 127 101 294
1 12 5
268 169 285 233 209
1 11 6
14 210 113 198 244 178
1 21 3
106 162 113
1 14 5
201 251 299 171 247
1 11 6
237 119 210 131 168 120
1 32 2
180 220
1 17 2
188 196
1 17 3
143 190 90
1 31 2
135 257
1 13 5
30 71 253 67 100
1 15 4
29 216 106 143
1 23 3
110 41 211
1 17 4
80 138 209 43
1 13 4
131 263 156 113
1 17 4
164 175 225 260
1 30 2
197 54
1 14 4
291 145 147 211
1 21 2
199 142
1 21 3
139 180 161
1 12 6
114 49 46 132 202 39
1 10 6
110 295 212 275 215 261
1 19 3
107 218 118
1 25 3
240 65 207
1 34 2
102 138
1 16 3
223 46 168
1 26 2
202 34
1 35 2
17 45
1 10 6
165 39 273 175 118 85
1 12 6
95 180 112 38 54 226
1 15 2
29 260
1 17 3
80 287 11
1 17 3
267 112 197
1 14 4
135 7 56 76
1 23 3
231 246 253
1 17 4
116 191 14 53
1 12 6
240 142 192 237 2 138
1 14 5
45 2 176 52 255
1 39 2
153 240
1 26 2
117 271
1 19 2
199 48
1 27 2
235 161
1 17 4
55 11 222 94
1 13 5
194 133 189 172 20
1 18 4
133 198 28 204
1 18 4
263 65 90 111
1 18 4
184 236 39 163
1 12 6
93 27 51 132 223 211
1 12 6
192 102 211 239 74 261
1 28 2
26 166
1 25 3
299 217 151
1 20 2
112 258
1 9 5
135 249 245 284 68
1 17 4
149 131 136 182
1 14 5
249 254 167 75 17
1 11 6
248 18 289 198 207 57
1 14 3
70 186 67
1 16 4
53 195 152 287
1 10 6
87 53 265 71 139 227
1 15 5
36 284 170 21 290
1 11 3
55 278 244
1 10 6
175 86 181 9 205 295
1 13 5
229 236 154 283 274
1 19 3
164 272 53
1 14 4
220 270 160 24
1 16 3
47 298 188
1 12 6
123 200 191 41 168 69
1 21 3
64 189 100
1 29 2
282 1
1 11 6
246 172 198 253 286 127
1 17 4
201 144 95 86
1 18 3
109 0 182
1 20 2
264 121
1 13 5
173 223 215 162 67
1 21 3
32 215 124
1 11 4
244 47 26 91
1 19 3
123 73 111
1 15 4
56 140 92 197
1 15 3
186 282 67
1 10 6
128 245 4 261 38 184
1 21 3
62 257 183
1 16 3
73 7 211
1 17 4
281 192 141 224
1 18 4
21 64 38 48
1 12 5
76 210 72 243 155
1 28 2
261 189
1 16 4
285 181 41 126
1 24 2
261 30
1 20 3
14 174 296
1 20 3
144 181 155
1 14 5
150 7 71 2 255
1 19 4
216 21 114 286
1 16 3
109 284 70
1 27 2
153 139
1 12 6
30 236 289 294 76 240
1 15 4
24 172 108 193
1 18 2
74 206
1 18 4
95 136 129 21
1 10 6
222 91 290 10 12 196
1 22 3
299 98 258
1 18 4
65 55 136 62
1 22 2
188 138
1 28 2
61 177
1 18 3
76 267 139
1 17 4
286 225 23 158
1 29 2
150 175
1 10 3
85 232 278
1 25 2
108 182
1 21 3
17 164 261
1 13 5
257 107 271 199 236
1 27 2
37 269
1 15 4
220 110 71 139
1 16 4
223 97 290 94
1 12 6
196 135 51 76 20 45
1 20 4
48 51 152 177
1 17 4
296 81 162 242
1 17 3
68 231 104
1 25 2
293 296
1 16 4
180 7 36 275
1 30 2
72 171
1 27 2
191 184
1 17 4
126 272 142 262
1 12 5
89 297 19 62 176
1 16 4
28 172 213 291
1 17 4
214 226 195 76
1 14 3
265 211 233
1 17 2
89 49
1 12 6
14 261 208 165 217 144
1 12 5
286 254 222 19 97
1 24 2
251 98
1 18 3
152 71 154
1 12 6
198 13 58 274 100 93
1 20 3
184 250 149
1 23 3
39 41 187
1 10 5
293 172 142 90 58
1 12 4
161 121 164 128
1 14 4
64 9 242 106
1 33 2
44 154
1 14 5
57 69 144 119 27
1 15 5
133 90 32 44 127
1 14 3
297 262 61
1 14 4
146 226 152 210
1 12 6
178 143 26 46 270 102
1 26 2
81 128
1 12 6
99 61 204 141 266 138
1 17 2
211 131
1 34 2
191 86
1 16 4
285 92 98 298
1 24 2
7 77
1 28 2
243 88
1 14 5
43 66 31 50 92
1 19 4
177 15 99 102
1 13 6
71 32 284 30 216 163
1 18 3
160 226 248
1 19 4
234 272 110 145
1 21 3
166 35 79
1 11 5
116 90 233 112 164
1 14 5
45 2 43 174 13
1 31 2
163 288
1 12 6
211 268 136 20 127 257
1 17 2
34 211
1 26 2
126 66
1 15 5
209 171 180 188 82
1 29 2
10 158
1 9 6
16 271 130 142 9 11
1 10 6
52 62 264 263 136 10
1 15 4
258 22 110 57
1 25 2
229 132
1 10 6
187 137 186 139 19 157
1 12 6
247 60 156 195 285 239
1 19 3
222 184 182
1 24 2
262 2
1 12 6
233 65 141 12 244 121
1 10 5
23 34 259 154 172
1 13 6
82 41 188 145 30 244
1 12 5
69 154 247 226 70
1 22 2
23 69
1 25 2
287 105
1 18 3
16 174 63
1 11 5
278 204 66 70 221
1 18 4
225 221 74 31
1 10 6
11 162 39 18 181 47
1 8 6
179 88 211 128 286 148
1 18 3
76 171 280
1 19 3
24 10 88
1 13 5
201 162 228 56 31
1 23 3
222 263 256
1 29 2
150 290
1 12 6
9 268 279 123 46 65
1 16 4
290 71 94 10
1 26 2
52 191
1 12 5
10 295 136 0 196
1 23 3
105 201 279
1 17 2
13 260
1 19 3
277 13 142
1 20 3
285 33 222
1 15 5
75 93 284 185 213
1 11 5
259 4 224 34 287
1 9 6
285 254 98 103 0 14
1 17 4
102 265 224 106
1 26 2
100 95
1 15 2
25 121
1 23 3
54 200 234
1 18 2
13 91
1 17 4
0 88 236 170
1 11 4
8 49 234 80
1 17 2
263 74
1 11 5
56 91 64 28 287
1 18 3
242 7 47
1 12 6
197 143 3 173 206 202
1 12 6
93 252 202 150 225 188
1 13 5
60 130 232 292 186
1 25 2
245 33
1 17 4
264 177 151 158
1 26 2
47 274
1 21 2
215 244
1 23 3
193 190 102
1 13 5
143 151 123 81 263
1 12 5
234 105 169 211 70
1 11 6
103 260 44 159 194 104
1 11 6
192 277 186 125 262 26
1 11 6
162 17 247 276 284 164
1 21 3
154 207 270
1 13 5
65 146 174 89 69
1 14 3
28 63 148
1 15 4
98 14 281 222
1 20 3
181 17 288
1 10 5
150 179 95 291 156
1 31 2
193 57
1 16 4
142 64 112 114
1 8 6
68 18 249 112 186 109
1 20 3
287 165 173
1 10 6
241 148 27 267 118 234
1 10 6
232 147 294 100 85 271
1 11 6
111 106 172 207 267 4
1 12 5
83 233 77 141 171
1 12 4
88 27 23 258
1 27 2
152 267
1 9 6
190 128 265 120 259 227
1 10 6
81 26 206 24 150 146
1 14 3
294 18 47
1 12 5
161 80 37 221 216
1 35 2
299 193
1 23 2
278 200
1 13 4
190 67 91 31
1 26 2
143 273
1 22 3
227 192 235
1 16 3
125 297 68
1 31 2
256 142
1 17 2
25 268
1 20 2
120 98
1 18 3
226 181 46
1 11 5
106 290 52 259 130
1 12 6
177 165 87 118 74 104
1 23 3
1 299 36
1 14 5
17 74 3 129 31
1 12 6
9 250 295 94 38 229
1 19 3
244 42 275
1 11 5
42 208 98 90 64
1 13 6
50 188 251 57 82 185
1 12 5
72 282 95 242 237
1 9 6
126 276 263 107 14 259
1 14 5
17 113 258 199 64
1 12 6
94 77 267 0 20 153
1 19 2
121 245
1 17 4
148 181 106 163
1 16 4
77 148 35 189
1 14 3
14 212 263
1 25 2
186 10
1 17 4
68 57 114 6
1 11 6
289 280 45 91 106 59
1 11 6
8 227 279 287 245 249
1 24 3
196 163 31
1 15 5
185 73 60 15 173
1 18 4
279 99 226 292
1 17 4
246 67 260 119
1 16 4
92 201 288 68
1 15 3
95 275 27
1 15 5
251 138 21 73 272
1 19 3
91 166 189
1 13 5
254 139 217 172 151
1 18 3
68 286 200
1 15 3
151 181 265
1 26 3
40 21 153
1 12 5
155 215 149 103 20
1 33 2
241 253
1 22 3
193 298 165
1 15 5
176 16 17 99 36
1 18 3
81 55 83
1 20 3
153 34 12
1 12 5
172 263 14 226 138
1 29 2
82 34
1 11 6
86 161 41 140 290 60
1 16 4
275 88 248 100
1 10 3
40 137 258
1 34 2
21 275
1 20 2
223 131
1 16 4
179 149 85 253
1 12 6
191 269 294 262 217 68
1 11 6
177 233 208 293 291 23
1 32 2
138 236
1 19 3
78 203 147
1 13 3
157 287 216
1 13 5
203 73 257 252 24
1 12 6
279 250 256 208 153 183
1 17 4
93 241 12 288
1 12 6
113 252 72 118 6 78
1 11 4
96 206 74 120
1 15 4
246 210 137 248
1 12 6
240 194 178 283 32 26
1 23 2
248 146
1 15 4
124 194 61 163
1 10 6
25 288 146 122 235 127
1 13 4
209 220 264 265
1 17 3
196 84 219
1 28 2
126 103
1 12 5
102 80 25 288 182
1 10 4
288 83 188 55
1 26 2
19 287
1 18 3
271 200 265
1 32 2
195 64
1 15 3
286 206 20
1 11 6
44 55 104 156 125 242
1 25 2
181 127
1 15 4
60 98 269 127
1 20 2
85 151
1 14 4
181 270 118 136
1 12 5
251 203 138 166 148
1 16 4
248 256 210 194
1 30 2
111 228
1 17 4
103 268 127 272
1 9 6
188 156 167 118 74 104
1 29 2
24 88
1 10 6
138 9 190 209 31 56
1 14 5
113 225 235 19 25
1 24 2
117 73
1 23 2
223 209
1 18 3
250 76 85
1 17 2
91 278
1 17 2
147 269
1 30 2
175 226
1 15 4
175 168 171 52
1 14 5
134 182 18 92 173
1 12 6
206 179 114 168 40 81
1 12 6
269 295 81 38 133 39
1 14 4
264 219 86 151
1 15 4
273 210 36 236
1 15 4
206 223 210 166
1 29 2
167 107
1 14 5
111 286 145 55 104
1 26 2
70 138
1 14 5
93 296 9 243 38
1 22 3
75 187 93
1 12 6
102 257 253 267 260 152
1 15 4
94 249 7 235
1 19 3
76 57 73
1 17 3
104 209 16
1 10 6
127 123 77 70 158 265
1 29 2
291 100
1 19 3
283 150 59
1 24 2
264 282
1 12 6
71 34 44 200 150 292
1 23 3
205 3 65
1 14 3
266 260 284
1 13 5
152 171 293 166 180
1 14 3
79 15 13
1 18 4
150 113 298 78
1 13 6
235 262 82 108 243 225
1 16 4
96 177 128 152
1 11 5
77 56 245 160 286
1 10 6
75 181 221 30 276 280
1 17 3
165 176 285
1 27 2
260 82
1 11 6
281 293 243 232 267 231
1 22 3
176 104 274
1 12 6
195 265 249 4 94 113
1 21 3
276 219 187
1 14 4
135 132 201 47
1 10 5
283 22 168 190 14
1 12 5
280 296 210 220 259
1 25 2
271 297
1 23 3
256 39 201
1 30 2
256 264
1 26 2
241 244
1 13 4
174 215 267 261
1 21 3
236 14 158
1 11 5
261 63 11 212 48
1 10 5
210 239 260 59 120
1 11 6
87 34 289 186 85 219
1 13 4
67 198 211 52
1 11 6
201 66 141 23 80 90
1 13 6
153 43 163 133 149 224
1 11 6
15 78 203 71 150 226
1 12 6
78 18 257 274 6 285
1 19 3
230 126 84
1 14 5
241 21 59 48 175
1 29 2
57 101
1 12 4
123 277 128 199
1 16 4
248 74 134 99
1 13 5
296 66 164 170 205
1 18 3
285 7 161
1 10 5
130 174 249 9 295
1 17 4
38 26 204 146
1 14 5
228 45 125 196 114
1 12 5
81 89 199 28 288
1 15 3
176 244 188
1 11 5
229 68 29 46 109
1 13 5
101 252 12 275 144
1 18 3
281 286 127
1 12 5
184 10 122 47 151
1 15 4
222 162 159 273
1 22 2
29 162
1 20 3
93 26 28
1 11 6
83 246 241 295 162 79
1 21 3
236 2 61
1 19 3
17 63 294
1 35 2
31 41
1 16 4
9 12 94 8
1 22 2
267 281
1 38 2
213 191
1 26 2
109 108
1 7 6
40 186 130 121 291 47
1 15 5
119 192 231 247 281
1 35 2
78 290
1 27 2
148 100
1 20 3
291 178 155
1 31 2
225 287
1 21 3
60 110 216
1 23 2
189 234
1 14 4
234 241 223 0
1 12 6
114 93 125 199 198 117
1 12 6
144 81 118 278 286 91
1 16 4
97 24 188 256
1 9 5
5 190 188 129 214
1 26 2
255 53
1 11 6
78 56 124 84 142 260
1 22 3
96 113 201
1 10 5
96 184 280 211 175
1 13 5
74 231 226 143 232
1 11 6
146 43 242 77 137 68
1 15 3
123 148 117
1 10 6
229 287 19 214 265 234
1 15 5
257 269 77 12 213
1 32 2
88 94
1 20 3
295 176 175
1 12 5
179 298 189 23 148
1 20 4
183 78 177 201
1 19 3
271 296 188
1 8 6
67 27 129 105 59 245
1 12 5
146 176 91 113 9
1 22 3
180 215 60
1 12 5
188 71 209 173 66
1 24 2
89 2
1 9 6
134 34 214 267 270 249
1 13 4
156 0 94 83
1 12 6
136 73 264 114 141 144
1 12 6
70 125 136 147 170 119
1 29 2
56 230
1 14 4
150 47 212 154
1 11 6
89 103 61 257 273 201
1 16 4
42 29 35 14
1 11 6
277 154 64 225 127 25
1 21 3
5 149 105
1 27 2
47 173
1 11 6
247 19 158 270 29 149
1 14 5
202 206 205 37 169
1 17 2
74 14
1 11 6
160 21 175 228 233 8
1 12 5
186 134 104 69 149
1 26 2
20 127
1 39 2
41 78
1 20 2
13 285
1 9 5
30 159 179 80 295
1 14 5
299 20 249 261 87
1 13 5
196 83 213 30 200
1 18 2
270 53
1 28 2
250 229
1 27 2
86 291
1 13 5
106 298 277 283 251
1 11 6
102 58 290 296 164 215
1 12 4
131 158 249 85
1 9 4
59 165 188 179
1 10 6
84 27 175 6 66 162
1 13 6
54 112 43 74 192 133
1 34 2
54 161
1 13 5
104 236 223 259 17
1 35 2
175 255
1 12 4
168 75 121 219
1 9 5
131 230 52 205 181
1 33 2
296 207
1 18 4
177 260 273 236
1 17 3
20 175 260
1 17 4
159 235 166 177
1 9 4
120 104 258 269
1 15 4
135 80 240 199
1 10 4
55 147 249 248
1 11 6
16 239 220 41 42 86
1 21 2
273 67
1 12 5
81 96 28 260 221
1 12 4
128 20 210 165
1 19 3
62 188 200
1 29 2
182 122
1 37 2
54 113
1 11 6
220 170 246 207 92 181
1 14 5
111 28 50 297 197
1 12 6
13 299 275 180 193 83
1 17 4
164 82 242 20
1 11 5
206 262 263 248 62
1 16 4
276 120 172 180
1 9 5
91 25 95 161 157
1 9 6
233 245 237 281 10 226
1 11 6
113 48 68 207 228 268
1 11 6
26 249 99 277 157 233
1 17 3
57 124 264
1 14 4
125 141 73 61
1 12 6
17 223 110 253 191 167
1 20 3
71 2 88
1 14 5
235 76 119 121 279
1 30 2
219 195
1 20 3
277 146 88
1 18 4
195 7 165 227
1 19 3
288 197 198
1 18 3
243 105 109
1 31 2
153 196
1 17 4
99 60 28 220
1 16 4
226 120 234 43
1 29 2
32 9
1 31 2
126 201
1 22 2
252 61
1 12 4
285 29 139 250
1 27 2
144 121
1 12 6
216 9 115 229 189 72
1 16 3
85 164 166
1 19 2
294 61
1 12 3
108 130 165
1 18 3
157 274 71
1 12 6
103 75 3 51 274 196
1 12 4
85 263 216 158
1 9 6
150 208 183 174 258 206
1 12 6
37 244 142 248 60 17
1 14 4
248 77 269 98
1 12 5
229 277 158 85 160
1 15 5
96 32 21 112 259
1 24 3
27 81 274
1 23 2
53 1
1 17 3
244 60 164
1 21 3
172 192 189
1 14 4
105 79 84 68
1 11 6
286 140 62 11 195 68
1 13 5
103 247 72 88 10
1 16 3
137 142 125
1 14 3
63 23 223
1 31 2
230 113
1 30 2
65 239
1 35 2
178 207
1 12 5
244 245 161 22 35
1 27 2
200 254
1 18 4
79 201 260 231
1 29 2
282 207
1 16 4
99 152 151 184
1 10 6
165 235 285 1 5 288
1 13 6
85 283 272 216 172 231
1 14 4
122 291 68 83
1 15 5
191 78 119 65 169
1 35 2
217 290
1 13 5
287 285 198 18 158
1 15 4
75 45 209 135
1 14 5
143 289 138 112 247
1 17 2
123 18
1 12 5
6 202 58 234 252
1 24 3
257 136 111
1 14 5
45 134 213 203 237
1 15 5
99 11 270 51 124
1 15 2
53 140
1 21 3
233 218 147
1 23 3
133 157 92
1 29 2
291 100
1 15 2
55 216
1 15 5
290 105 32 144 238
1 15 3
216 278 8
1 17 2
29 140
1 21 3
86 246 24
1 12 6
165 153 30 279 250 205
1 19 3
248 107 253
1 13 6
172 83 217 29 54 73
1 16 3
106 132 15
1 22 2
247 232
1 15 5
180 57 217 166 233
1 14 4
67 49 160 178
1 12 6
217 250 88 16 246 96
1 24 2
181 212
1 22 3
98 269 191
1 11 4
203 278 182 205
1 27 2
125 127
1 15 4
246 33 283 48
1 24 3
279 47 274
1 18 2
18 95
1 11 6
47 60 170 123 73 72
1 12 6
53 241 99 41 139 253
1 18 4
285 279 114 16
1 24 3
74 277 78
1 27 2
257 244
1 17 4
236 225 182 68
1 13 5
283 148 17 67 162
1 27 2
127 291
1 22 3
54 280 235
1 13 5
106 182 55 196 292
1 12 5
123 52 102 134 137
1 23 2
208 3
1 13 5
139 226 218 123 248
1 23 2
269 142
1 18 4
188 41 44 58
1 27 2
101 7
1 36 2
144 81
1 12 5
269 184 246 128 57
1 12 4
30 262 243 184
1 15 3
208 281 150
1 13 6
3 234 90 185 209 43
1 18 2
203 190
1 23 3
143 99 49
1 15 4
75 12 120 45
1 25 3
255 134 256
1 9 5
216 166 27 52 104
1 11 6
18 175 57 204 4 186
1 13 2
68 172
1 34 2
143 274
1 14 4
161 125 108 229
1 17 4
93 145 156 26
1 19 2
295 137
1 22 3
268 76 82
1 15 2
52 260
1 25 3
99 43 44
1 13 6
77 96 277 78 153 65
1 12 6
168 115 166 253 150 284
1 15 4
210 19 76 56
1 9 6
254 162 83 58 34 152
1 21 3
193 176 262
1 11 6
113 221 285 145 239 131
1 19 4
292 277 82 139
1 10 6
10 248 236 253 91 125
1 21 3
299 252 205
1 24 2
241 68
1 12 5
43 104 263 197 273
1 32 2
169 106
1 21 3
26 45 143
1 11 5
101 42 214 165 129
1 30 2
228 167
1 15 5
49 274 240 281 199
1 15 4
147 243 294 149
1 12 6
183 218 296 227 39 38
1 12 6
82 190 218 180 33 141
1 17 4
256 116 226 154
1 13 6
0 183 51 217 36 125
1 16 5
1 90 51 19 195
1 14 4
85 209 267 143
1 12 6
43 232 170 131 147 235
1 13 5
41 7 275 75 140
1 13 5
267 129 5 139 231
1 18 4
94 145 280 80
1 10 6
207 19 181 59 5 88
1 10 6
238 159 128 263 247 287
1 19 3
294 206 256
1 20 2
69 160
1 11 6
156 148 269 41 61 106
1 26 2
195 68
1 18 4
177 180 103 171
1 12 6
250 129 220 211 213 102
1 14 3
95 25 243
1 20 3
74 106 138
1 10 6
242 10 221 156 260 175
1 28 2
92 235
1 17 3
116 120 219
1 18 4
97 224 255 103
1 15 5
40 19 180 269 114
1 11 6
183 16 102 45 92 140
1 14 5
93 12 245 78 265
1 16 4
17 18 106 33
1 18 4
100 42 94 74
1 19 4
182 274 99 9
1 27 2
256 71
1 13 5
187 175 212 35 27
1 27 2
131 37
1 17 2
40 146
1 11 5
254 194 220 280 151
1 12 6
62 235 243 198 50 54
1 31 2
233 204
1 15 3
181 126 83
1 18 4
62 50 198 299
1 13 3
211 59 53
1 18 3
160 74 93
1 12 6
53 274 173 197 44 268
1 10 6
262 158 216 134 146 200
1 11 4
251 183 27 15
1 11 6
182 39 193 224 218 194
1 28 2
276 235
1 16 4
191 10 219 96
1 14 5
74 68 26 279 144
1 19 2
237 135
1 30 2
217 239
1 14 5
253 7 244 210 213
1 15 3
244 260 252
1 15 5
240 115 190 251 258
1 13 4
245 258 87 157
1 10 6
28 277 13 154 48 155
1 14 5
33 8 136 229 35
1 18 3
267 62 95
1 25 2
186 226
1 12 5
210 229 69 290 52
1 16 3
22 66 7
1 25 3
51 292 23
1 12 6
114 119 129 62 260 10
1 12 5
269 8 149 263 205
1 18 3
196 2 67
1 15 4
263 195 12 205
1 20 3
275 66 39
1 20 3
109 137 72
1 15 4
12 66 215 102
1 14 5
165 188 31 25 272
1 18 4
43 219 144 121
1 12 5
88 148 37 215 121
1 21 3
32 237 7
1 17 4
255 172 123 56
1 13 6
130 82 103 124 279 173
1 11 4
12 0 196 164
1 11 6
43 156 187 281 160 165
1 11 5
227 268 0 134 120
1 31 2
60 176
1 24 2
108 287
1 21 3
297 61 115
1 25 2
209 271
1 9 5
206 73 40 238 18
1 12 5
137 218 64 48 77
1 23 2
8 140
1 12 5
34 230 97 180 128
1 21 3
90 65 297
1 11 5
206 94 139 216 264
1 9 6
232 96 172 270 56 36
1 16 4
110 273 45 88
1 12 5
47 103 198 291 174
1 23 3
277 290 231
1 12 5
219 74 158 27 175
1 14 5
3 62 163 10 206
1 9 6
205 159 25 279 234 278
1 16 3
261 70 186
1 15 5
72 213 145 238 1
1 21 2
263 161
1 23 3
2 102 235
1 14 4
238 8 49 288
1 15 5
289 54 225 111 179
1 10 6
266 60 283 216 206 68
1 35 2
84 114
1 27 2
220 6
1 17 4
299 26 138 267
1 22 2
287 90
1 22 2
179 222
1 14 5
82 113 68 96 15
1 22 2
198 232
1 14 4
27 265 177 140
1 12 4
36 168 278 229
1 10 6
197 130 56 212 64 155
1 19 2
197 80
1 17 4
121 109 224 274
1 20 3
31 103 295
1 16 4
112 286 169 19
1 13 6
33 65 229 219 51 131
1 22 3
2 224 28
1 10 4
216 95 155 157
1 26 2
10 125
1 9 6
129 252 265 148 46 118
1 10 6
120 248 10 124 145 220
1 13 3
237 48 206
1 21 2
161 137
1 12 6
225 118 280 132 176 224
1 30 2
136 235
1 13 2
68 188
1 14 5
192 145 211 186 224
1 10 6
286 234 107 100 103 140
1 31 2
64 102
1 28 2
167 159
1 22 2
236 179
1 18 3
212 146 233
1 15 5
56 37 5 114 135
1 33 2
275 111
1 10 6
34 46 262 253 42 128
1 23 3
81 30 136
1 25 2
168 97
1 17 4
217 69 101 42
1 30 2
20 213
1 31 2
236 242
1 13 5
202 92 113 160 93
1 18 3
173 157 47
1 40 2
195 163
1 13 5
192 123 161 29 200
1 12 6
113 95 88 144 287 115
1 18 3
264 91 86
1 13 5
296 148 2 175 142
1 11 5
12 223 123 141 53
1 19 3
235 39 53
1 24 2
200 156
1 38 2
38 82
1 26 2
77 57
1 10 5
262 23 62 6 69
1 24 2
243 269
1 19 4
242 35 115 44
1 20 3
172 150 1
1 14 5
102 257 168 134 91
1 13 6
114 115 190 22 53 279
1 15 4
26 0 200 253
1 18 4
268 115 186 60
1 21 2
137 189
1 15 5
157 168 209 99 274
1 14 4
226 281 182 238
1 12 6
85 19 67 47 60 115
1 14 4
164 292 285 118
1 10 6
194 9 120 282 209 119
1 12 6
185 63 216 201 17 121
1 15 5
136 193 196 39 78
1 29 2
228 241
1 12 5
111 228 148 293 223
1 15 3
148 199 16
1 29 2
285 32
1 12 6
198 121 253 147 255 151
1 18 4
259 141 19 82
1 12 6
62 143 264 235 180 173
1 23 3
133 72 228
1 14 4
92 126 20 52
1 11 6
149 132 116 40 61 260
1 15 5
225 99 213 182 275
1 26 2
49 81
1 11 6
292 250 282 233 108 2
1 20 3
109 201 203
1 14 4
293 23 31 28
1 17 2
232 286
1 35 2
170 192
1 9 6
263 131 183 101 19 146
1 15 5
152 135 191 117 255
1 16 5
217 272 107 54 91
1 18 4
161 148 114 2
1 18 4
231 274 30 241
1 30 2
255 18
1 21 3
90 136 101
1 16 4
75 191 71 134
1 18 4
185 13 232 193
1 17 4
243 110 144 230
1 14 5
246 48 69 273 272
1 15 3
266 25 79
1 11 6
93 250 91 249 139 17
1 27 2
261 5
1 11 5
211 22 56 238 264
1 15 3
270 291 129
1 26 2
32 263
1 11 6
38 67 277 98 284 80
1 15 4
159 3 72 242
1 20 3
288 45 220
1 33 2
231 220
1 13 5
159 271 67 213 101
1 23 3
187 56 218
1 16 4
18 152 117 272
1 15 3
239 282 293
1 17 4
286 98 108 54
1 17 4
197 43 229 193
1 20 2
9 23
1 14 4
164 146 116 259
1 17 3
164 106 294
1 21 3
213 219 297
1 15 5
41 256 198 80 197
1 17 4
175 30 213 96
1 20 3
266 51 211
1 14 5
81 281 240 277 291
1 26 2
294 11
1 15 4
118 82 264 27
1 11 5
10 208 139 109 146
1 12 5
291 29 71 109 192
1 20 3
258 97 86
1 18 4
38 222 139 225
1 25 2
59 117
1 14 3
128 28 47
1 15 4
226 39 254 181
1 20 4
163 177 212 79
1 13 5
261 19 191 156 74
1 14 5
21 23 279 181 150
1 20 2
214 159
1 12 6
20 149 21 109 106 136
1 20 3
279 18 142
1 18 4
73 210 82 87
1 19 4
177 52 102 228
1 18 3
215 67 88
1 24 2
210 131
1 35 2
276 78
1 19 3
157 86 250
1 16 4
222 88 271 236
1 14 5
50 38 132 167 128
1 32 2
79 153
1 34 2
10 217
1 15 3
123 261 251
1 19 3
57 64 10
1 25 2
146 56
1 14 4
290 278 183 13
1 29 2
253 6
1 13 5
298 149 165 284 189
1 9 6
70 58 151 16 137 34
1 13 5
276 129 22 43 53
1 12 6
67 247 5 0 167 272
1 12 6
22 153 157 169 229 268
1 13 6
297 96 195 122 51 71
1 20 3
108 136 237
1 18 4
132 279 282 153
1 8 6
196 20 30 121 164 200
1 25 3
115 193 81
1 20 3
84 223 116
1 17 3
171 123 266
1 16 4
91 153 248 132
1 12 6
7 147 268 293 289 170
1 15 5
299 12 78 251 275
1 14 5
9 110 295 240 198
1 13 5
162 232 125 173 103
1 12 6
49 25 99 292 241 232
1 23 3
123 192 207
1 23 2
49 10
1 16 4
205 260 144 154
1 10 6
226 280 27 72 59 245
1 14 5
255 86 290 147 68
1 14 5
115 87 71 104 215
1 19 2
53 271
1 26 2
263 32
1 12 5
31 260 235 252 125
1 10 5
282 148 280 58 20
1 23 2
204 63
1 18 2
120 6
1 11 4
182 140 216 0
1 22 3
153 159 174
1 13 5
276 296 292 2 76
1 16 4
250 34 264 231
1 14 5
227 204 170 245 242
1 16 2
83 123
1 16 4
163 95 52 271
1 10 6
92 220 171 58 105 219
1 16 4
84 232 244 141
1 22 2
89 88
1 9 5
199 95 284 140 152
1 11 5
205 144 13 211 146
1 12 6
120 99 169 236 208 11
1 25 3
177 141 210
1 12 6
189 295 187 163 264 160
1 15 5
97 225 4 183 274
1 22 3
105 249 177
1 11 6
60 289 236 208 63 31
1 11 6
236 140 32 66 108 122
1 13 5
48 218 74 166 282
1 15 5
213 291 217 68 53
1 15 2
40 208
1 19 3
105 86 27
1 18 2
245 206
1 17 3
3 9 205
1 26 2
261 69
1 9 6
216 282 64 74 259 8
1 15 3
208 259 107
1 15 3
244 42 129
1 23 2
47 242
1 15 4
54 179 268 234
1 34 2
170 236
1 23 3
150 19 51
1 21 2
86 104
1 14 4
262 172 76 42
1 13 5
52 279 283 64 9
1 13 5
296 139 135 137 72
1 15 3
214 28 260
1 14 4
83 172 55 133
1 27 2
1 74
1 20 2
259 95
1 13 4
91 0 178 63
1 17 4
34 253 18 111
1 10 6
124 176 66 201 250 242
1 11 5
171 28 164 58 89
1 14 5
21 116 246 224 232
1 29 2
285 102
1 12 6
244 115 202 172 10 289
1 11 6
84 174 42 36 218 171
1 14 5
209 163 158 80 223
1 15 5
49 172 299 78 136
1 16 4
180 263 221 75
1 22 2
125 20
1 19 3
102 197 211
1 21 2
171 55
1 12 5
79 273 41 188 165
1 16 4
3 201 251 60
1 13 5
226 53 147 125 272
1 12 5
260 246 58 95 56
1 35 2
201 167
1 13 5
229 81 183 91 131
1 9 5
67 254 130 96 128
1 14 5
76 130 296 292 144
1 10 6
155 47 188 8 234 45
1 11 6
15 209 26 168 97 114
1 24 3
277 212 195
1 12 6
186 220 228 177 129 198
1 19 4
36 21 179 99
1 10 6
60 183 2 77 250 165
1 14 3
135 206 190
1 15 5
288 65 21 161 48
1 22 2
14 60
1 11 6
127 112 30 239 289 267
1 26 2
7 26
1 15 5
92 55 153 5 21
1 11 6
180 296 199 105 261 157
1 14 4
130 201 131 108
1 10 6
273 287 107 60 234 8
1 12 6
244 168 154 156 279 44
1 18 4
257 38 89 1
1 32 2
212 218
1 10 6
181 128 242 135 36 31
1 11 6
206 202 108 101 227 34
1 37 2
149 255
1 11 6
264 255 52 18 283 268
1 13 5
73 143 44 184 211
1 14 5
154 212 119 298 276
1 15 4
292 131 125 14
1 20 3
160 94 6
1 14 4
73 138 59 49
1 14 5
115 117 125 246 45
1 11 5
210 104 124 117 288
1 18 2
13 244
1 9 6
36 117 8 239 234 199
1 16 4
114 67 12 28
1 32 2
142 32
1 12 5
226 165 61 187 157
1 25 3
273 51 192
1 11 5
288 106 147 290 10
1 16 3
160 36 93
1 34 2
8 153
1 14 5
296 128 57 157 257
1 14 5
204 86 8 17 239
1 14 5
94 155 102 170 283
1 18 4
29 178 86 43
1 28 2
242 238
1 12 6
60 99 104 72 52 241
1 20 3
139 88 87
1 16 2
284 249
1 18 4
274 202 175 169
1 35 2
92 54
1 27 2
238 62
1 17 2
194 123
1 12 6
230 42 241 18 195 168
1 8 6
250 23 239 266 47 208
1 24 3
115 93 70
1 33 2
185 235
1 12 2
0 137
1 12 4
107 286 27 174
1 21 2
250 61
1 31 2
241 233
1 35 2
81 192
1 16 4
202 221 247 3
1 9 6
137 263 287 250 14 109
1 19 3
238 138 157
1 12 5
201 216 196 166 6
1 12 6
266 50 118 78 16 53
1 30 2
286 44
1 14 4
30 271 164 210
1 10 5
270 268 125 103 155
1 12 6
58 67 65 178 289 139
1 17 4
93 34 204 87
1 35 2
231 122
1 14 5
191 36 151 247 16
1 17 3
106 53 186
1 15 5
259 160 119 79 217
1 10 5
30 71 161 159 221
1 28 2
48 187
1 13 5
121 158 218 254 128
1 10 6
81 67 215 91 118 189
1 19 3
132 229 162
1 20 3
229 203 242
1 11 6
254 142 194 225 89 275
1 14 4
24 174 155 228
1 11 4
9 186 232 64
1 16 4
121 227 192 175
1 14 5
209 257 256 127 172
1 14 5
204 76 93 289 25
1 18 2
271 232
1 11 6
215 210 44 101 265 152
1 9 6
193 159 165 69 137 278
1 17 4
18 226 225 75
1 9 6
184 68 26 10 295 160
1 18 4
114 230 141 183
1 13 5
157 182 288 236 289
1 13 5
177 142 264 262 270
1 24 3
78 222 151
1 16 4
165 133 4 233
1 10 5
189 223 232 262 281
1 17 4
147 207 158 218
1 10 4
219 20 70 266
1 12 6
173 160 72 294 170 201
1 13 6
221 282 272 222 114 189
1 13 4
27 268 215 42
1 29 2
196 292
1 12 6
140 106 37 217 292 267
1 22 2
89 62
1 16 4
283 189 294 198
1 18 4
136 259 65 244
1 12 6
47 290 111 266 44 109
1 22 3
32 165 103
1 16 4
75 296 223 56
1 14 5
233 231 180 147 265
1 16 4
254 86 200 31
1 16 4
157 268 272 134
1 40 2
153 217
1 30 2
202 261
1 13 5
33 81 28 260 193
1 14 5
32 1 169 219 233
1 26 3
21 243 213
1 9 6
63 164 248 134 152 2
1 19 3
169 258 268
1 11 5
126 40 27 150 154
1 23 3
293 167 122
1 17 3
204 95 89
1 14 5
233 167 133 149 295
1 16 4
86 27 292 259
1 17 3
203 57 288
1 20 2
147 215
1 18 4
63 257 279 106
1 10 6
177 23 112 0 125 156
1 17 4
56 122 241 71
1 10 3
95 61 160
1 21 3
292 230 147
1 36 2
298 32
1 10 5
80 258 87 40 130
1 14 4
53 285 256 36
1 15 2
278 130
1 28 2
295 57
1 22 3
174 191 92
1 18 3
77 87 27
1 20 3
33 24 84
1 15 5
100 44 124 163 144
1 24 2
215 284
1 23 3
242 112 177
1 23 2
29 75
1 24 2
161 190
1 11 5
137 248 280 269 200
1 22 2
9 108
1 12 5
188 56 110 189 3
1 16 4
293 220 250 41
1 13 5
247 11 140 201 262
1 10 6
296 282 290 238 235 68
1 14 4
190 203 242 183
1 31 2
94 238
1 22 3
298 222 228
1 14 4
118 68 92 250
1 29 2
159 289
1 16 4
82 159 48 259
1 23 2
73 297
1 19 2
64 118
1 24 2
250 73
1 14 5
281 277 34 82 96
1 20 3
281 173 124
1 16 4
215 54 181 239
1 27 2
158 270
1 13 5
105 32 219 287 271
1 23 3
118 38 222
1 14 4
136 208 18 147
1 12 6
243 233 244 122 163 2
1 19 4
186 41 115 44
1 31 2
178 6
1 19 3
264 201 148
1 17 4
297 187 162 218
1 18 4
135 231 132 192
1 9 6
46 288 20 85 242 73
1 15 3
13 135 285
1 14 3
232 40 126
1 9 6
33 101 189 14 55 226
1 12 6
17 144 244 230 173 40
1 17 4
76 188 75 231
1 14 3
20 107 9
1 17 3
84 266 146
1 20 3
18 77 213
1 12 5
281 286 174 169 142
1 32 2
62 44
1 18 3
265 55 272
1 14 4
175 52 237 26
1 20 3
126 175 56
1 17 4
37 31 188 11
1 17 4
118 99 61 97
1 17 4
2 286 31 144
1 18 4
22 39 93 195
1 21 2
123 154
1 31 2
252 141
1 23 3
11 114 49
1 38 2
44 213
1 10 6
294 73 106 210 23 283
1 12 6
66 201 51 16 242 120
1 26 3
272 190 163
1 14 4
235 250 200 124
1 23 3
3 59 153
1 30 2
200 19
1 22 2
182 13
1 30 2
152 222
1 13 5
94 109 98 18 252
1 19 4
8 119 114 186
1 13 5
200 229 6 65 139
1 10 6
140 267 35 232 76 250
1 14 4
155 137 113 79
1 13 5
53 232 158 100 165
1 15 4
161 39 36 79
1 19 4
102 103 78 123
1 15 4
230 26 2 166
1 11 6
168 60 279 258 237 101
1 17 3
247 179 80
1 12 6
242 99 229 45 113 199
1 10 6
96 49 241 156 210 36
1 13 5
196 197 296 186 149
1 12 6
148 206 94 191 54 201
1 17 4
183 113 81 35
1 11 5
70 26 24 20 295
1 11 5
16 143 125 108 74
1 16 4
2 207 284 34
1 17 4
246 256 59 12
1 15 5
258 22 86 35 82
1 18 4
279 219 53 144
1 11 5
49 126 57 285 181
1 21 3
151 299 137
1 19 4
32 235 49 177
1 12 4
226 239 211 29
1 12 4
0 249 287 28
1 11 4
25 278 28 181
1 12 6
213 111 18 19 190 2
1 33 2
116 170
1 23 3
3 217 56
1 11 6
25 95 177 291 212 219
1 10 6
89 180 42 221 168 165
1 12 5
16 198 95 135 250
1 12 4
71 29 200 197
1 17 4
8 65 109 58
1 11 5
142 267 8 206 61
1 18 3
9 171 182
1 17 4
204 145 61 219
1 11 5
128 284 87 25 266
1 23 3
171 57 114
1 19 2
58 263
1 24 3
73 277 51
1 13 5
282 275 30 292 128
1 9 6
182 150 67 152 48 206
1 21 3
174 102 269
1 12 5
26 270 238 1 237
1 13 5
171 82 120 83 165
1 13 4
130 80 93 188
1 15 5
271 272 40 60 65
1 17 4
37 261 226 292
1 19 4
102 114 158 124
1 25 3
20 225 169
1 17 3
297 131 88
1 12 6
272 174 204 68 234 29
1 19 4
153 289 119 11
1 18 3
23 49 35
1 14 4
5 6 97 182
1 27 2
248 252
1 9 6
109 69 62 151 214 124
1 15 4
180 20 206 69
1 20 3
20 151 169
1 15 5
299 24 287 50 99
1 9 6
47 112 27 252 264 183
1 32 2
272 282
1 14 5
102 238 81 94 197
1 31 2
39 84
1 25 3
218 225 164
1 15 4
215 150 89 246
1 25 2
206 201
1 26 2
121 279
1 14 5
262 114 187 175 184
1 12 5
190 128 202 70 182
1 22 3
173 168 97
1 27 2
49 256
1 20 3
180 26 219
1 10 6
30 155 156 202 134 12
1 17 3
286 10 135
1 22 3
109 21 157
1 30 2
200 92
1 33 2
122 93
1 13 5
226 103 291 218 285
1 18 3
74 212 174
1 18 4
200 35 102 8
1 12 6
289 104 140 8 12 111
1 11 4
262 13 142 22
1 18 3
184 277 223
1 14 5
277 154 240 1 212
1 18 3
295 27 57
1 16 3
171 179 132
1 23 3
241 113 8
1 12 6
104 294 88 274 197 100
1 9 4
203 74 208 179
1 14 5
267 195 198 91 66
1 12 6
170 113 258 97 72 145
1 12 3
47 140 132
1 12 6
72 276 99 14 2 191
1 24 3
209 257 299
1 20 3
43 268 160
1 20 3
57 84 233
1 24 2
179 144
1 22 2
250 80
1 17 2
34 260
1 10 5
22 40 235 28 105
1 11 6
127 69 150 35 204 171
1 14 3
74 186 157
1 37 2
204 99
1 16 2
137 70
1 13 5
113 179 136 190 75
1 13 6
206 119 115 195 138 259
1 9 6
200 266 30 97 214 91
1 11 6
46 210 282 214 207 187
1 28 2
79 87
1 12 5
97 248 196 11 290
1 8 6
13 197 124 25 103 34
1 11 6
205 46 242 178 52 181
1 15 5
135 249 99 222 178
1 18 3
8 183 295
1 17 4
21 297 84 73
1 25 3
100 89 115
1 25 2
236 128
1 15 4
43 203 30 268
1 12 6
236 255 1 39 13 165
1 14 5
1 31 74 130 256
1 23 3
173 11 8
1 33 2
81 253
1 22 3
187 206 192
1 25 2
101 74
1 24 2
162 22
1 15 3
248 188 164
1 11 4
268 131 104 135
1 14 4
16 164 39 268
1 13 5
200 291 70 160 133
1 11 6
190 7 41 209 126 200
1 11 6
251 56 100 93 230 85
1 18 2
64 0
1 15 4
151 106 29 2
1 31 2
75 236
1 8 6
6 29 273 132 235 196
1 15 5
178 142 100 163 68
1 11 6
261 280 224 269 232 222
1 11 6
255 69 16 269 203 76
1 14 4
66 207 216 223
1 12 5
139 211 35 58 103
1 15 5
85 230 272 63 180
1 14 5
118 254 296 298 50
1 21 3
107 191 243
1 25 3
195 207 204
1 31 2
24 72
1 15 4
60 200 215 175
1 21 2
140 58
1 13 4
259 221 101 186
1 17 4
41 205 110 123
1 31 2
127 253
1 22 3
237 86 289
1 18 3
161 282 76
1 13 6
156 153 202 248 173 122
1 28 2
12 141
1 15 4
290 98 234 209
1 12 6
117 251 124 21 144 76
1 19 4
78 105 299 252
1 13 5
94 281 86 59 168
1 20 3
110 42 64
1 18 4
41 36 102 254
1 22 3
154 257 62
1 23 3
167 288 298
1 16 4
89 127 46 202
1 30 2
288 133
1 12 4
132 23 5 95
1 18 3
30 83 149
1 24 3
82 291 227
1 14 4
293 101 150 223
1 18 3
119 13 179
1 12 4
131 123 110 0
1 15 4
110 214 121 236
1 18 3
181 292 219
1 16 4
45 224 175 6
1 13 4
152 244 233 259
1 13 3
130 79 262
1 10 4
249 200 63 27
1 23 3
163 276 284
1 11 6
135 274 52 232 126 283
1 12 6
183 49 189 210 136 195
1 15 4
92 60 242 88
1 9 6
285 14 152 235 168 19
1 12 5
33 253 19 60 220
1 24 3
145 40 170
1 26 2
235 28
1 16 4
243 209 49 145
1 10 6
61 267 280 277 282 112
1 11 6
196 14 89 56 43 230
1 26 2
247 132
1 25 2
105 294
1 18 4
218 296 17 279
1 28 2
198 96
1 15 4
280 167 295 104
1 13 5
37 24 14 223 80
1 10 6
76 79 93 194 205 158
1 18 4
118 207 245 231
1 13 4
132 126 125 260
1 23 2
198 63
1 17 4
237 87 149 132
1 31 2
267 298
1 23 3
279 167 142
1 13 5
41 188 28 290 73
1 13 4
223 247 214 216
1 19 4
119 295 271 163
1 14 3
211 209 203
1 24 3
177 93 1
1 14 5
290 125 256 198 165
1 20 3
74 272 251
1 29 2
275 171
1 11 6
231 174 56 288 184 220
1 12 6
145 35 50 276 177 235
1 25 2
107 230
1 10 6
287 215 174 264 256 239
1 13 4
30 24 288 260
1 11 6
216 282 39 167 75 208
1 15 5
170 235 213 69 205
1 15 4
126 76 227 164
1 19 3
265 294 257
1 17 4
196 142 218 227
1 12 5
188 283 183 30 158
1 28 2
255 157
1 19 3
224 155 77
1 13 3
132 129 67
1 15 5
181 159 82 250 32
1 21 3
143 1 162
1 18 3
271 75 18
1 12 6
72 224 243 160 178 191
1 19 2
62 120
1 22 2
252 15
1 21 3
19 14 35
1 17 4
180 8 246 94
1 12 5
156 296 228 283 159
1 27 2
276 254
1 21 2
48 34
1 13 4
286 291 232 158
1 11 6
293 81 88 83 172 202
1 18 3
160 31 285
1 12 6
88 24 21 274 184 139
1 20 2
196 251
1 12 4
197 250 291 85
1 15 4
132 74 272 214
1 11 4
80 112 34 285
1 15 4
288 60 155 16
1 19 3
208 242 230
1 20 3
175 103 30
1 10 4
85 123 199 228
1 19 2
117 232
1 15 4
100 59 34 107
1 10 6
207 182 162 64 226 181
1 18 3
42 23 182
1 12 5
221 74 59 212 93
1 10 5
291 234 159 5 91
1 19 3
245 191 268
1 19 2
49 9
1 15 5
245 173 225 247 298
1 16 5
159 228 255 101 51
1 25 3
167 177 152
1 15 5
102 28 23 228 173
1 16 2
280 77
1 14 4
232 116 28 172
1 17 4
223 180 154 31
1 23 2
222 85
1 15 5
8 293 199 191 217
1 22 2
179 2
1 17 3
13 196 110
1 10 5
260 268 285 11 291
1 12 6
243 55 231 145 11 70
k 20
