300 1500 465
11 31 32 30 19 24 31 33 19 33 32 12 39 28 39 20 34 38 29 17 27 39 34 18 27 33 30 27 30 27 20 18 27 17 27 23 14 34 24 19 31 25 17 35 24 33 35 19 34 40 34 19 32 29 24 34 29 40 37 14 11 36 11 27 34 17 20 12 29 15 38 27 24 35 22 15 36 29 21 27 37 32 25 14 12 14 32 34 20 18 35 15 35 14 27 20 28 27 23 36 14 29 26 12 19 24 14 30 24 12 23 19 23 12 12 17 14 24 40 18 22 17 37 24 31 31 37 25 21 29 17 15 38 39 32 15 30 20 25 34 18 25 23 14 24 20 39 32 18 16 28 35 28 31 35 33 24 14 38 39 32 28 17 16 29 15 16 17 18 20 17 25 38 18 31 19 24 19 19 21 37 25 27 36 29 31 31 26 30 26 38 31 26 30 12 19 18 17 33 36 34 36 23 16 15 17 19 29 23 13 39 34 30 22 21 16 38 23 35 29 40 18 31 14 20 33 20 36 23 24 40 14 31 27 39 19 12 22 19 38 15 18 14 28 12 36 36 15 20 13 34 15 29 18 33 36 23 38 34 40 26 11 40 24 27 15 37 25 28 28 19 20 38 19 37 23 15 16 40 40 17 28 24 22 35 24 11 29 20 16 28 25 24 33 21 14 12 34 36 18
1 21 22 20 9 14 21 23 9 23 22 2 29 18 29 10 24 28 19 7 17 29 24 8 17 23 20 17 20 17 10 8 17 7 17 13 4 24 14 9 21 15 7 25 14 23 25 9 24 30 24 9 22 19 14 24 19 30 27 4 1 26 1 17 24 7 10 2 19 5 28 17 14 25 12 5 26 19 11 17 27 22 15 4 2 4 22 24 10 8 25 5 25 4 17 10 18 17 13 26 4 19 16 2 9 14 4 20 14 2 13 9 13 2 2 7 4 14 30 8 12 7 27 14 21 21 27 15 11 19 7 5 28 29 22 5 20 10 15 24 8 15 13 4 14 10 29 22 8 6 18 25 18 21 25 23 14 4 28 29 22 18 7 6 19 5 6 7 8 10 7 15 28 8 21 9 14 9 9 11 27 15 17 26 19 21 21 16 20 16 28 21 16 20 2 9 8 7 23 26 24 26 13 6 5 7 9 19 13 3 29 24 20 12 11 6 28 13 25 19 30 8 21 4 10 23 10 26 13 14 30 4 21 17 29 9 2 12 9 28 5 8 4 18 2 26 26 5 10 3 24 5 19 8 23 26 13 28 24 30 16 1 30 14 17 5 27 15 18 18 9 10 28 9 27 13 5 6 30 30 7 18 14 12 25 14 1 19 10 6 18 15 14 23 11 4 2 24 26 8
1 6 4
241 52 286 260
1 12 4
177 174 189 127
1 6 5
258 266 209 14 99
1 6 4
229 245 107 200
1 20 5
230 295 267 75 271
1 3 6
136 275 295 218 219 185
1 12 5
170 145 27 250 173
1 4 4
229 186 250 4
1 20 6
31 28 73 15 196 97
1 20 6
125 255 228 292 113 233
1 15 5
127 32 199 84 82
1 4 3
234 175 261
1 6 2
181 140
1 3 5
66 73 299 260 287
1 20 6
107 2 11 228 60 273
1 12 2
294 176
1 8 6
123 258 147 63 124 69
1 14 2
287 58
1 8 4
219 225 60 242
1 11 5
68 101 261 132 187
1 8 6
163 173 203 175 214 201
1 15 5
190 291 262 200 260
1 1 4
149 268 228 224
1 15 2
286 165
1 15 5
118 215 12 23 282
1 10 6
85 40 143 3 256 175
1 16 4
157 213 100 56
1 2 2
254 169
1 20 4
285 157 121 74
1 9 2
44 63
1 2 3
267 119 257
1 19 2
269 74
1 18 4
290 260 233 164
1 19 5
265 18 164 120 9
1 6 5
43 207 64 85 285
1 17 3
220 199 249
1 9 2
204 118
1 1 2
218 238
1 5 6
63 76 25 251 272 270
1 20 4
262 22 8 104
1 9 6
27 282 287 147 45 178
1 19 6
169 79 286 110 32 214
1 15 6
59 206 19 162 170 68
1 12 2
255 133
1 15 2
98 174
1 10 6
298 18 292 283 106 72
1 15 4
77 234 243 282
1 12 6
55 260 273 155 77 183
1 6 3
162 128 216
1 15 3
83 287 44
1 5 4
27 209 3 222
1 10 4
186 69 233 61
1 7 6
179 95 279 21 8 51
1 12 3
86 7 211
1 12 6
232 182 250 48 199 55
1 13 4
261 174 262 137
1 10 3
251 219 240
1 6 6
20 269 3 85 222 148
1 17 3
239 170 285
1 7 3
139 201 145
1 20 6
42 256 107 35 184 257
1 14 2
231 180
1 9 6
47 124 14 91 210 205
1 19 2
225 264
1 17 4
189 140 202 93
1 15 5
177 253 216 209 267
1 19 4
297 89 122 123
1 11 2
40 202
1 14 4
65 158 245 85
1 6 4
259 35 82 36
1 4 3
183 230 191
1 19 6
10 188 266 38 47 180
1 5 3
299 49 293
1 5 6
150 118 243 50 197 66
1 20 6
202 92 69 200 137 272
1 1 6
233 108 163 0 42 159
1 11 4
12 43 40 123
1 14 4
161 284 115 112
1 18 5
135 22 277 224 265
1 20 5
96 16 77 7 299
1 9 6
174 264 167 19 158 148
1 5 6
186 219 124 29 168 149
1 9 3
35 62 211
1 6 3
235 165 135
1 3 5
251 66 201 210 96
1 15 3
22 290 227
1 13 6
272 128 244 283 60 72
1 4 2
153 81
1 2 5
41 151 117 166 138
1 8 6
146 283 224 229 240 119
1 15 2
50 149
1 10 3
42 77 278
1 4 2
7 187
1 2 6
107 203 112 89 244 215
1 20 4
73 280 202 44
1 16 4
264 260 150 133
1 11 2
70 236
1 15 4
233 15 217 156
1 16 5
6 255 7 89 265
1 5 6
2 64 243 178 17 110
1 8 6
286 70 120 214 132 103
1 8 5
246 293 286 177 236
1 12 5
110 221 58 93 11
1 5 3
114 203 75
1 9 5
112 52 229 115 256
1 7 3
115 42 35
1 3 2
78 291
1 11 6
164 228 104 103 183 8
1 11 4
73 148 297 93
1 14 6
247 155 162 68 173 108
1 11 4
160 295 59 108
1 17 4
22 277 153 137
1 5 5
191 168 155 207 141
1 13 3
150 65 63
1 20 3
105 217 230
1 12 3
235 113 141
1 5 2
27 167
1 7 6
220 34 77 126 62 199
1 11 3
35 236 67
1 10 3
106 36 71
1 1 4
213 88 192 164
1 7 6
34 200 37 179 167 237
1 2 6
167 198 10 192 227 243
1 10 6
3 283 106 245 264 256
1 7 5
79 245 292 28 164
1 8 2
165 43
1 3 5
231 163 117 122 250
1 17 2
273 164
1 8 6
53 58 170 158 98 133
1 11 4
51 240 163 9
1 5 2
54 124
1 9 6
237 282 245 76 143 4
1 12 2
245 202
1 20 3
19 161 49
1 4 3
167 274 102
1 14 3
177 196 248
1 1 3
293 95 116
1 15 5
188 52 187 5 28
1 17 4
257 133 210 1
1 5 5
84 136 209 43 223
1 10 2
274 182
1 20 2
273 183
1 7 2
288 149
1 15 3
14 151 205
1 15 3
231 191 72
1 8 2
28 266
1 8 3
286 190 219
1 6 3
125 260 111
1 9 3
138 285 128
1 13 4
214 136 234 22
1 20 3
229 232 62
1 2 3
51 181 24
1 8 3
6 167 212
1 10 6
140 1 248 268 266 84
1 19 6
57 219 294 192 34 164
1 16 5
129 138 111 56 265
1 7 5
233 77 179 176 130
1 9 5
168 198 109 229 181
1 8 3
98 195 59
1 16 2
137 287
1 19 2
94 38
1 3 6
211 76 7 66 92 162
1 9 3
134 256 40
1 10 6
187 288 152 297 170 214
1 3 3
210 240 148
1 8 4
30 135 78 166
1 20 3
50 5 175
1 20 3
117 178 251
1 5 5
201 276 82 121 56
1 16 5
80 223 262 131 257
1 19 5
299 109 56 116 215
1 18 4
56 43 143 235
1 13 2
100 226
1 20 3
78 101 245
1 6 5
297 193 251 80 17
1 6 6
77 47 187 223 242 182
1 13 3
122 74 276
1 12 4
264 158 155 77
1 10 6
7 40 130 240 286 152
1 10 3
243 105 161
1 6 3
223 173 288
1 15 6
48 199 5 146 12 278
1 7 4
177 231 73 211
1 18 4
189 65 66 269
1 11 6
259 81 170 91 176 233
1 9 6
165 139 222 147 75 66
1 5 6
215 244 10 195 196 53
1 12 2
16 30
1 20 5
259 250 187 169 201
1 17 2
159 272
1 15 5
276 126 294 12 185
1 2 4
122 127 49 205
1 18 4
29 235 265 195
1 18 6
265 12 61 111 67 31
1 17 2
16 36
1 9 4
73 81 254 87
1 18 3
267 152 62
1 7 3
86 132 18
1 1 4
165 178 268 87
1 14 4
279 117 110 82
1 17 3
61 232 104
1 20 5
144 261 223 76 234
1 13 4
285 91 51 251
1 11 4
174 94 91 215
1 5 5
221 178 98 6 49
1 3 2
101 3
1 11 2
1 204
1 6 3
74 19 143
1 10 2
104 44
1 18 4
124 128 250 183
1 2 6
125 48 243 56 86 49
1 6 2
217 297
1 15 3
44 240 51
1 15 3
113 32 71
1 13 2
272 117
1 18 4
164 133 203 9
1 17 5
93 173 17 198 54
1 7 4
78 59 140 182
1 13 2
180 95
1 6 2
251 73
1 18 2
0 7
1 16 6
89 288 234 170 219 222
1 6 4
63 151 34 183
1 18 6
261 91 215 195 140 57
1 5 5
21 3 155 80 191
1 20 5
263 75 237 52 127
1 5 3
13 254 223
1 20 3
117 26 160
1 14 5
69 77 34 133 227
1 15 6
282 114 291 238 13 137
1 8 6
212 77 148 211 196 199
1 15 4
66 151 180 4
1 9 4
274 298 275 42
1 14 4
247 116 75 242
1 5 2
187 124
1 7 4
287 297 202 280
1 17 6
251 144 156 246 234 191
1 6 6
15 28 73 130 160 192
1 15 4
28 292 243 216
1 17 6
113 29 197 86 185 140
1 1 2
137 281
1 4 2
191 134
1 13 6
131 271 70 64 136 85
1 6 2
185 34
1 6 2
201 118
1 16 2
180 155
1 6 3
165 221 15
1 8 6
230 176 238 163 174 183
1 6 2
171 95
1 14 5
272 276 229 97 273
1 4 3
58 109 273
1 10 4
80 132 184 66
1 12 3
288 28 121
1 1 5
287 180 167 200 119
1 10 3
233 207 150
1 9 6
102 45 256 101 43 55
1 8 3
75 230 125
1 11 2
19 253
1 4 4
36 98 51 245
1 9 4
149 9 174 196
1 11 4
199 132 262 179
1 1 3
103 85 15
1 14 2
186 188
1 7 4
288 11 194 150
1 10 6
180 219 225 25 199 46
1 14 5
84 268 185 140 273
1 7 4
36 60 279 111
1 3 4
47 214 71 225
1 2 4
246 256 38 199
1 13 4
80 17 180 51
1 20 2
85 42
1 17 4
184 26 123 8
1 18 2
209 242
1 12 3
80 55 7
1 5 4
165 100 226 290
1 17 5
285 235 57 104 22
1 1 6
25 259 30 2 146 135
1 6 4
38 93 129 63
1 17 4
12 88 0 184
1 17 6
82 4 16 25 86 212
1 8 2
292 257
1 19 2
53 71
1 16 2
112 287
1 14 6
1 82 131 85 173 3
1 10 4
221 73 193 235
1 12 2
234 113
1 9 4
228 274 203 65
1 7 4
170 15 58 110
1 4 4
228 85 137 277
1 14 2
204 127
1 16 4
33 47 57 70
1 13 5
111 86 88 183 223
1 8 3
57 261 110
1 3 6
197 53 228 176 105 186
1 13 3
282 265 33
1 20 6
165 60 104 269 289 5
1 11 6
295 134 285 224 251 234
1 2 5
71 246 84 291 274
1 4 5
26 147 239 212 266
1 8 3
265 69 225
1 13 4
12 255 64 113
1 10 3
299 247 275
1 4 5
216 54 75 263 159
1 20 6
43 0 21 34 13 92
1 8 2
106 167
1 16 3
165 285 3
1 9 2
82 109
1 8 6
104 153 214 236 74 194
1 4 6
96 93 271 187 51 268
1 7 6
242 125 293 163 19 266
1 19 3
211 254 130
1 17 6
146 37 36 8 81 155
1 1 5
132 2 113 134 299
1 14 3
297 188 222
1 5 3
37 127 41
1 12 5
41 135 49 23 25
1 1 3
274 40 49
1 14 4
189 138 39 120
1 8 4
261 169 289 81
1 1 5
37 238 249 200 209
1 3 6
221 280 287 276 144 87
1 1 6
168 253 58 153 256 23
1 7 2
131 267
1 7 2
193 222
1 4 2
222 29
1 7 2
185 248
1 15 6
202 265 181 121 38 9
1 13 3
28 100 40
1 11 4
251 55 261 262
1 5 3
1 118 35
1 17 2
152 133
1 3 4
51 104 10 118
1 2 6
175 15 161 239 182 123
1 4 5
28 95 221 36 170
1 11 3
187 294 229
1 16 2
13 166
1 7 6
233 198 282 88 145 188
1 15 5
104 259 194 158 60
1 13 4
121 252 185 227
1 6 3
129 206 81
1 16 2
69 264
1 19 3
155 9 137
1 16 5
113 157 41 59 181
1 5 2
232 185
1 13 2
230 277
1 10 2
128 157
1 19 5
206 244 125 46 65
1 11 3
126 27 88
1 6 2
53 172
1 4 3
116 14 188
1 4 2
246 188
1 6 3
11 297 21
1 6 6
149 274 61 75 222 249
1 1 3
216 51 73
1 6 4
292 281 202 122
1 4 2
85 149
1 6 6
239 170 123 186 147 94
1 1 5
209 86 257 219 262
1 13 3
195 105 146
1 3 5
250 185 219 54 110
1 12 2
220 270
1 12 6
162 217 34 62 175 0
1 13 3
295 27 92
1 10 2
299 260
1 20 6
122 46 183 25 263 155
1 18 4
109 43 85 131
1 5 6
275 239 116 169 75 106
1 12 4
27 249 52 21
1 2 5
254 10 228 291 87
1 1 2
190 299
1 12 3
296 26 223
1 14 5
170 119 144 67 154
1 20 5
63 233 40 76 16
1 4 4
289 177 175 141
1 2 5
190 89 122 204 53
1 14 6
196 282 190 50 68 107
1 18 5
127 52 259 72 88
1 19 3
143 284 154
1 19 3
101 262 272
1 13 4
273 20 40 194
1 12 6
8 4 102 263 232 186
1 16 6
41 131 37 63 259 213
1 11 5
31 19 249 69 92
1 14 3
98 179 130
1 13 3
221 297 1
1 10 5
253 234 228 218 203
1 6 2
32 138
1 17 6
91 155 68 28 49 260
1 5 5
130 59 244 65 14
1 4 3
135 52 32
1 18 5
81 285 96 67 216
1 4 6
80 177 207 263 132 131
1 12 5
165 248 296 87 149
1 16 4
249 238 32 127
1 18 5
97 273 202 188 117
1 10 3
139 260 229
1 4 3
164 236 123
1 8 4
255 172 202 100
1 3 2
91 178
1 4 5
90 247 271 126 92
1 13 4
31 197 282 182
1 12 5
292 216 21 291 162
1 19 4
299 209 227 12
1 4 4
106 224 223 274
1 10 6
154 181 292 34 111 244
1 18 2
8 296
1 1 3
257 32 176
1 15 4
78 117 104 112
1 17 2
265 211
1 13 6
98 103 257 127 73 18
1 3 6
76 189 52 149 229 269
1 3 4
174 285 198 237
1 18 2
163 269
1 13 6
12 282 249 104 223 258
1 17 6
177 102 288 231 275 241
1 9 2
223 87
1 15 2
274 194
1 6 2
109 73
1 8 2
238 113
1 14 3
202 148 79
1 3 6
66 87 127 118 85 263
1 19 5
85 58 252 24 276
1 19 3
243 146 208
1 14 2
296 42
1 2 3
193 260 39
1 8 3
49 275 11
1 7 4
217 148 56 196
1 16 3
30 127 137
1 3 3
217 67 159
1 19 4
144 177 205 265
1 11 6
272 103 129 10 283 255
1 14 4
128 260 43 72
1 19 4
140 148 168 55
1 3 4
23 67 284 153
1 1 3
263 56 90
1 2 4
73 90 70 25
1 7 4
241 61 279 248
1 9 3
188 288 272
1 4 4
267 269 130 0
1 7 4
263 140 185 214
1 17 4
129 190 289 206
1 4 4
209 82 58 61
1 4 3
27 51 124
1 10 2
30 31
1 15 4
227 274 234 58
1 12 4
30 183 67 32
1 10 5
43 141 280 32 13
1 6 2
95 222
1 15 5
114 296 256 134 89
1 19 3
75 200 81
1 17 6
273 278 38 28 48 111
1 13 3
125 121 35
1 4 5
39 220 126 19 108
1 5 4
289 295 213 13
1 10 2
285 268
1 20 3
279 158 68
1 5 2
15 89
1 14 4
65 76 20 124
1 9 3
149 215 70
1 10 5
187 210 53 44 142
1 20 6
87 110 181 17 109 262
1 8 4
269 115 116 208
1 16 5
280 101 185 247 249
1 5 3
51 157 190
1 17 2
202 35
1 17 4
267 79 257 154
1 5 2
200 36
1 4 5
198 55 186 21 153
1 3 6
169 90 72 91 50 211
1 11 6
41 67 1 10 59 282
1 12 2
245 158
1 15 6
135 169 204 71 63 88
1 15 2
286 202
1 1 2
252 82
1 19 4
255 200 63 164
1 15 3
85 72 116
1 17 4
88 284 213 104
1 6 2
37 196
1 18 4
183 178 261 31
1 20 6
207 246 255 82 266 238
1 10 2
220 269
1 15 2
17 296
1 6 4
178 39 0 146
1 2 5
208 231 36 288 296
1 11 5
271 225 66 255 209
1 10 5
1 298 179 180 231
1 13 5
112 269 235 84 40
1 15 4
274 194 117 115
1 3 2
186 86
1 12 5
230 123 159 246 234
1 9 5
208 283 151 119 48
1 17 2
298 277
1 4 4
12 14 52 205
1 4 2
271 144
1 12 2
205 199
1 20 4
41 106 244 18
1 12 3
194 225 65
1 17 6
136 276 163 33 32 285
1 7 2
267 238
1 5 4
109 183 265 65
1 8 3
145 198 131
1 13 5
175 94 254 105 68
1 1 3
249 224 271
1 7 2
75 104
1 3 4
19 20 240 105
1 3 3
295 134 240
1 8 3
244 15 197
1 9 4
46 32 285 277
1 19 3
97 257 223
1 15 5
131 58 251 171 100
1 9 5
182 241 111 194 189
1 9 3
9 221 232
1 2 3
153 138 56
1 4 4
234 157 153 51
1 16 4
192 215 9 82
1 11 5
163 180 263 271 45
1 6 5
135 25 41 17 103
1 3 6
281 254 207 225 175 43
1 1 5
6 4 277 0 59
1 9 4
85 56 222 58
1 17 6
278 108 17 196 116 114
1 6 5
235 21 85 263 281
1 20 3
166 47 251
1 4 6
282 44 202 138 64 20
1 16 3
235 73 19
1 15 2
35 49
1 10 4
217 194 221 30
1 14 6
234 137 225 182 67 246
1 8 5
19 282 219 126 92
1 6 3
114 101 167
1 10 6
35 9 173 43 215 171
1 8 5
112 149 47 292 184
1 10 2
70 173
1 16 3
274 175 99
1 11 2
21 231
1 20 4
44 245 119 49
1 18 5
37 123 108 262 216
1 17 4
43 137 78 151
1 13 6
80 237 51 111 157 186
1 20 5
269 159 62 199 8
1 14 4
226 252 43 122
1 4 4
206 51 106 15
1 16 2
159 222
1 17 3
290 60 16
1 9 4
259 83 272 294
1 13 3
66 176 299
1 10 6
169 242 128 146 122 189
1 3 4
286 219 215 22
1 10 3
61 222 198
1 9 4
158 10 155 26
1 13 5
32 134 136 133 110
1 12 5
244 263 191 222 227
1 16 3
18 153 124
1 10 2
266 75
1 19 2
24 44
1 15 3
288 6 232
1 9 3
206 291 123
1 18 2
73 242
1 2 2
91 21
1 20 5
166 13 51 89 194
1 18 4
85 265 19 138
1 14 2
171 122
1 10 3
47 235 189
1 20 3
177 208 43
1 20 2
132 141
1 18 5
208 272 140 111 275
1 20 4
80 283 277 134
1 11 4
221 212 259 215
1 19 2
226 222
1 15 5
54 143 233 32 270
1 9 5
218 36 65 230 176
1 13 4
130 246 110 161
1 11 3
32 57 71
1 10 4
34 173 20 286
1 6 2
239 105
1 4 4
102 191 261 208
1 9 4
132 73 289 18
1 5 6
15 246 232 284 128 1
1 3 6
119 272 110 8 169 281
1 9 4
209 189 74 38
1 2 2
109 218
1 7 6
12 148 42 149 6 83
1 17 6
179 156 116 9 253 173
1 15 4
192 119 26 122
1 11 5
247 281 187 272 202
1 12 2
0 27
1 4 4
66 91 0 6
1 9 6
7 214 250 27 104 69
1 5 4
174 266 272 60
1 17 5
259 290 97 18 175
1 1 5
208 150 27 95 147
1 10 3
190 146 199
1 5 6
47 78 224 282 138 170
1 16 6
108 49 6 232 171 115
1 14 6
201 4 38 22 127 101
1 18 2
32 37
1 17 5
225 200 0 77 186
1 12 2
76 261
1 8 5
154 69 64 293 211
1 4 5
128 166 261 191 257
1 12 3
192 259 144
1 17 2
50 132
1 12 4
102 73 161 74
1 6 4
233 150 8 40
1 4 6
202 76 5 58 225 55
1 16 6
37 290 30 29 132 15
1 1 3
24 182 129
1 10 3
206 19 46
1 13 4
220 222 50 64
1 17 6
70 257 169 74 189 117
1 12 4
51 290 58 49
1 19 2
268 114
1 20 3
271 42 251
1 6 2
189 95
1 9 4
57 182 9 220
1 18 5
121 94 96 244 294
1 4 3
104 49 113
1 2 3
159 183 38
1 2 6
283 53 207 249 266 54
1 13 5
127 178 137 60 91
1 8 2
6 29
1 15 6
284 269 295 228 229 97
1 18 2
112 30
1 14 5
263 21 169 243 85
1 20 4
69 62 186 95
1 19 4
168 36 285 188
1 3 6
239 299 210 229 37 255
1 13 4
46 68 264 121
1 3 5
73 23 1 120 39
1 12 5
219 121 103 114 64
1 15 2
284 135
1 20 3
97 1 22
1 2 2
168 296
1 19 6
288 144 178 297 85 183
1 7 4
211 215 81 229
1 7 3
295 5 241
1 6 3
258 250 114
1 4 4
215 173 111 121
1 5 3
249 15 147
1 7 6
222 17 33 172 276 275
1 9 4
130 254 21 57
1 17 6
167 105 262 54 155 211
1 4 3
221 151 257
1 10 5
51 146 285 31 74
1 14 3
181 16 88
1 17 5
242 275 10 164 117
1 15 5
81 271 231 13 187
1 9 6
47 97 203 127 213 13
1 6 6
185 160 99 279 190 48
1 20 5
194 177 205 216 42
1 6 3
196 86 285
1 9 5
161 124 71 53 54
1 19 2
220 165
1 9 6
174 297 126 207 54 267
1 5 5
204 29 162 237 258
1 5 5
208 131 44 122 293
1 16 2
224 50
1 18 5
32 217 131 139 15
1 9 2
101 103
1 18 3
260 114 103
1 6 3
178 101 246
1 14 6
67 135 39 218 68 267
1 20 3
122 91 260
1 18 2
45 18
1 5 3
161 40 142
1 16 6
196 199 108 40 91 60
1 15 5
234 147 60 85 110
1 12 2
241 109
1 13 4
234 171 156 216
1 10 5
254 217 5 64 41
1 18 2
203 180
1 5 5
256 241 258 42 5
1 7 6
200 199 65 211 169 105
1 5 2
229 20
1 18 5
76 99 275 80 173
1 6 5
270 169 88 176 9
1 7 4
289 134 31 36
1 11 6
43 25 72 61 174 104
1 16 6
174 253 22 230 242 183
1 4 6
44 298 111 252 177 48
1 19 4
244 84 96 126
1 14 3
228 212 86
1 2 2
13 88
1 7 4
54 259 89 213
1 7 2
234 30
1 16 4
120 23 22 37
1 8 6
213 2 1 278 152 106
1 7 2
249 88
1 16 5
267 228 163 229 34
1 6 5
79 246 141 174 242
1 14 4
126 35 1 78
1 19 4
8 182 78 123
1 11 2
268 82
1 11 3
18 66 15
1 18 6
143 167 243 273 122 183
1 4 6
167 3 29 218 223 275
1 3 5
154 204 38 218 149
1 6 6
36 67 136 294 239 1
1 4 3
107 13 73
1 9 6
244 7 99 288 162 150
1 18 5
111 144 179 116 174
1 2 2
46 181
1 7 6
252 3 117 30 248 282
1 12 2
255 5
1 1 6
135 55 20 49 28 153
1 10 4
273 121 272 59
1 11 3
235 206 190
1 3 4
121 228 24 145
1 12 3
207 43 55
1 5 6
83 93 131 229 266 260
1 20 6
82 216 210 289 206 104
1 19 6
296 49 127 251 223 268
1 6 5
77 94 103 164 244
1 13 3
6 146 48
1 5 4
147 197 263 183
1 16 5
9 84 284 111 21
1 9 6
47 80 272 159 183 115
1 11 3
194 79 256
1 13 5
90 24 274 79 249
1 16 2
268 258
1 3 4
266 295 255 226
1 3 5
267 146 94 194 170
1 12 4
19 106 71 173
1 11 3
45 192 42
1 15 5
100 21 197 49 37
1 15 2
14 109
1 14 5
279 133 206 146 11
1 7 3
272 28 218
1 3 2
113 59
1 13 5
164 201 290 88 38
1 18 5
166 216 283 271 221
1 5 3
48 2 187
1 9 3
101 231 251
1 4 4
171 20 260 140
1 13 4
286 12 106 187
1 5 4
250 246 12 74
1 11 3
188 44 190
1 4 3
236 179 212
1 17 4
158 192 64 42
1 13 6
42 183 297 17 282 190
1 15 6
266 211 40 207 165 194
1 6 4
89 59 71 133
1 15 5
62 224 15 295 169
1 2 4
167 79 55 189
1 14 4
287 135 194 292
1 12 5
268 217 96 93 222
1 19 2
104 68
1 18 6
168 109 145 87 278 17
1 5 5
160 0 199 13 5
1 7 2
234 242
1 11 5
240 48 46 172 132
1 5 2
299 74
1 17 2
239 63
1 10 2
118 83
1 8 6
240 36 113 45 33 277
1 4 5
200 273 54 52 214
1 13 3
72 186 232
1 17 2
162 284
1 1 4
17 246 143 174
1 14 5
199 82 275 159 5
1 1 3
173 45 23
1 9 5
50 247 16 55 38
1 2 3
246 94 253
1 2 4
271 110 164 0
1 11 6
235 285 219 65 164 264
1 1 4
112 76 257 239
1 10 6
195 41 224 28 241 196
1 20 4
12 135 148 0
1 3 5
103 43 179 239 212
1 18 2
109 191
1 1 2
296 101
1 15 5
32 171 80 261 25
1 16 2
95 9
1 3 2
89 183
1 17 6
81 224 83 140 268 41
1 13 6
45 93 292 291 162 160
1 7 3
195 127 260
1 18 2
175 105
1 12 5
137 176 187 284 12
1 12 4
41 236 213 21
1 12 2
128 298
1 19 2
107 98
1 2 6
52 272 293 290 180 265
1 7 4
283 267 32 264
1 2 3
239 227 258
1 7 5
88 33 286 94 216
1 5 3
90 14 103
1 11 5
73 119 121 65 138
1 12 4
46 13 114 125
1 17 2
234 244
1 15 4
67 239 27 134
1 12 4
183 3 69 270
1 3 3
191 179 88
1 1 4
29 26 8 89
1 14 4
59 128 132 183
1 5 4
6 66 179 183
1 3 2
214 13
1 11 3
180 262 298
1 7 3
144 78 103
1 14 2
30 243
1 7 2
298 153
1 10 5
88 73 218 83 153
1 2 2
232 20
1 3 2
282 243
1 8 5
266 175 62 111 281
1 15 5
78 161 131 274 289
1 11 3
44 178 177
1 18 3
93 157 97
1 3 3
286 42 40
1 19 3
275 135 171
1 20 3
212 45 211
1 11 6
105 4 103 147 98 156
1 13 6
294 14 224 242 165 230
1 8 4
293 260 84 4
1 9 2
83 238
1 14 3
111 242 116
1 1 4
184 257 208 251
1 19 2
195 206
1 17 6
63 138 105 125 172 116
1 18 6
45 72 106 232 222 157
1 20 4
109 58 36 22
1 4 6
140 254 269 175 287 116
1 20 4
263 184 248 198
1 3 2
260 51
1 16 2
154 62
1 13 4
252 187 197 254
1 2 2
126 169
1 5 3
97 257 150
1 10 6
46 181 136 236 159 287
1 18 6
168 157 126 129 264 187
1 14 6
61 203 30 109 260 299
1 11 3
25 271 136
1 12 5
176 52 284 37 138
1 9 2
24 79
1 17 2
153 76
1 3 3
123 132 155
1 18 4
62 222 142 276
1 6 2
294 13
1 2 5
168 40 220 13 88
1 9 5
136 181 41 173 279
1 5 3
147 105 251
1 12 5
95 68 178 124 76
1 5 6
216 6 92 69 148 109
1 5 6
258 100 239 11 156 157
1 6 3
241 124 23
1 13 5
207 78 266 140 38
1 5 5
199 252 44 125 27
1 20 5
143 113 55 82 75
1 4 2
188 238
1 7 3
99 296 289
1 3 2
58 257
1 9 2
226 151
1 2 5
144 248 230 27 32
1 3 3
278 281 161
1 1 5
38 168 29 185 153
1 8 3
233 240 175
1 12 2
289 174
1 14 2
41 55
1 4 4
154 213 88 266
1 15 6
268 240 104 72 251 261
1 7 5
25 26 150 63 238
1 4 4
14 164 64 169
1 13 5
49 66 117 19 31
1 4 5
189 178 51 48 252
1 16 3
127 18 156
1 10 4
152 133 255 129
1 9 2
198 299
1 20 5
230 41 115 5 287
1 19 3
204 218 55
1 5 5
46 136 8 239 70
1 13 2
190 264
1 15 6
203 188 61 279 28 228
1 18 5
146 26 112 264 189
1 4 2
277 244
1 15 5
204 90 21 68 150
1 19 6
80 135 215 143 255 17
1 4 4
237 122 185 27
1 17 6
216 281 198 259 55 78
1 2 6
162 202 70 3 106 234
1 19 2
160 179
1 3 5
251 129 207 136 239
1 17 6
166 130 52 170 259 41
1 14 4
11 186 35 289
1 5 2
298 229
1 15 5
92 148 157 257 152
1 1 2
289 35
1 16 5
233 39 137 132 138
1 13 4
81 75 191 249
1 1 3
54 90 79
1 20 6
9 24 89 104 32 58
1 10 6
272 136 147 123 98 120
1 11 3
197 187 29
1 15 6
16 154 191 92 171 67
1 7 4
276 65 251 181
1 3 3
146 215 132
1 8 5
254 197 290 10 262
1 3 3
244 28 247
1 3 5
118 121 171 186 190
1 10 6
180 237 203 142 17 267
1 18 3
297 294 167
1 19 6
33 126 256 214 49 96
1 19 3
89 9 163
1 19 5
185 239 124 13 192
1 7 2
165 55
1 19 2
92 120
1 14 4
62 120 195 142
1 9 5
80 229 273 155 109
1 12 3
290 62 258
1 10 6
44 293 86 135 38 155
1 3 5
27 155 130 87 192
1 2 3
142 285 238
1 18 6
105 180 110 296 156 277
1 11 5
252 263 175 244 253
1 5 4
189 159 195 164
1 11 3
101 12 243
1 13 2
100 99
1 6 5
53 102 268 47 203
1 6 5
70 23 90 26 288
1 7 6
244 175 82 152 219 218
1 20 2
199 277
1 3 5
259 126 133 87 160
1 1 2
280 226
1 16 5
186 299 119 232 268
1 7 5
280 236 243 153 248
1 2 4
185 281 34 61
1 15 3
289 35 232
1 16 3
247 149 129
1 13 3
234 64 186
1 17 2
133 282
1 7 5
182 252 194 281 2
1 16 2
45 281
1 16 3
266 201 247
1 16 6
208 265 162 155 115 125
1 15 3
280 175 143
1 11 3
148 129 36
1 12 4
145 211 143 37
1 10 4
241 74 6 53
1 7 4
138 117 183 92
1 18 2
29 264
1 15 5
116 280 158 152 175
1 15 6
58 103 234 129 292 100
1 5 3
111 258 32
1 5 5
60 171 114 250 194
1 17 4
298 99 206 44
1 3 6
242 112 261 250 293 70
1 13 2
253 83
1 20 5
131 219 175 52 103
1 20 5
113 91 77 137 120
1 16 2
56 104
1 17 6
287 1 59 256 177 277
1 2 3
130 165 15
1 1 5
275 79 205 218 34
1 14 4
205 167 223 40
1 15 4
44 30 70 109
1 15 6
261 119 259 81 89 87
1 1 5
191 239 251 17 204
1 5 3
230 205 132
1 11 2
16 126
1 1 5
36 1 40 89 59
1 12 5
244 149 103 235 197
1 8 3
204 85 157
1 7 6
198 186 175 205 114 193
1 8 4
216 182 153 210
1 5 5
103 240 132 50 56
1 10 4
50 65 164 196
1 1 3
101 143 199
1 18 6
185 273 221 57 203 214
1 6 4
76 71 119 128
1 7 5
54 96 172 2 216
1 17 5
278 8 14 146 263
1 18 2
113 13
1 9 2
265 150
1 1 2
218 247
1 12 5
238 146 41 102 151
1 18 5
150 198 67 37 292
1 11 3
203 196 158
1 7 6
299 277 182 143 234 289
1 20 2
43 51
1 3 6
50 33 149 261 279 178
1 13 2
293 223
1 7 4
212 101 276 21
1 4 6
254 249 270 56 112 286
1 2 3
196 169 191
1 13 3
165 80 68
1 2 5
26 78 58 136 243
1 11 6
259 9 40 220 208 89
1 20 6
253 268 26 45 256 78
1 17 5
103 260 177 258 53
1 7 4
22 69 94 56
1 17 2
293 17
1 14 2
112 229
1 5 5
259 71 194 37 142
1 6 5
269 165 103 12 179
1 20 4
161 74 66 190
1 4 4
78 166 27 291
1 2 5
183 70 277 246 293
1 11 2
238 281
1 7 6
196 84 66 32 102 191
1 10 5
149 113 234 194 215
1 5 6
46 96 217 190 286 77
1 6 5
58 92 246 94 203
1 13 2
30 141
1 13 2
285 185
1 9 2
260 163
1 11 3
252 189 140
1 6 3
249 106 31
1 2 6
131 217 108 58 207 214
1 6 3
263 134 137
1 12 6
288 225 65 67 258 260
1 12 4
176 78 242 104
1 18 5
286 157 33 10 232
1 15 3
136 261 283
1 7 6
206 169 148 86 7 202
1 18 6
136 178 33 202 132 175
1 8 4
163 176 127 162
1 15 3
158 75 163
1 4 6
279 119 81 192 275 106
1 9 4
267 30 174 151
1 6 2
215 46
1 1 5
22 59 178 285 77
1 19 5
7 183 83 51 5
1 7 6
33 144 41 206 17 123
1 12 6
199 184 254 33 231 109
1 5 5
116 37 215 267 212
1 7 3
90 260 186
1 10 5
268 113 280 78 202
1 19 5
250 114 140 17 218
1 2 5
290 49 94 102 104
1 6 2
77 101
1 18 6
204 279 76 71 4 124
1 14 6
296 22 208 204 240 246
1 15 6
218 66 50 170 90 272
1 5 2
53 150
1 8 4
205 299 295 116
1 7 5
74 92 181 95 288
1 19 6
119 181 62 177 5 20
1 4 2
257 7
1 20 2
269 232
1 4 6
296 6 85 247 84 209
1 10 6
150 71 73 72 114 287
1 19 6
31 95 6 5 183 102
1 1 5
123 72 258 137 272
1 4 3
263 237 280
1 19 6
240 267 292 217 299 81
1 18 6
180 196 133 15 192 89
1 10 6
94 192 4 276 138 242
1 20 6
293 82 272 191 45 299
1 20 4
17 42 224 188
1 15 5
179 132 176 61 173
1 7 6
298 221 51 53 249 134
1 19 2
235 150
1 14 3
129 64 13
1 14 6
271 263 92 276 42 274
1 19 4
242 291 262 106
1 4 2
286 242
1 1 3
54 298 245
1 9 2
38 158
1 1 3
153 54 79
1 1 6
193 40 277 292 68 255
1 5 5
274 45 116 73 208
1 16 5
140 112 35 258 80
1 14 3
55 218 98
1 17 5
7 270 10 96 70
1 4 5
289 186 188 72 34
1 7 2
134 20
1 17 5
106 65 266 138 237
1 3 2
281 79
1 2 4
38 214 172 291
1 4 2
1 254
1 1 4
84 79 28 246
1 18 2
219 85
1 2 5
190 193 188 8 134
1 6 5
46 142 131 230 177
1 14 3
134 271 50
1 2 5
280 163 258 139 299
1 12 2
160 275
1 4 3
294 157 228
1 7 6
270 208 235 269 272 275
1 13 3
295 220 58
1 5 6
84 53 90 79 14 73
1 13 4
112 217 131 107
1 15 3
207 190 271
1 3 3
287 281 251
1 19 6
161 184 218 121 104 36
1 1 3
51 26 212
1 12 4
266 85 29 88
1 6 2
287 234
1 7 6
179 293 260 64 79 205
1 5 4
129 67 196 289
1 17 4
248 122 72 191
1 13 2
63 71
1 8 6
167 89 91 101 19 43
1 10 4
203 42 20 281
1 7 6
134 80 108 88 283 132
1 11 6
248 187 28 198 3 246
1 16 5
221 79 20 198 171
1 17 4
87 155 85 276
1 9 5
236 293 237 174 8
1 13 3
253 242 268
1 16 4
40 58 139 3
1 18 2
39 22
1 14 2
284 16
1 13 6
228 19 34 139 146 151
1 14 3
182 157 25
1 2 2
115 152
1 4 4
231 270 91 211
1 5 6
86 98 115 116 88 21
1 3 5
270 47 14 164 152
1 4 4
136 242 224 53
1 1 4
244 158 92 204
1 7 6
232 111 138 51 71 191
1 19 4
117 234 171 275
1 12 4
64 280 105 112
1 15 3
226 123 285
1 17 3
190 245 221
1 4 5
170 231 286 78 238
1 6 4
229 49 155 139
1 20 6
246 153 133 164 59 136
1 20 4
97 233 0 211
1 10 5
256 68 255 253 208
1 13 3
74 59 5
1 18 3
160 20 283
1 8 5
261 98 122 8 267
1 15 4
26 284 37 242
1 11 3
83 101 120
1 4 5
157 271 257 237 205
1 17 2
38 252
1 11 2
272 16
1 8 5
144 74 60 139 68
1 5 6
176 147 158 40 53 163
1 4 5
155 298 234 154 246
1 9 6
108 254 214 84 25 194
1 18 3
85 283 96
1 6 3
250 42 281
1 18 6
47 167 271 71 106 21
1 20 3
128 274 296
1 17 3
168 38 156
1 5 4
120 203 107 218
1 20 6
266 66 89 133 164 212
1 6 6
296 48 148 8 119 125
1 19 4
147 287 59 101
1 13 4
216 193 208 163
1 16 6
95 106 230 2 24 247
1 15 4
29 254 233 184
1 17 6
193 246 211 239 200 197
1 3 3
80 27 251
1 14 6
224 45 231 103 182 203
1 9 3
255 270 147
1 16 3
96 280 218
1 8 3
225 239 205
1 2 4
156 8 190 52
1 17 4
268 217 148 138
1 20 3
13 203 277
1 10 5
274 8 232 216 154
1 16 2
7 192
1 3 5
238 257 53 92 85
1 10 2
13 109
1 19 2
19 201
1 11 4
272 250 67 83
1 14 5
133 74 58 56 268
1 18 3
59 239 56
1 18 2
169 0
1 18 4
262 184 114 115
1 3 5
91 93 248 157 54
1 1 2
177 57
1 4 5
185 112 265 117 237
1 13 4
169 73 237 17
1 4 6
227 74 155 121 245 232
1 3 2
45 14
1 16 4
68 239 27 131
1 6 3
169 27 136
1 13 4
291 129 295 259
1 2 2
271 80
1 12 2
151 80
1 15 3
92 90 3
1 20 5
82 264 142 291 207
1 4 6
124 229 143 131 179 223
1 19 6
150 173 298 100 246 238
1 12 2
21 108
1 5 3
97 9 245
1 15 2
200 184
1 9 4
147 141 86 105
1 2 5
201 0 223 239 276
1 5 3
83 232 151
1 10 3
112 72 130
1 18 6
131 260 230 249 26 272
1 20 3
18 92 28
1 5 5
202 221 210 91 213
1 2 3
234 48 201
1 17 5
183 244 246 35 147
1 13 2
46 109
1 6 6
24 111 280 100 77 1
1 12 4
194 102 44 249
1 3 3
45 235 286
1 12 6
99 116 186 53 245 234
1 8 3
57 55 236
1 13 3
294 77 123
1 12 5
18 81 106 112 115
1 6 5
167 175 78 147 117
1 6 6
105 216 24 145 279 99
1 17 5
237 70 17 177 249
1 12 5
64 90 106 170 56
1 7 6
75 291 58 50 105 253
1 10 3
53 187 134
1 9 4
104 70 269 45
1 5 6
87 33 152 199 50 205
1 15 6
96 240 12 244 171 179
1 2 3
27 289 261
1 9 5
128 42 246 245 119
1 18 3
52 29 188
1 16 5
69 285 239 295 157
1 18 4
102 182 1 83
1 10 6
2 13 37 113 54 29
1 20 5
277 85 250 169 255
1 19 4
266 137 214 67
1 16 3
11 251 121
1 2 5
173 246 55 259 171
1 1 3
271 7 139
1 18 6
38 105 247 27 173 130
1 3 3
47 136 193
1 17 3
273 210 269
1 8 3
140 88 51
1 11 2
173 298
1 2 3
151 146 41
1 20 5
49 199 44 250 10
1 9 3
174 71 182
1 16 5
260 151 58 2 124
1 1 6
297 183 231 205 64 116
1 19 2
224 26
1 15 4
178 192 83 175
1 7 2
200 227
1 7 2
299 197
1 6 5
280 291 134 70 153
1 1 3
270 166 191
1 5 2
240 3
1 10 6
99 276 216 269 241 123
1 8 5
265 244 103 228 252
1 4 2
17 270
1 2 2
258 16
1 19 2
237 269
1 8 4
37 65 166 177
1 20 5
237 249 299 279 197
1 16 5
107 271 214 95 272
1 20 2
223 115
1 19 4
36 82 268 89
1 7 5
74 12 121 269 35
1 7 2
222 219
1 2 2
10 140
1 12 3
134 60 198
1 3 6
232 223 198 226 0 67
1 1 2
11 87
1 14 3
33 235 130
1 1 2
168 276
1 15 4
163 125 102 218
1 19 3
211 193 97
1 3 2
38 109
1 18 5
81 64 252 150 30
1 3 6
0 74 3 1 13 73
1 18 3
172 80 116
1 14 3
25 228 1
1 18 2
280 130
1 4 4
36 108 51 236
1 5 3
166 13 221
1 18 2
74 293
1 2 4
167 61 16 189
1 5 5
96 277 23 240 181
1 12 6
229 82 142 144 95 176
1 10 4
29 112 246 73
1 12 6
90 42 97 260 137 268
1 9 5
3 225 272 45 235
1 12 4
238 141 27 109
1 9 2
25 40
1 8 6
108 153 294 179 202 232
1 3 2
124 281
1 10 3
4 239 217
1 7 4
141 231 116 3
1 3 6
216 280 279 196 159 101
1 14 6
144 140 56 133 98 21
1 2 2
269 21
1 18 5
17 284 65 201 172
1 7 4
98 266 69 177
1 19 3
113 219 102
1 5 4
221 58 39 4
1 18 4
112 130 133 87
1 6 4
95 72 192 60
1 1 3
258 271 215
1 7 2
98 262
1 8 5
148 80 259 3 201
1 16 4
85 297 15 294
1 14 4
142 50 281 193
1 19 6
62 90 298 125 2 238
1 15 6
167 148 126 168 41 139
1 17 6
128 188 285 95 66 240
1 4 4
144 120 15 141
1 8 4
65 294 64 209
1 19 4
26 55 12 159
1 19 3
146 175 225
1 1 2
208 144
1 15 6
156 123 78 204 229 22
1 14 3
121 203 62
1 10 6
292 56 280 87 124 207
1 19 4
69 102 28 93
1 16 3
237 175 225
1 20 2
131 21
1 4 5
274 231 171 116 257
1 9 6
8 84 48 178 265 296
1 3 4
81 78 285 206
1 12 2
240 12
1 16 4
129 202 90 65
1 18 2
217 237
1 12 6
177 42 193 63 281 285
1 12 3
239 146 78
1 1 6
129 135 144 230 81 69
1 5 6
167 67 184 173 248 227
1 7 3
18 33 145
1 10 4
87 212 2 123
1 13 4
19 272 295 76
1 20 2
236 75
1 17 2
257 245
1 9 3
51 190 219
1 4 2
276 290
1 10 3
178 113 84
1 18 2
281 269
1 17 4
254 131 54 180
1 13 4
53 260 103 105
1 20 4
285 133 146 15
1 1 3
44 222 20
1 4 4
185 154 76 199
1 10 4
115 29 81 196
1 12 4
144 83 30 69
1 15 3
194 7 49
1 8 6
92 81 131 78 3 61
1 17 2
108 206
1 12 2
196 94
1 6 6
246 62 68 9 266 142
1 15 5
14 107 160 219 159
1 1 4
34 224 198 142
1 4 2
89 227
1 17 5
12 296 2 209 92
1 14 4
190 263 296 51
1 10 6
19 294 285 28 270 167
1 16 6
190 276 69 273 39 43
1 1 6
212 85 77 51 35 142
1 1 3
176 258 41
1 12 2
119 185
1 10 5
177 250 237 191 263
1 16 5
161 200 284 111 17
1 8 5
288 169 194 291 213
1 15 2
266 56
1 6 3
98 31 267
1 2 6
94 235 214 269 153 188
1 8 3
275 154 84
1 3 5
222 159 105 215 0
1 13 3
160 99 23
1 14 3
16 257 180
1 12 5
107 131 49 35 298
1 3 4
38 86 240 27
1 16 5
77 177 66 176 213
1 4 3
216 29 224
1 8 6
84 243 106 179 46 286
1 8 5
215 51 143 48 11
1 20 5
91 62 36 171 137
1 13 6
248 214 205 32 216 66
1 13 4
165 112 162 201
1 12 5
3 33 152 42 40
1 8 5
133 232 7 283 129
1 20 2
183 218
1 6 5
96 36 260 44 234
1 7 3
60 285 159
1 5 4
255 49 285 109
1 10 2
121 201
1 17 6
80 100 63 43 35 175
1 9 2
234 171
1 17 2
23 219
1 9 3
213 294 58
1 13 3
141 216 11
1 20 4
58 164 86 214
1 6 6
75 291 42 235 61 128
1 11 5
68 282 181 147 192
1 6 3
106 213 66
1 9 2
276 88
1 5 6
163 279 272 84 112 48
1 4 3
233 7 145
1 15 5
89 273 82 128 220
1 9 4
246 236 172 247
1 12 3
186 206 273
1 15 4
29 196 179 153
1 6 6
262 90 186 242 249 85
1 11 6
116 61 14 29 204 89
1 2 5
43 95 28 247 279
1 16 2
4 170
1 19 6
138 276 226 71 20 167
1 16 5
49 20 129 64 89
1 12 2
91 253
1 9 2
194 73
1 16 5
81 283 128 279 194
1 10 6
227 258 193 201 15 150
1 4 4
33 146 187 266
1 1 6
1 294 291 177 277 184
1 14 2
62 141
1 17 4
147 111 48 241
1 4 2
72 61
1 1 2
172 40
1 15 2
278 86
1 16 5
71 294 39 69 123
1 14 5
171 57 293 159 89
1 11 3
262 170 276
1 20 5
220 215 260 254 143
1 1 5
266 161 22 135 173
1 4 2
175 263
1 19 2
228 247
1 7 3
255 73 283
1 11 5
119 62 111 107 126
1 8 4
76 216 153 33
1 10 3
155 57 221
1 13 5
1 164 284 180 114
1 16 6
39 162 241 214 118 210
1 11 6
202 89 188 173 53 62
1 5 5
247 136 48 39 5
1 19 5
226 279 92 293 244
1 10 6
285 131 67 85 278 60
1 7 2
213 55
1 19 4
247 38 56 141
1 12 2
139 14
1 3 5
120 37 281 264 197
1 16 6
208 29 135 143 68 259
1 20 4
32 216 42 5
1 1 4
46 117 295 268
1 7 3
139 196 76
1 14 5
130 107 202 87 175
1 6 4
69 17 229 292
1 16 6
131 233 195 0 186 30
1 16 3
206 57 175
1 10 4
217 81 109 269
1 20 2
87 11
1 2 6
98 271 9 255 33 1
1 18 4
50 211 259 226
1 5 2
170 75
1 2 6
80 268 48 10 13 129
1 12 3
236 230 42
1 16 3
160 215 156
1 4 4
205 185 57 10
1 16 4
63 161 237 187
1 13 3
125 95 119
1 11 3
166 43 37
1 2 5
176 260 161 257 261
1 9 4
160 247 278 290
1 9 5
259 154 291 87 227
1 15 3
292 59 58
1 9 5
128 216 76 263 255
1 5 5
166 100 104 99 192
1 2 4
47 17 274 228
1 12 4
228 299 216 17
1 10 5
4 155 168 214 299
1 5 2
164 237
1 14 6
254 297 87 171 291 204
1 18 4
297 140 246 16
1 6 2
194 254
1 4 5
253 180 220 213 164
1 19 2
231 235
1 15 3
176 177 131
1 10 3
215 256 71
1 11 4
113 205 216 263
1 7 2
82 227
1 12 3
32 251 21
1 8 2
117 286
1 4 3
173 145 176
1 16 4
74 252 24 243
1 9 5
97 153 31 189 63
1 9 5
58 294 227 175 119
1 12 2
63 142
1 6 4
126 13 7 268
1 3 6
67 191 25 190 139 165
1 10 5
256 161 40 189 177
1 16 2
132 0
1 7 2
18 191
1 11 4
38 175 58 60
1 18 3
6 148 78
1 8 4
69 147 236 35
1 20 4
107 104 48 254
1 19 3
180 287 34
1 18 2
191 17
1 17 6
27 190 77 259 157 71
1 6 5
88 259 25 299 77
1 20 4
167 12 170 120
1 16 2
20 196
1 14 4
41 278 96 186
1 19 6
262 88 12 266 260 204
1 1 6
117 165 298 286 100 195
1 10 2
53 74
1 8 6
195 159 148 178 89 240
1 13 6
0 198 249 280 163 157
1 4 4
78 74 282 183
1 1 3
44 159 181
1 2 2
138 202
1 7 3
4 11 268
1 18 5
256 134 8 35 253
1 5 4
259 39 103 266
1 7 5
32 197 206 204 188
1 5 3
67 4 68
k 20
