300 900 465
11 40 21 27 36 18 30 26 13 30 37 34 19 34 21 31 12 23 33 24 36 17 37 37 36 39 23 33 36 32 30 18 13 17 38 14 39 23 37 20 18 22 33 19 26 21 29 11 40 24 13 22 32 39 13 19 18 26 15 39 40 29 27 30 38 21 13 33 20 34 24 33 37 22 33 22 15 33 20 13 12 29 25 25 33 34 14 25 18 18 26 24 38 24 34 29 27 27 22 11 40 13 28 19 40 24 30 32 14 24 29 24 21 16 23 19 15 36 11 25 14 26 12 27 21 22 40 28 33 29 13 18 23 36 11 28 15 29 24 12 23 31 24 24 23 12 37 20 14 39 35 21 26 19 39 23 24 15 13 27 20 29 33 40 22 39 12 15 39 15 25 19 32 24 15 20 22 35 29 11 38 39 26 27 31 17 25 34 23 33 29 27 20 15 30 23 17 13 23 35 16 13 29 20 34 24 15 11 39 16 19 40 22 21 14 18 22 39 27 35 35 20 37 17 18 27 22 35 40 17 27 16 39 20 20 29 29 25 16 21 31 39 28 22 12 16 35 35 12 38 35 16 21 13 36 16 23 35 32 31 16 18 38 28 31 35 21 38 31 13 19 11 25 18 26 19 13 28 28 33 24 20 27 20 17 13 29 31 16 20 33 23 31 39 12 26 36 34 31 20
1 30 11 17 26 8 20 16 3 20 27 24 9 24 11 21 2 13 23 14 26 7 27 27 26 29 13 23 26 22 20 8 3 7 28 4 29 13 27 10 8 12 23 9 16 11 19 1 30 14 3 12 22 29 3 9 8 16 5 29 30 19 17 20 28 11 3 23 10 24 14 23 27 12 23 12 5 23 10 3 2 19 15 15 23 24 4 15 8 8 16 14 28 14 24 19 17 17 12 1 30 3 18 9 30 14 20 22 4 14 19 14 11 6 13 9 5 26 1 15 4 16 2 17 11 12 30 18 23 19 3 8 13 26 1 18 5 19 14 2 13 21 14 14 13 2 27 10 4 29 25 11 16 9 29 13 14 5 3 17 10 19 23 30 12 29 2 5 29 5 15 9 22 14 5 10 12 25 19 1 28 29 16 17 21 7 15 24 13 23 19 17 10 5 20 13 7 3 13 25 6 3 19 10 24 14 5 1 29 6 9 30 12 11 4 8 12 29 17 25 25 10 27 7 8 17 12 25 30 7 17 6 29 10 10 19 19 15 6 11 21 29 18 12 2 6 25 25 2 28 25 6 11 3 26 6 13 25 22 21 6 8 28 18 21 25 11 28 21 3 9 1 15 8 16 9 3 18 18 23 14 10 17 10 7 3 19 21 6 10 23 13 21 29 2 16 26 24 21 10
4 19 6
29 141 3 272 123 228
1 19 2
108 253
2 12 8
104 281 249 288 231 291 22 89
4 5 13
293 241 219 115 179 199 167 288 67 242 146 29 165
3 15 9
286 73 2 216 51 94 90 160 42
6 19 10
19 296 247 112 53 33 115 231 58 21
2 20 3
81 85 236
4 5 7
184 37 7 230 287 116 111
8 14 12
296 196 261 290 208 28 142 167 221 89 73 69
4 20 7
110 52 75 162 142 169 230
3 1 11
4 222 210 256 11 148 56 186 63 59 174
7 20 13
226 283 107 266 61 47 244 214 156 88 72 292 20
1 19 5
29 248 14 104 222
1 11 4
248 292 264 144
4 4 12
246 200 146 180 25 178 244 206 194 174 222 90
10 18 15
135 210 148 299 78 136 271 154 68 1 88 242 30 42 182
3 20 8
215 275 79 55 206 147 66 246
1 5 12
217 129 225 134 18 113 57 36 262 110 59 132
1 20 2
241 168
1 9 5
278 291 184 111 16
1 4 4
66 21 170 56
1 14 4
22 51 43 9
4 9 8
134 119 282 115 198 52 69 41
4 7 6
13 19 280 160 208 250
4 9 11
103 102 211 44 269 110 244 87 193 120 241
7 20 13
87 141 148 146 99 192 105 140 138 237 244 46 125
1 17 2
107 40
3 12 7
180 62 273 147 152 17 110
3 18 7
143 29 154 237 273 168 25
2 15 14
186 80 133 153 273 56 152 154 21 187 263 93 173 9
1 17 2
47 184
2 9 14
279 296 184 129 103 238 58 189 105 7 247 208 199 130
2 15 10
28 177 147 201 182 208 174 13 138 269
1 1 2
125 220
8 7 13
110 34 26 243 87 6 291 28 125 152 297 176 274
3 16 5
43 126 271 115 234
3 6 12
111 44 80 70 46 34 175 281 231 198 76 98
1 10 12
152 220 228 260 175 112 258 278 133 267 250 115
5 9 10
22 10 95 108 105 138 94 84 281 5
3 15 12
30 247 118 71 142 62 129 204 85 163 135 199
2 14 12
115 53 158 74 169 176 253 294 205 78 188 171
2 2 5
0 86 258 158 282
2 2 6
33 39 263 218 4 112
4 3 14
135 60 83 97 146 114 265 202 264 267 80 136 92 50
4 19 10
289 223 176 70 190 59 13 138 193 166
3 4 5
116 27 17 122 61
4 2 11
184 268 266 230 211 265 245 30 3 298 49
1 16 2
182 257
3 11 7
134 155 262 5 65 176 178
4 16 14
7 208 157 70 85 275 263 161 255 24 30 56 75 214
1 17 5
218 71 67 272 66
3 5 5
269 97 89 209 121
6 7 10
140 10 208 121 118 274 267 90 143 246
8 4 14
11 270 246 115 57 252 294 117 229 163 207 213 240 87
8 1 13
74 53 132 11 197 221 137 126 122 135 141 237 194
2 10 10
102 242 238 19 210 295 254 282 195 258
5 9 14
55 68 20 294 100 196 67 226 186 155 179 137 8 165
3 14 6
133 174 32 194 282 260
1 15 11
110 294 190 237 81 107 267 106 257 183 14
1 2 6
124 177 103 89 194 145
1 14 7
104 172 227 223 162 278 206
4 12 10
134 67 139 100 296 178 75 234 21 170
1 15 7
68 70 108 217 248 90 138
1 12 2
58 204
2 2 13
140 2 148 128 252 121 176 95 274 237 127 43 268
6 4 12
253 55 204 143 93 155 192 221 261 157 86 299
1 2 13
112 192 50 34 53 41 115 225 73 96 2 46 117
9 16 15
73 27 9 192 68 31 17 160 55 228 266 188 29 78 158
2 17 11
181 268 157 53 183 152 93 280 222 77 265
3 7 7
269 26 184 279 155 299 268
2 17 5
276 85 147 109 65
3 13 14
190 186 29 74 241 272 141 154 226 218 45 235 0 165
4 6 6
38 107 40 145 238 17
7 6 14
116 46 69 18 138 291 196 29 104 130 62 287 53 68
2 16 7
252 84 72 143 199 149 184
6 3 10
211 268 134 34 10 126 247 30 232 56
2 15 3
132 277 131
2 19 8
218 271 212 79 254 202 15 295
2 11 10
169 62 266 172 297 34 22 102 246 101
5 3 10
151 66 5 222 34 165 118 286 54 279
1 4 2
284 81
1 13 4
297 125 80 257
7 13 14
78 291 94 130 126 179 152 245 267 37 265 134 172 236
2 8 7
175 21 108 38 260 290 169
2 16 10
144 203 210 219 101 4 282 62 147 263
4 3 11
112 200 13 57 216 296 262 156 27 243 54
3 16 12
253 145 289 240 97 187 122 132 3 196 164 252
1 15 2
295 115
4 20 6
163 250 70 24 230 256
6 18 11
31 49 77 178 75 122 118 203 239 16 61
1 16 3
297 89 57
1 11 7
147 295 203 116 171 160 148
7 18 11
216 208 98 6 127 174 38 81 0 135 178
2 4 3
177 240 31
1 14 11
139 67 262 32 151 228 188 178 220 192 63
1 5 2
68 214
2 13 4
277 263 137 79
5 11 9
107 3 111 267 116 44 19 33 145
2 9 13
111 188 191 236 216 117 285 107 158 209 225 146 128
4 17 8
164 161 144 32 277 42 208 246
4 2 6
244 115 171 38 216 31
4 20 12
57 210 245 162 230 268 76 125 22 89 28 109
4 1 14
35 241 66 287 146 67 162 242 122 41 55 159 156 18
2 20 6
74 261 80 250 97 151
8 6 12
22 222 282 184 67 17 157 267 155 101 268 60
1 12 3
257 229 197
2 11 10
36 292 228 130 74 212 44 9 195 188
6 13 10
28 51 266 105 168 31 213 3 40 216
3 18 9
15 188 0 219 74 184 172 51 189
1 14 13
51 191 84 16 292 110 47 111 187 50 181 294 145
4 19 13
219 72 105 210 87 167 225 232 132 282 39 35 279
1 16 6
80 11 161 136 232 42
5 4 13
198 16 211 165 179 31 78 35 93 57 127 217 232
1 7 8
212 166 269 57 202 184 90 70
4 3 11
51 60 279 252 86 82 90 138 153 199 240
1 2 2
74 176
1 14 4
83 103 177 29
4 14 10
293 227 257 261 28 296 43 11 60 274
5 14 15
240 221 225 73 115 264 166 289 10 290 161 152 180 179 68
4 5 13
252 224 232 158 141 212 296 127 214 117 72 42 50
3 7 7
140 113 213 109 29 254 224
1 11 9
117 202 214 224 218 37 228 164 22
1 1 6
188 153 4 237 67 284
4 20 8
86 201 151 185 254 28 70 0
2 8 10
155 104 54 286 151 194 256 81 186 1
1 8 2
255 190
1 9 7
153 254 34 243 45 106 247
3 10 11
104 108 195 235 207 157 52 11 66 206 205
1 6 4
39 259 98 41
1 18 5
282 85 183 193 53
3 11 12
196 221 70 257 160 261 139 251 49 8 176 29
3 17 6
276 246 225 191 114 271
3 4 6
121 227 283 4 284 129
10 1 15
110 94 150 212 26 179 105 199 59 192 135 183 181 194 185
2 10 11
164 36 270 235 18 44 209 106 219 282 107
8 2 12
200 118 7 251 99 159 86 122 180 288 14 233
3 14 8
85 16 222 235 129 274 33 160
1 14 8
44 243 87 261 208 170 189 251
5 8 8
70 4 178 266 204 30 182 267
4 18 7
159 79 72 144 30 76 175
2 11 7
132 262 36 96 171 46 180
1 8 3
221 155 218
1 4 2
93 88
1 2 2
258 200
2 13 10
2 271 67 254 189 170 281 292 193 15
1 19 9
8 298 125 71 217 39 161 142 151
3 7 7
203 143 241 57 83 9 219
1 14 2
30 281
2 7 4
220 246 278 103
4 16 8
101 35 252 166 278 164 248 239
3 4 9
0 281 221 236 149 125 243 235 227
4 7 6
158 227 284 116 17 40
6 4 9
111 124 293 266 278 60 265 4 125
7 1 14
204 136 57 125 24 254 195 90 242 182 45 221 117 199
2 17 7
24 232 71 199 227 25 239
6 12 10
188 38 208 263 84 17 181 156 174 193
8 17 12
30 181 96 202 136 140 35 24 234 27 1 129
2 17 6
20 1 11 74 281 106
2 20 8
249 259 161 173 46 26 75 169
4 15 8
0 291 67 288 276 275 222 210
5 19 10
0 173 263 238 194 154 196 6 169 106
1 18 12
292 90 197 71 109 127 14 49 194 33 25 272
4 16 10
35 120 235 136 44 200 275 82 274 212
1 5 3
221 187 145
1 9 2
51 131
1 19 4
71 268 201 106
9 3 14
57 156 200 100 162 188 60 132 284 285 278 235 4 93
1 11 2
251 128
1 11 2
138 269
5 7 9
184 188 206 51 49 85 293 142 296
2 11 5
123 222 276 293 33
4 15 9
157 269 177 243 16 223 134 195 275
4 5 10
192 67 279 120 161 293 184 6 103 150
4 9 15
85 236 159 36 16 133 231 232 118 82 190 107 225 47 48
7 14 14
279 27 25 164 208 68 22 237 72 45 267 28 245 10
4 4 6
110 140 253 40 187 237
6 10 13
270 27 267 178 103 42 44 244 259 136 138 123 231
3 12 8
198 195 12 256 243 3 160 218
2 16 3
184 186 232
1 1 2
284 54
4 11 8
153 123 25 255 47 99 21 203
4 18 14
109 167 243 115 249 256 69 30 124 240 161 137 46 18
2 9 3
206 290 69
6 3 15
103 155 156 187 263 10 186 164 191 160 192 0 22 29 162
1 16 6
192 177 198 282 111 268
8 5 15
201 243 36 143 98 275 106 296 294 17 191 107 205 30 179
5 2 11
194 170 1 260 84 12 234 290 117 126 240
1 7 13
256 11 263 271 143 266 4 259 129 108 229 189 120
4 16 12
5 182 285 84 159 210 172 201 130 136 218 225
1 3 4
12 77 137 51
2 12 4
120 72 274 211
4 5 7
75 294 51 182 122 292 50
5 12 14
51 38 179 272 186 268 227 3 274 131 44 140 112 200
2 9 9
45 244 190 121 111 228 183 12 204
2 10 3
69 217 231
4 11 6
143 14 138 28 217 183
4 19 14
222 255 292 103 278 194 280 24 218 284 160 205 35 239
1 18 3
158 25 182
2 18 9
284 196 186 243 89 108 126 296 183
4 8 8
47 45 178 110 61 172 21 48
6 12 13
257 77 205 85 246 216 58 196 92 239 168 266 111
6 15 9
174 66 263 56 62 234 284 219 246
2 12 12
135 221 169 146 2 10 122 35 272 121 181 114
1 20 2
221 61
3 16 7
277 115 91 99 166 239 27
1 18 2
217 163
6 6 9
152 214 101 145 81 281 167 162 179
1 2 8
129 221 141 97 235 33 104 160
3 1 5
200 281 128 266 278
4 5 11
0 281 75 161 285 298 108 11 109 224 46
3 7 6
241 37 101 134 256 100
2 10 9
43 159 141 136 162 74 211 12 57
3 18 10
52 93 158 103 297 114 21 292 218 95
7 8 11
24 106 154 28 194 109 269 180 162 67 294
4 16 8
133 296 206 204 15 146 163 201
1 11 8
191 110 20 141 162 179 34 284
2 16 8
170 139 293 166 197 233 20 28
1 16 11
79 201 156 22 98 158 289 197 42 54 163
4 7 9
157 152 246 92 199 252 278 254 5
5 11 10
95 22 31 55 299 45 27 97 41 194
5 10 12
250 192 173 17 102 240 29 182 38 79 131 101
4 1 7
68 35 74 78 155 82 75
1 10 5
164 174 224 75 118
3 16 9
137 107 110 123 236 225 149 183 223
2 7 14
193 281 8 172 121 2 173 117 216 28 56 178 258 126
9 13 14
257 265 179 105 37 171 47 180 131 278 67 6 154 285
1 6 8
181 54 140 222 159 298 279 232
9 19 14
259 268 151 180 242 229 103 79 34 78 126 125 217 265
1 16 4
258 229 124 28
1 7 2
283 35
2 13 4
294 158 155 5
1 20 15
64 93 274 295 171 193 3 216 132 98 25 241 76 131 222
3 12 8
214 9 91 51 203 3 200 283
4 17 15
110 141 59 118 27 251 145 57 4 253 182 41 12 43 262
5 11 8
146 78 249 83 73 184 124 236
1 15 4
253 146 88 45
10 17 15
264 136 107 203 217 77 225 208 295 117 79 251 152 36 41
8 16 12
243 194 230 98 135 234 235 220 11 212 39 167
2 5 11
45 116 190 200 19 6 108 95 194 64 247
1 19 6
156 6 155 109 255 261
2 2 11
63 189 146 73 99 89 61 116 254 229 156
6 13 15
105 122 206 44 159 30 164 117 131 241 283 151 171 47 31
7 6 14
52 201 128 206 298 23 104 228 269 72 91 131 173 55
2 1 5
275 26 169 11 278
6 19 12
271 274 69 214 76 111 299 142 16 250 182 180
1 1 2
232 28
9 7 15
125 180 114 93 253 177 132 70 225 23 32 88 256 275 84
2 10 7
106 149 226 262 231 194 261
6 18 12
129 3 250 170 292 95 193 256 267 31 172 133
2 15 11
72 118 43 82 283 15 227 272 99 290 162
1 20 8
165 69 61 157 98 144 197 81
4 11 6
269 76 92 69 121 82
6 19 9
148 105 131 10 268 228 275 186 22
2 3 11
101 146 10 176 299 196 201 179 283 204 16
1 17 5
252 147 56 72 153
3 9 8
199 241 128 111 217 62 150 185
6 5 11
197 297 157 22 265 53 148 237 150 73 171
6 17 11
195 223 157 288 100 89 10 161 51 109 139
4 11 13
273 95 101 168 75 190 39 49 103 94 44 23 66
1 3 2
190 148
1 19 5
116 141 119 121 237
2 3 3
90 186 29
1 1 2
66 91
4 2 13
99 228 180 163 108 220 43 179 166 23 48 86 13
2 3 13
127 178 251 118 97 99 91 137 250 64 22 20 176
3 5 11
98 50 108 62 251 282 88 59 75 123 114
5 7 12
101 257 62 147 184 67 38 36 211 280 160 115
1 18 5
6 15 62 271 5
2 10 9
75 207 283 34 140 298 24 227 209
1 14 4
99 181 72 157
3 19 11
254 78 260 71 50 135 234 10 144 187 229
1 2 2
279 249
1 8 4
264 256 2 247
5 5 10
297 50 115 223 298 19 269 253 113 247
6 15 13
111 108 6 270 49 48 157 63 69 197 273 100 91
7 3 14
261 109 134 141 290 280 170 70 123 276 260 255 140 143
6 15 11
244 155 167 285 36 158 109 76 117 268 217
2 16 7
123 288 141 199 283 227 139
4 19 11
2 255 213 229 222 36 50 66 137 188 181
1 13 4
247 77 163 80
2 13 5
192 71 195 26 202
9 5 15
2 287 200 207 27 293 99 156 106 265 59 248 221 222 216
1 6 3
287 36 176
4 14 6
92 139 166 147 8 192
2 20 12
103 295 273 181 109 236 216 251 117 94 286 132
7 11 12
269 168 277 12 234 68 213 176 238 154 158 223
5 15 8
133 63 164 104 262 105 49 7
7 15 14
185 95 263 98 154 38 170 142 134 4 115 215 155 284
2 8 3
184 9 219
7 4 13
99 85 284 34 155 121 149 18 198 259 139 12 258
1 13 8
42 235 88 119 182 148 255 202
2 7 7
74 75 103 298 138 284 41
3 7 15
32 150 115 188 45 292 67 255 234 149 209 196 25 84 16
2 14 3
61 213 167
6 8 11
217 29 9 66 195 86 111 154 242 173 241
3 3 11
257 161 255 73 281 140 37 81 181 35 92
3 2 9
44 43 109 191 181 72 267 282 172
2 17 3
55 82 227
4 19 10
173 135 25 203 179 144 178 150 143 257
5 9 15
59 122 50 43 14 0 254 193 81 102 295 281 189 63 80
1 6 15
200 196 147 154 263 297 146 292 295 78 290 142 114 190 203
1 7 6
39 30 47 115 295 288
2 6 7
257 235 15 296 103 284 199
1 1 2
200 256
5 18 8
41 87 217 262 91 97 90 258
2 4 5
268 76 48 116 259
2 10 15
209 175 13 285 225 243 217 272 132 143 223 180 173 203 0
2 7 13
244 137 248 179 284 168 255 173 172 57 102 166 148
1 19 2
136 217
6 13 13
153 256 200 90 46 261 72 265 15 155 19 296 192
2 4 9
80 9 5 18 85 240 28 39 197
3 6 14
93 116 8 55 215 183 150 122 171 285 245 120 201 168
2 10 12
6 179 5 76 57 288 9 267 196 140 152 60
9 10 14
187 83 23 135 189 289 118 287 62 35 210 250 94 56
1 8 2
290 288
1 12 7
79 286 100 37 270 95 189
1 20 12
49 248 245 22 119 82 71 21 237 199 256 1
3 5 14
7 133 242 232 88 234 298 46 284 152 289 223 24 243
2 7 6
7 61 292 118 128 249
2 16 10
6 10 178 66 26 191 214 73 88 32
4 13 14
64 234 44 100 106 232 176 162 253 51 54 121 159 136
2 2 12
117 114 77 216 45 4 94 169 113 226 202 74
6 20 13
97 224 12 32 39 188 294 196 24 74 177 259 17
8 13 14
40 24 284 237 39 200 91 167 34 133 221 216 228 183
1 5 11
124 62 144 247 193 87 6 23 206 183 277
1 10 2
175 125
4 20 10
92 210 4 139 241 282 82 2 180 3
1 4 8
82 118 51 48 6 76 266 38
7 20 14
79 225 129 163 155 72 52 83 108 110 165 44 102 273
3 12 9
264 247 228 147 148 198 229 38 60
3 15 5
262 59 275 190 73
6 2 13
194 144 129 201 225 128 71 296 277 178 59 25 230
2 9 5
235 10 63 192 216
1 2 2
260 149
2 16 5
181 198 188 255 152
8 2 12
29 181 45 87 187 139 238 54 261 96 154 254
2 5 4
25 42 257 152
2 5 4
70 132 182 260
3 9 11
90 212 131 230 186 242 2 165 89 145 39
2 6 14
113 3 257 29 144 238 244 109 251 138 56 31 90 161
6 17 14
207 178 153 52 293 273 141 237 137 253 41 34 278 163
1 12 2
182 140
1 4 2
71 199
6 1 11
9 201 244 271 293 206 223 149 194 41 220
9 13 14
34 40 211 8 120 212 37 135 283 32 269 259 72 156
3 18 8
89 228 253 229 218 145 205 33
2 18 4
189 93 241 95
1 16 12
189 18 297 202 271 216 82 73 268 5 165 219
2 5 13
133 148 269 2 90 39 234 227 109 124 3 244 36
2 9 8
114 81 56 278 141 109 43 75
2 3 6
0 6 183 234 13 188
6 13 9
259 256 136 105 120 82 139 118 8
3 13 8
50 151 238 147 175 39 54 271
3 12 13
190 182 71 289 237 124 169 58 143 5 269 102 72
1 6 2
213 153
1 8 6
81 46 80 162 115 35
3 3 14
177 64 25 18 50 59 75 217 106 197 250 162 32 11
2 2 6
34 21 35 262 269 256
1 5 8
212 29 249 44 220 295 125 194
2 3 5
178 68 66 268 168
3 18 5
145 186 40 280 239
4 8 8
9 24 31 261 212 107 247 57
1 10 4
142 114 232 34
5 11 9
86 89 96 163 44 259 108 174 295
4 17 8
269 166 69 42 71 289 288 34
2 12 3
204 264 153
5 3 11
73 202 11 84 110 250 152 185 132 205 175
5 7 10
292 117 74 297 157 205 98 199 11 221
3 5 12
57 32 256 23 209 221 119 56 126 235 286 241
1 7 7
91 247 0 279 147 291 233
2 6 6
193 116 68 90 135 152
7 6 12
260 62 288 12 223 201 257 166 20 128 13 96
1 20 4
196 58 149 271
9 8 14
263 217 210 200 184 60 73 206 252 169 231 296 253 115
7 17 14
31 216 294 164 36 60 282 4 188 153 175 252 108 27
2 4 10
168 52 165 41 35 72 240 256 158 10
3 7 6
26 284 188 94 19 47
7 3 13
10 205 42 289 70 1 295 99 140 207 189 221 283
2 11 6
115 290 10 219 137 170
1 16 2
219 66
9 4 14
174 198 109 185 54 231 278 295 42 222 217 12 160 290
7 6 11
121 205 219 238 115 17 273 286 284 252 141
3 3 10
6 189 123 201 268 102 17 230 94 247
4 4 10
295 167 182 45 247 178 278 209 40 299
1 7 2
15 111
3 2 9
89 121 277 263 248 102 252 197 271
1 13 2
80 71
4 18 6
85 97 4 205 70 159
8 6 12
8 110 98 260 136 291 181 113 219 203 238 177
5 8 10
87 177 91 197 299 12 248 212 29 288
3 20 14
283 181 253 148 91 54 286 97 187 266 118 16 147 74
1 20 10
289 281 22 66 43 291 17 31 109 267
2 5 6
291 45 36 219 222 50
1 19 8
230 22 293 85 26 1 89 11
3 4 14
175 56 7 40 188 138 91 268 23 148 8 237 51 111
1 13 4
233 258 66 235
8 20 14
224 293 112 234 182 222 126 77 38 2 142 146 253 28
1 14 3
107 198 239
2 6 14
127 214 29 56 234 1 35 238 135 228 142 158 294 215
2 17 3
232 102 54
3 11 12
162 239 93 7 72 17 37 189 103 163 29 135
1 17 7
62 278 248 0 66 235 277
6 8 9
6 115 71 43 7 38 206 86 74
2 9 4
244 47 144 272
2 6 12
138 205 210 232 111 278 30 102 179 185 13 10
4 7 8
280 251 65 260 42 56 94 58
2 5 8
155 229 117 280 187 203 290 285
1 4 3
67 184 166
1 18 2
87 50
2 16 5
164 114 145 279 68
1 12 12
170 209 115 72 213 252 138 189 268 84 180 263
7 13 12
204 19 16 266 59 164 28 181 43 79 69 132
2 18 12
244 228 297 19 195 198 42 262 205 87 72 150
5 10 13
232 179 87 116 53 287 258 105 136 16 215 64 69
7 4 14
217 255 166 48 115 191 44 252 31 71 172 236 119 292
2 4 7
168 171 229 205 99 167 44
1 4 2
160 216
7 7 12
269 89 281 204 276 110 178 244 102 149 181 19
4 8 11
116 53 92 222 20 73 133 197 276 157 274
1 11 2
283 109
2 16 3
236 26 14
7 5 11
125 254 39 120 98 123 226 168 32 243 121
2 10 8
82 236 232 155 42 131 156 257
7 16 14
217 179 242 151 98 272 15 102 0 255 171 196 175 60
4 8 12
84 235 103 290 250 93 236 206 139 191 138 193
3 4 14
160 296 225 178 245 184 174 102 53 63 142 260 279 239
2 7 14
95 295 255 146 257 195 52 56 151 261 176 93 237 83
1 11 3
227 242 285
3 17 5
214 56 39 67 192
2 2 4
74 235 105 95
2 16 14
130 140 187 84 118 223 285 63 202 271 245 103 139 215
3 7 11
289 171 208 51 106 15 265 14 107 227 260
1 14 4
172 188 285 53
7 9 15
173 19 116 229 277 124 89 293 18 61 59 151 175 272 23
5 16 12
7 292 188 133 140 185 152 237 203 224 96 60
1 19 14
275 220 286 60 140 29 161 156 146 201 241 72 237 64
3 16 11
218 35 283 68 247 93 235 39 27 296 79
8 9 13
241 204 246 291 104 82 96 131 13 247 231 57 83
1 13 4
60 200 150 193
4 5 6
160 86 246 34 232 292
3 18 14
27 18 186 230 210 192 58 198 117 263 218 289 48 274
8 14 14
129 252 181 54 263 74 53 154 264 238 204 211 240 172
7 4 11
35 184 96 141 31 86 61 269 179 244 213
3 19 14
207 75 167 240 153 47 5 84 176 79 237 45 143 94
7 18 12
86 214 277 262 109 130 149 92 258 195 279 274
3 12 10
167 242 235 239 251 238 65 255 205 38
3 19 8
76 165 257 152 280 263 100 79
6 11 9
232 274 2 210 131 254 109 260 29
4 14 12
3 175 278 136 13 248 298 45 32 42 70 90
1 9 6
48 114 274 18 197 38
5 7 15
81 62 257 88 86 232 37 47 188 96 256 209 141 8 191
8 8 13
211 263 94 254 267 102 37 49 195 51 248 93 218
1 4 12
88 52 181 299 239 85 156 183 22 222 107 262
2 13 4
79 184 299 84
5 10 8
30 20 184 62 38 168 174 257
5 14 11
190 139 19 215 253 25 255 211 194 249 208
2 1 4
141 176 39 73
3 1 15
153 134 123 239 157 27 213 18 177 238 188 85 179 189 174
2 8 12
13 191 185 123 254 215 139 280 56 74 263 125
3 5 13
90 113 56 68 98 21 71 234 41 60 221 269 174
5 5 8
20 250 61 34 167 280 47 123
2 13 10
159 1 263 270 173 12 186 239 125 205
1 16 12
60 245 263 191 160 87 196 244 172 3 179 136
1 11 2
155 217
3 14 7
104 163 148 290 254 40 35
3 12 6
254 89 28 14 128 73
3 20 6
285 125 261 49 58 232
2 8 4
144 55 231 78
5 17 13
185 39 258 118 89 160 101 183 196 142 206 146 42
1 5 2
241 161
1 6 10
228 95 138 283 199 8 150 18 111 82
1 1 5
146 246 216 32 9
5 7 11
141 216 70 109 144 179 94 204 157 77 190
5 1 8
34 149 111 139 94 22 116 289
1 2 12
252 137 165 105 41 248 178 158 286 146 129 254
1 12 2
210 226
3 20 7
108 11 276 214 254 176 18
3 13 13
134 71 136 97 186 193 33 244 231 96 243 117 264
1 4 5
50 0 245 237 138
3 14 5
81 255 12 72 260
5 5 9
102 148 194 6 212 84 1 76 57
4 12 13
220 136 97 88 175 89 171 283 46 92 38 198 210
2 20 6
8 103 79 43 9 207
4 10 7
149 279 290 93 19 8 69
9 10 14
215 155 141 280 161 2 102 18 124 75 224 5 260 223
2 7 3
174 252 172
1 19 10
96 83 254 229 167 151 41 248 238 45
1 15 2
67 241
2 18 3
268 102 166
6 4 10
104 106 0 8 245 271 44 70 247 197
1 6 4
288 218 222 35
5 9 13
142 139 15 250 23 194 251 286 288 165 271 218 95
2 10 11
293 249 139 295 51 16 169 165 126 182 10
4 2 6
266 132 158 31 166 68
3 19 11
110 288 37 264 286 102 211 242 174 280 213
1 20 8
69 91 123 264 38 250 105 114
1 6 14
240 177 74 107 117 173 205 295 297 21 247 181 26 275
5 16 9
286 209 73 171 106 292 235 113 34
2 6 10
179 181 217 222 253 175 192 246 75 98
2 16 10
161 70 259 162 57 75 60 90 119 246
2 19 12
287 64 191 226 42 255 174 80 219 156 121 23
2 1 9
210 199 122 295 53 81 77 97 126
5 13 13
144 210 2 134 148 4 13 263 298 239 105 169 141
5 18 13
110 81 22 216 5 198 193 177 85 169 120 204 154
1 13 3
267 79 228
8 10 15
177 81 223 276 104 212 118 122 280 150 216 20 198 9 23
5 17 14
82 1 3 237 55 33 255 88 41 212 204 266 131 292
1 1 2
51 106
4 5 6
198 74 109 280 120 227
2 6 15
208 210 264 10 195 152 233 108 142 91 167 239 243 161 219
4 16 7
91 16 288 170 296 125 276
7 7 11
36 67 92 217 129 79 200 105 141 122 236
1 10 4
276 12 87 39
1 17 4
32 74 87 171
3 9 15
196 289 1 297 218 63 112 170 166 284 131 106 83 87 257
1 7 3
83 143 86
7 9 12
93 235 18 269 286 110 279 88 260 272 187 3
4 17 7
39 221 50 220 78 105 216
5 4 8
35 172 68 105 248 238 170 163
4 8 6
50 245 39 262 29 57
2 15 4
141 110 240 101
6 16 10
18 25 124 180 192 153 3 134 288 164
1 8 8
24 163 102 61 27 249 152 187
4 2 7
149 114 283 160 107 188 33
1 8 4
164 61 87 155
5 13 15
261 29 0 214 111 236 73 22 64 116 200 37 211 146 185
2 18 10
184 87 75 82 288 96 141 94 215 243
4 19 6
7 273 48 185 151 204
4 7 12
69 76 39 258 288 168 67 226 1 132 149 112
2 18 4
107 204 128 201
1 9 3
210 8 140
1 2 3
289 243 285
2 4 6
66 255 69 187 164 287
3 11 12
2 150 153 176 111 26 284 207 290 30 141 278
2 5 7
121 135 198 297 73 93 115
4 7 7
14 102 74 17 82 251 4
6 15 10
217 205 16 62 248 295 79 35 211 160
6 15 11
51 197 243 212 218 246 84 232 98 0 283
1 9 2
106 242
1 6 15
219 187 35 11 229 121 207 20 147 55 258 146 117 253 291
3 13 14
154 157 150 30 116 246 45 92 211 72 37 40 229 182
5 10 11
288 0 21 78 257 106 192 22 79 93 174
9 11 15
2 180 218 63 176 82 152 269 247 28 29 58 121 59 60
4 9 7
103 262 196 194 163 118 264
3 13 15
231 21 10 230 276 1 14 88 83 273 150 39 224 157 236
2 10 5
215 219 186 146 60
1 20 2
233 193
2 18 3
275 296 164
1 17 12
156 166 89 165 216 175 128 48 254 196 247 176
4 19 6
213 251 288 107 7 160
3 5 11
189 273 39 271 142 224 207 178 288 292 72
1 3 3
73 241 50
2 20 11
211 160 146 234 185 264 282 71 287 172 164
2 15 7
204 262 13 282 2 105 134
7 19 11
206 170 117 297 21 41 143 35 234 13 271
4 2 10
44 82 4 226 229 235 94 212 28 117
1 9 2
86 74
1 16 6
225 196 140 297 172 69
2 7 3
68 88 9
7 10 12
289 116 63 284 46 178 109 202 30 199 79 52
1 4 8
93 177 291 202 215 153 161 229
1 19 4
252 194 158 133
4 16 8
258 82 278 5 117 254 194 281
8 15 13
189 183 261 4 135 28 157 278 63 73 46 290 41
3 3 10
265 205 124 62 2 277 236 146 216 143
1 12 2
254 219
7 18 11
9 112 37 93 179 78 281 117 147 167 215
3 14 7
176 55 161 225 241 23 245
3 20 15
249 6 35 243 240 245 114 22 77 17 268 38 168 76 258
1 14 9
242 34 184 54 77 279 114 124 19
2 15 4
196 213 199 32
3 17 7
192 151 261 170 65 184 272
2 3 4
234 139 67 44
2 1 8
127 224 245 93 299 37 43 160
3 1 14
136 57 72 36 65 0 59 216 182 106 11 90 68 63
1 2 3
187 80 205
2 2 5
223 248 70 179 42
3 7 11
67 56 112 119 163 127 182 167 242 196 280
3 1 5
106 292 75 273 289
3 10 7
157 241 83 217 2 240 242
1 20 9
9 57 112 245 110 75 94 31 199
3 10 6
108 13 141 279 151 32
1 8 6
133 51 52 54 60 209
2 12 9
64 24 184 80 171 161 89 232 139
4 13 7
273 9 145 228 181 232 164
3 1 8
249 271 36 133 191 262 212 124
1 10 15
206 274 123 165 33 140 58 105 139 142 31 19 82 71 28
3 5 14
58 158 91 233 273 272 208 49 144 27 235 77 101 25
2 12 5
87 43 56 214 51
1 19 9
169 218 108 217 270 159 163 191 135
2 16 5
122 201 165 234 274
2 12 7
285 128 147 237 119 298 204
1 14 2
46 78
5 1 12
180 13 250 145 101 213 271 251 263 18 241 285
2 14 7
39 24 286 54 145 183 224
3 3 10
253 166 89 117 154 21 84 254 289 43
3 11 12
294 105 187 152 124 280 101 153 41 87 51 193
2 4 8
145 65 289 53 236 25 9 248
1 20 10
42 257 269 260 26 173 89 196 243 289
4 13 9
156 187 149 275 185 163 115 34 9
4 5 10
198 265 295 261 224 291 274 191 24 26
1 18 2
143 194
8 14 15
76 12 228 216 116 44 182 165 62 156 201 83 256 130 237
8 8 13
231 280 216 57 292 101 81 21 265 55 83 44 141
2 17 3
43 236 74
5 1 11
60 214 31 157 129 284 45 178 220 1 295
4 2 8
298 164 120 117 296 194 292 263
6 16 11
161 249 57 267 121 242 241 31 232 185 224
6 18 9
41 241 45 230 37 274 174 234 28
1 5 2
68 96
2 10 10
126 95 78 8 115 86 65 266 271 182
2 9 3
253 132 160
1 9 4
230 103 170 188
1 14 8
242 190 103 241 117 170 161 259
1 18 4
133 210 59 98
7 13 15
276 230 59 47 85 191 215 251 270 25 291 146 161 206 222
2 2 14
299 80 101 9 192 226 12 246 176 102 123 231 264 71
2 12 6
149 223 93 24 108 14
1 15 2
32 157
1 2 14
90 259 66 238 119 103 285 131 296 229 88 137 288 138
1 12 3
60 220 285
2 6 4
117 102 282 173
2 20 3
122 293 206
2 2 14
27 26 206 215 42 60 211 119 115 223 121 107 284 246
3 17 7
278 229 210 175 46 30 284
2 9 6
211 263 106 217 198 270
3 4 7
15 261 280 158 287 227 256
7 4 12
216 199 136 176 133 165 190 158 51 155 134 184
1 18 7
101 264 169 46 242 127 9
3 18 14
287 252 39 278 13 236 284 268 61 167 226 117 169 235
1 9 3
224 199 136
1 16 10
57 117 79 229 145 296 108 41 47 65
4 14 15
285 75 50 97 266 87 141 7 151 198 225 270 137 237 197
1 1 5
215 272 21 205 23
6 7 11
19 204 190 252 218 153 87 134 226 243 2
8 9 14
293 163 169 142 131 121 33 258 274 139 147 203 239 65
4 15 10
299 238 202 160 266 74 291 57 289 106
2 18 4
146 229 79 255
2 4 8
111 254 207 218 28 74 249 224
1 17 3
163 268 196
1 7 2
181 130
2 1 3
62 103 285
5 5 15
81 103 88 264 287 199 156 95 145 257 286 5 217 173 206
4 3 6
272 188 90 132 108 112
3 18 10
133 220 30 241 177 116 143 124 223 16
4 15 6
37 41 227 183 85 293
3 19 10
241 140 248 274 246 166 181 63 45 257
2 20 3
87 116 123
3 19 6
31 244 113 63 112 130
4 6 9
10 197 17 299 31 22 118 130 53
1 5 7
221 243 206 3 29 222 247
2 6 10
64 279 51 154 163 228 135 98 209 203
4 10 7
176 63 122 157 147 141 24
1 13 13
97 44 76 296 259 268 216 283 6 121 158 241 175
2 19 12
245 143 115 179 84 110 60 95 24 196 59 289
3 3 6
106 145 93 275 299 248
1 7 4
54 230 224 173
5 18 13
11 264 225 6 102 295 195 229 83 77 234 277 126
2 9 7
177 209 166 179 50 285 190
2 19 9
286 102 195 209 212 59 36 248 203
1 12 5
222 56 138 119 158
2 5 3
228 50 238
1 10 12
173 297 103 28 262 88 249 244 200 36 233 241
3 19 14
86 105 58 24 122 277 41 0 219 109 248 53 267 69
6 6 12
253 119 263 200 168 258 29 185 238 218 77 188
1 13 8
245 49 140 147 2 46 206 134
7 12 15
249 136 281 171 39 194 298 254 252 280 14 287 206 66 218
4 12 6
210 53 36 256 163 215
1 14 4
285 121 15 124
1 3 3
19 101 144
1 17 2
47 240
2 12 6
27 269 60 209 12 7
1 19 4
21 254 76 64
4 17 11
242 149 9 24 117 47 46 125 30 190 172
8 10 13
163 22 216 237 189 230 20 33 277 193 96 44 168
4 6 6
127 46 262 238 117 12
3 15 6
53 28 232 180 77 206
4 13 7
283 48 90 258 204 64 155
3 18 9
49 73 102 219 283 117 286 218 253
8 2 12
56 202 48 206 217 8 209 43 146 250 9 151
2 8 3
69 204 93
4 8 6
231 74 264 269 194 16
3 2 5
113 287 61 155 248
1 18 11
277 230 244 183 271 246 170 167 112 47 90
3 19 5
115 251 155 266 136
9 3 14
33 67 287 99 276 274 49 281 111 157 59 63 58 155
1 15 3
189 160 258
8 1 14
166 31 104 276 198 180 138 112 256 11 3 47 125 19
2 16 4
152 243 199 83
3 13 5
264 294 25 231 106
3 15 12
176 252 149 122 135 3 33 142 231 230 74 52
1 13 7
186 53 296 265 282 230 55
3 12 9
295 226 71 154 73 231 24 30 15
1 8 7
27 160 151 76 112 179 194
1 17 7
29 269 201 73 54 228 257
8 15 12
183 29 262 224 184 167 54 123 253 55 291 273
4 9 7
23 140 135 127 108 62 109
9 8 15
66 277 102 169 42 64 176 46 90 15 54 164 273 152 103
5 9 10
153 107 212 129 125 235 25 101 79 228
5 4 15
35 149 171 130 43 160 32 84 10 251 152 234 274 230 119
7 20 12
96 219 225 226 277 179 242 142 11 98 94 210
3 18 12
93 196 217 118 179 137 68 224 199 261 15 213
1 2 2
83 219
1 17 8
119 106 151 99 224 274 291 90
3 4 5
164 185 263 77 112
2 13 15
183 78 21 233 218 206 208 210 149 92 153 89 177 24 75
2 18 4
10 139 5 35
5 7 12
183 202 131 208 150 174 12 191 79 121 139 166
1 18 12
156 287 197 146 218 75 118 248 299 297 171 177
3 18 8
84 144 15 234 141 249 81 107
2 19 15
23 272 172 35 1 216 65 78 212 129 49 140 268 150 27
6 19 12
6 88 299 272 169 87 101 168 218 158 18 119
1 16 7
292 130 2 45 142 108 297
2 19 5
273 180 43 149 194
6 3 12
262 127 183 179 242 27 220 230 32 192 140 59
3 8 5
120 129 294 193 84
2 13 13
223 114 47 33 77 232 215 81 285 95 239 14 170
1 15 8
59 185 20 287 131 196 281 95
4 8 9
264 144 42 258 252 103 157 23 102
2 2 13
17 63 15 164 103 289 113 171 233 163 266 167 57
2 18 13
196 268 211 182 200 282 229 11 104 165 156 172 204
2 16 3
9 5 287
4 15 10
231 250 51 83 97 291 45 234 212 190
7 10 11
280 194 71 97 17 169 188 283 166 245 286
5 8 15
150 61 184 278 3 298 216 101 274 87 293 82 66 180 39
2 19 6
191 18 71 117 113 198
5 6 10
227 4 106 72 152 5 202 8 148 296
1 9 8
249 35 3 2 194 106 124 269
5 16 12
35 132 156 152 285 290 58 237 210 170 270 257
1 11 11
20 126 187 28 295 133 106 64 112 196 158
3 18 5
237 201 129 269 275
1 14 7
57 0 142 15 13 233 53
3 2 7
97 275 60 3 38 210 196
2 14 6
173 41 299 92 135 193
1 1 13
23 9 271 61 235 138 255 134 120 59 209 231 225
8 20 13
229 54 130 53 186 159 39 222 202 96 26 234 205
6 14 10
259 288 83 264 22 34 150 41 85 297
2 8 6
224 90 288 49 105 145
1 6 12
135 229 246 84 180 187 207 24 244 182 20 280
5 19 12
164 16 122 117 284 66 292 232 170 201 245 179
2 1 9
296 231 103 2 125 267 299 152 193
7 8 15
201 105 228 136 134 240 31 269 71 229 169 10 193 45 180
5 2 9
66 201 92 283 162 31 89 120 248
1 20 9
252 291 158 31 49 46 7 230 297
1 11 9
214 95 42 136 97 227 46 201 27
4 3 7
158 237 105 132 148 286 95
2 14 6
79 105 197 92 154 185
1 12 10
57 75 48 94 98 197 81 242 123 137
1 6 14
160 262 256 193 264 194 143 217 164 276 242 114 279 224
6 18 11
61 124 160 107 210 29 170 270 183 27 102
3 18 13
273 170 94 41 207 158 75 160 92 199 228 42 86
8 17 12
224 290 68 248 151 80 274 267 101 110 36 62
6 6 11
59 114 292 161 49 236 299 212 251 62 124
9 15 14
275 172 278 105 70 45 20 38 39 150 34 153 131 66
1 20 6
170 233 32 202 290 21
3 13 8
225 135 147 74 184 61 100 289
1 20 3
96 100 14
2 14 4
184 54 199 112
1 12 15
45 160 59 116 229 287 270 109 30 202 42 66 262 265 149
3 17 12
34 169 56 73 211 70 76 129 128 159 98 131
2 18 3
111 288 6
2 19 4
228 69 271 273
9 1 15
150 255 221 169 298 248 124 272 29 257 132 187 294 203 152
3 16 12
271 71 61 235 15 221 131 105 37 223 147 82
2 11 14
132 181 42 149 165 197 286 137 109 19 166 248 172 293
2 11 3
89 217 143
1 9 2
116 117
1 9 2
221 284
3 12 10
81 16 99 4 24 123 47 149 177 232
1 18 10
263 146 194 24 191 217 57 216 288 157
1 8 9
203 77 209 252 59 248 92 158 13
2 4 9
26 35 33 264 194 117 130 227 183
1 8 3
253 145 37
1 9 2
72 86
1 1 7
253 184 126 8 298 74 61
3 14 8
55 259 83 269 106 68 82 172
1 14 6
87 168 10 199 166 63
2 19 4
226 288 111 174
2 17 11
128 76 260 57 262 180 92 159 194 117 45
3 9 6
222 127 9 154 251 223
2 19 5
133 62 90 293 107
1 13 2
68 296
6 17 11
55 105 185 114 183 132 41 165 223 246 29
4 9 9
267 46 235 188 100 28 72 84 91
2 4 4
146 256 76 44
2 20 4
113 258 87 9
2 18 4
134 258 64 257
2 7 3
145 242 222
4 18 7
92 234 159 285 286 257 102
6 5 14
56 23 0 252 290 74 108 113 154 101 120 217 4 51
3 19 15
124 64 13 145 212 127 9 262 46 228 113 247 190 61 4
1 7 12
243 34 180 241 79 139 281 77 68 86 4 7
1 10 4
224 273 243 40
3 12 10
158 41 296 276 138 52 287 289 87 299
2 17 6
173 194 276 270 277 142
3 1 6
99 277 96 52 45 117
4 18 7
235 119 282 85 0 156 126
1 6 2
97 112
1 17 2
95 106
1 4 3
110 77 136
4 10 7
26 105 193 48 167 198 139
3 2 9
154 284 226 88 17 281 170 72 119
3 18 7
0 228 173 154 16 263 177
9 12 14
100 114 193 123 225 139 185 137 269 247 207 32 211 298
5 12 12
74 166 58 254 19 62 198 150 113 197 193 52
8 7 14
209 94 213 22 271 131 74 207 44 220 172 276 136 185
7 11 14
208 40 276 178 106 113 17 122 211 83 94 140 44 246
6 7 12
227 14 9 283 262 133 193 113 20 241 124 287
4 13 10
244 196 220 21 174 179 6 204 28 149
1 5 4
189 211 192 164
6 14 11
111 53 190 38 230 138 57 266 128 130 290
2 5 5
162 49 109 153 185
2 15 6
165 116 0 25 149 23
2 4 10
113 114 139 119 122 292 222 65 271 293
8 1 13
64 255 183 173 127 242 158 146 69 150 182 267 297
2 8 15
231 225 95 74 52 149 23 222 220 230 286 238 11 191 151
3 4 14
227 34 273 132 58 102 122 47 207 121 210 255 168 6
1 5 2
195 28
3 3 5
202 91 187 22 194
2 3 4
22 280 20 249
2 3 9
45 254 120 124 183 54 289 232 250
1 19 2
274 237
2 13 15
294 229 4 126 228 231 72 265 169 103 31 156 283 112 14
1 4 4
179 97 187 147
5 20 9
230 259 177 135 223 237 197 165 220
1 3 4
195 263 111 267
5 11 9
171 96 148 182 151 74 164 192 289
6 15 13
289 85 16 6 76 288 56 179 266 8 175 167 24
2 7 3
262 56 68
4 15 11
20 12 173 130 212 44 73 149 265 43 8
6 20 11
89 133 226 273 65 121 74 218 11 145 177
2 12 5
236 11 177 120 155
4 16 15
262 134 53 173 272 212 269 72 65 38 51 50 265 97 294
2 7 5
139 52 93 165 219
4 12 9
259 202 127 164 59 37 145 238 67
7 7 13
160 61 52 168 191 26 21 185 229 36 106 292 170
2 17 5
154 240 199 215 77
5 17 14
162 168 29 212 179 228 126 146 292 218 139 166 174 95
3 18 8
97 59 132 43 161 201 281 274
2 14 12
145 27 254 151 288 165 158 135 163 94 218 147
1 4 13
20 279 228 294 225 36 239 148 147 53 248 86 191
1 12 10
242 109 275 45 100 18 112 226 118 67
2 19 11
245 216 158 89 252 234 10 198 141 30 239
1 14 4
177 280 201 169
1 8 3
257 203 110
2 16 4
172 271 40 263
3 11 5
11 62 238 250 158
2 17 11
146 127 191 40 238 105 3 51 222 113 130
7 12 15
143 74 230 130 3 18 197 97 241 54 10 31 188 255 179
1 18 5
21 186 203 49 5
2 17 10
161 138 85 152 8 260 43 51 65 38
6 8 10
241 192 63 102 61 82 220 83 276 177
4 8 8
97 16 17 174 135 113 116 133
6 10 15
177 244 142 166 82 42 72 19 33 57 13 128 1 226 25
7 20 14
246 98 17 66 179 40 21 262 33 90 251 59 254 191
3 8 5
174 160 147 115 30
6 13 14
61 271 230 44 293 64 123 278 14 187 145 104 283 135
3 4 11
290 134 295 277 101 45 25 0 90 293 78
2 12 5
142 138 165 98 80
2 5 5
97 71 240 202 99
3 2 10
196 95 133 57 254 295 27 239 193 85
4 1 6
14 142 176 202 208 140
1 1 2
207 265
1 15 12
298 165 113 234 99 79 95 111 192 123 127 88
6 10 9
45 17 286 41 222 93 273 163 281
1 14 7
21 35 161 91 166 280 123
1 4 8
259 2 241 293 297 173 261 79
7 11 12
197 235 224 227 159 231 168 263 261 96 289 0
1 9 2
22 280
6 5 12
188 221 172 164 240 101 224 231 178 16 133 283
4 11 6
195 193 70 242 210 24
4 5 12
230 56 201 28 235 154 38 163 203 136 8 31
10 20 15
151 296 207 234 29 135 150 60 120 189 154 283 260 90 171
5 3 14
64 205 270 7 163 247 165 101 166 95 45 23 19 282
1 18 5
239 45 260 199 238
5 3 10
19 118 41 150 286 249 44 156 218 141
1 4 4
135 184 41 235
1 15 3
191 116 294
2 13 3
158 154 109
1 9 13
177 263 256 145 230 45 144 131 211 229 240 193 56
2 13 4
217 237 69 175
2 4 5
34 93 278 216 139
1 9 5
23 185 110 50 57
6 14 9
136 178 212 259 26 242 108 272 151
1 11 5
189 91 129 224 170
4 10 12
273 176 268 299 37 177 274 94 112 288 255 195
6 17 12
120 33 231 143 41 292 282 144 201 221 155 169
2 3 4
56 10 34 224
8 17 13
219 157 61 34 298 129 40 209 259 47 111 246 250
4 16 11
255 157 111 240 89 82 127 271 188 138 165
5 14 8
127 204 26 163 168 257 138 244
8 12 14
142 22 4 224 7 155 66 297 77 268 92 255 117 195
1 11 7
131 7 247 148 47 286 267
1 9 12
202 161 169 100 243 274 246 143 171 19 97 88
6 4 9
31 258 18 53 260 151 152 261 78
1 13 8
264 21 231 99 40 53 287 216
1 13 4
237 228 258 299
2 11 6
22 137 299 140 25 64
1 3 9
261 247 297 44 195 22 41 130 140
1 8 6
171 199 40 56 66 92
k 20
