300 900 465
11 27 40 17 33 18 30 12 29 35 21 26 14 27 38 34 14 38 17 15 15 18 16 20 32 17 27 38 17 36 23 25 20 16 35 13 25 11 24 38 23 26 26 13 35 31 16 22 26 27 11 34 25 21 13 29 14 13 40 13 13 20 26 18 34 33 12 39 31 12 23 15 15 38 36 31 38 27 28 34 12 28 24 23 16 25 40 12 20 22 28 36 24 29 39 25 16 32 15 24 28 15 17 36 15 36 20 29 38 27 24 27 36 15 23 22 39 18 18 14 19 39 36 11 30 39 39 18 16 20 20 26 34 18 20 34 15 16 37 39 30 26 37 40 25 38 35 15 40 31 15 36 24 25 26 14 20 24 19 15 25 14 35 40 28 18 33 12 20 37 14 29 35 13 29 38 16 15 25 37 27 11 32 38 40 24 40 29 23 30 24 16 38 36 19 36 20 29 19 12 13 15 23 18 19 38 33 14 20 31 22 37 17 30 25 24 14 32 13 29 13 32 17 12 29 18 30 15 17 27 14 18 15 23 25 19 35 38 40 22 18 35 30 34 31 30 36 40 31 25 34 14 36 27 23 24 33 18 28 15 34 17 37 21 35 26 30 18 25 16 21 22 26 11 17 14 22 23 27 31 11 28 18 22 28 29 37 17 32 40 33 20 24 25 14 11 35 15 15 24
1 17 30 7 23 8 20 2 19 25 11 16 4 17 28 24 4 28 7 5 5 8 6 10 22 7 17 28 7 26 13 15 10 6 25 3 15 1 14 28 13 16 16 3 25 21 6 12 16 17 1 24 15 11 3 19 4 3 30 3 3 10 16 8 24 23 2 29 21 2 13 5 5 28 26 21 28 17 18 24 2 18 14 13 6 15 30 2 10 12 18 26 14 19 29 15 6 22 5 14 18 5 7 26 5 26 10 19 28 17 14 17 26 5 13 12 29 8 8 4 9 29 26 1 20 29 29 8 6 10 10 16 24 8 10 24 5 6 27 29 20 16 27 30 15 28 25 5 30 21 5 26 14 15 16 4 10 14 9 5 15 4 25 30 18 8 23 2 10 27 4 19 25 3 19 28 6 5 15 27 17 1 22 28 30 14 30 19 13 20 14 6 28 26 9 26 10 19 9 2 3 5 13 8 9 28 23 4 10 21 12 27 7 20 15 14 4 22 3 19 3 22 7 2 19 8 20 5 7 17 4 8 5 13 15 9 25 28 30 12 8 25 20 24 21 20 26 30 21 15 24 4 26 17 13 14 23 8 18 5 24 7 27 11 25 16 20 8 15 6 11 12 16 1 7 4 12 13 17 21 1 18 8 12 18 19 27 7 22 30 23 10 14 15 4 1 25 5 5 14
4 14 8
170 3 113 291 126 297 205 93
4 9 7
77 70 125 124 200 3 163
3 2 10
137 211 1 132 147 122 74 235 178 252
6 20 12
289 185 224 150 51 22 245 119 102 25 149 200
6 17 10
280 129 103 292 244 285 151 127 163 224
2 19 7
261 165 153 193 183 36 130
2 9 11
193 106 261 296 285 58 135 131 218 85 33
3 9 5
291 31 298 202 39
3 11 11
93 100 115 36 53 166 223 105 177 13 24
5 2 11
276 62 181 45 129 98 240 93 114 158 61
9 4 14
230 233 191 105 45 220 216 277 114 76 267 158 99 257
5 14 10
99 147 186 211 199 143 113 68 241 136
2 13 10
287 67 110 43 40 240 77 252 239 225
1 20 8
256 114 147 150 161 267 84 215
1 8 5
219 75 38 240 32
6 15 11
235 7 272 26 32 111 136 176 118 165 60
2 16 10
163 275 119 111 134 251 203 268 125 124
8 4 13
18 92 133 103 224 78 290 73 13 89 14 222 80
2 6 3
226 167 232
1 1 4
112 179 176 193
1 9 2
133 182
1 2 11
251 269 87 67 131 81 2 55 45 274 44
4 9 15
245 221 78 241 262 80 21 177 222 186 91 190 229 95 115
2 7 3
186 162 121
1 14 3
231 20 264
2 10 12
48 82 232 40 252 220 292 37 205 263 276 188
3 7 13
212 243 194 121 17 280 147 131 161 86 140 7 236
1 4 9
139 268 199 62 260 183 56 236 75
7 3 11
225 14 7 176 74 154 199 253 177 174 93
6 1 13
288 221 0 109 110 171 200 249 154 43 155 39 243
1 15 4
143 213 118 293
1 3 10
230 59 136 209 289 33 8 0 222 297
1 7 2
45 1
1 19 5
113 101 295 148 267
7 10 11
144 95 213 47 114 111 286 31 168 186 290
1 16 6
281 160 175 260 77 220
2 1 6
199 188 50 6 234 10
3 12 5
160 91 155 24 219
3 17 11
80 53 96 283 65 250 208 49 162 174 0
3 4 5
105 166 247 160 78
3 1 14
229 109 22 132 218 101 144 244 219 105 74 193 60 152
4 5 6
55 9 239 60 74 202
4 10 6
199 121 76 265 165 103
3 20 5
136 101 102 241 171
1 3 7
138 108 45 235 170 166 114
1 7 2
112 269
1 11 2
87 14
4 19 6
24 245 281 280 230 247
3 1 5
0 189 165 247 215
2 14 7
119 51 234 288 114 193 3
1 3 11
20 93 3 235 260 101 126 208 220 209 168
4 10 6
42 104 293 48 240 120
5 6 15
237 262 44 233 266 211 269 135 104 268 143 234 255 86 145
8 2 14
7 281 35 292 156 15 69 165 227 40 65 18 27 125
4 2 13
103 112 241 170 176 197 199 265 215 22 237 252 159
1 20 8
13 205 149 251 210 6 27 92
6 20 11
287 183 207 54 151 273 176 32 18 189 29
1 14 14
55 248 73 12 96 246 241 121 26 223 87 279 257 43
4 1 12
16 264 178 86 150 37 145 174 236 198 212 72
6 8 9
21 231 143 183 12 243 46 239 206
4 13 6
63 76 82 270 111 160
1 20 8
69 265 148 53 215 299 239 81
2 4 5
149 238 7 86 130
2 7 6
65 264 180 5 277 266
4 6 7
58 9 101 273 104 263 171
2 15 8
180 175 159 293 34 255 187 274
3 20 14
235 161 25 107 224 79 88 237 171 249 84 298 116 136
6 14 13
105 34 50 224 132 247 295 275 293 177 46 262 15
4 11 8
292 98 121 262 281 153 12 235
2 3 7
289 216 89 204 6 50 32
1 11 6
186 256 240 17 209 180
3 12 12
36 124 15 163 111 54 297 97 48 298 141 189
3 13 15
202 114 142 196 190 278 237 123 266 7 189 205 127 166 43
3 10 7
125 18 75 260 262 177 277
2 11 11
9 265 149 199 246 41 55 49 99 35 216
10 16 15
166 161 279 41 154 94 184 222 210 83 114 249 221 29 87
9 19 14
271 292 227 154 189 137 164 223 252 0 126 115 128 48
7 11 11
83 12 203 99 151 67 185 195 198 76 97
7 14 15
272 120 179 265 178 157 238 140 123 136 230 197 117 126 282
4 7 11
286 146 145 256 19 223 265 46 213 195 250
2 15 5
61 20 221 296 186
3 4 15
216 282 124 90 48 167 11 76 114 37 270 249 195 221 293
2 9 7
113 230 160 16 126 89 10
5 20 13
263 240 192 47 254 267 187 196 173 54 6 252 118
2 19 4
186 62 25 269
1 13 8
73 124 177 214 158 147 204 166
9 14 14
262 86 149 176 280 165 223 10 283 166 268 172 187 27
6 7 9
222 124 246 176 173 51 161 111 189
1 13 2
126 257
1 20 7
272 51 140 160 235 33 5
7 13 11
47 258 246 68 292 263 169 221 244 78 249
1 12 2
79 233
2 9 4
84 34 80 118
3 5 6
74 195 163 286 136 92
2 7 5
72 177 228 104 5
1 19 2
100 57
2 11 8
39 5 133 137 192 37 162 267
6 6 13
199 285 225 226 208 55 287 293 168 147 127 200 191
6 8 10
190 59 80 110 16 250 88 0 158 249
3 20 6
63 21 101 46 22 44
1 7 5
196 121 185 99 55
1 7 2
20 225
2 14 5
14 274 171 250 174
6 15 12
107 207 114 258 6 133 27 101 95 135 49 240
1 3 3
18 25 70
3 5 13
287 119 206 38 285 265 288 150 267 215 281 157 298
7 15 14
150 298 225 172 67 109 220 160 66 149 9 293 111 177
5 12 8
153 260 10 0 159 220 5 7
5 11 12
257 137 196 165 57 220 16 139 193 217 285 228
2 13 13
295 89 85 68 215 27 48 145 146 255 180 25 108
6 7 9
52 196 152 37 141 95 162 54 116
10 13 15
205 216 220 81 142 2 248 278 79 85 32 84 58 118 289
2 7 6
68 189 115 4 32 109
2 4 4
246 30 73 117
1 1 15
207 247 132 98 78 225 35 175 149 187 96 171 67 65 299
2 17 4
137 150 3 151
2 3 11
294 52 245 50 194 103 235 291 32 11 77
4 19 6
22 112 130 86 116 273
1 12 12
211 110 260 187 116 169 124 137 227 26 202 54
8 20 12
195 287 233 91 118 180 222 48 104 243 25 161
3 18 9
209 162 153 160 194 54 234 113 175
1 19 4
265 164 214 17
5 8 8
182 44 94 26 50 167 111 272
4 3 6
288 200 188 284 26 116
1 16 2
164 39
4 18 7
200 133 77 13 180 259 15
1 10 6
296 116 9 15 49 59
2 17 9
222 282 17 12 11 224 42 171 31
5 17 8
152 81 8 263 288 298 154 0
2 9 12
77 278 6 283 121 37 46 184 241 100 175 107
4 10 10
152 95 237 259 232 165 285 181 117 40
2 19 10
160 221 230 171 198 167 61 138 151 124
5 2 9
177 14 253 29 265 116 92 210 119
1 15 2
7 66
3 2 11
155 186 50 20 271 143 84 79 265 24 163
5 4 13
119 162 10 252 58 261 99 92 182 35 146 279 268
2 6 7
206 186 196 122 203 277 291
1 9 8
276 49 158 265 81 214 121 239
1 12 15
117 73 268 48 47 93 205 226 204 128 239 76 87 225 135
1 1 4
194 92 217 35
4 11 6
233 22 258 37 122 60
2 2 4
149 13 213 56
2 18 8
290 164 276 219 112 262 222 217
3 8 8
71 237 202 288 289 204 116 188
7 6 13
252 273 65 99 127 6 240 85 182 53 243 212 233
1 6 13
17 154 253 38 22 228 225 289 120 4 76 40 227
2 6 4
108 19 170 211
5 8 8
94 46 160 37 225 48 277 248
2 7 3
80 151 60
6 12 13
120 213 17 154 281 136 141 94 115 20 298 60 267
2 10 4
20 237 267 234
1 20 7
85 115 136 125 16 38 36
4 1 15
75 23 149 281 198 280 200 7 289 233 287 182 132 290 177
2 9 15
93 123 88 117 11 157 150 66 295 247 139 6 186 153 76
4 17 9
219 153 174 210 142 107 297 69 243
7 16 11
113 100 163 160 145 92 52 67 55 18 204
4 5 6
191 30 154 163 51 285
4 17 8
191 193 111 283 12 165 136 147
1 5 13
235 22 211 102 277 69 37 281 179 293 200 9 104
1 1 8
111 69 80 35 10 265 145 79
1 2 10
213 202 155 196 115 179 233 70 239 125
4 13 14
273 107 209 124 190 214 87 153 288 100 276 171 25 225
3 13 10
172 111 93 71 232 138 240 57 75 173
3 13 12
159 19 185 48 227 137 90 26 238 127 115 184
3 16 13
131 22 92 263 8 103 12 238 44 19 70 84 42
1 9 4
37 50 297 165
5 6 14
163 191 261 114 96 8 13 77 75 70 166 91 282 179
2 1 10
15 147 130 51 258 273 112 28 289 71
1 1 6
142 20 50 271 261 217
2 3 6
116 101 197 38 32 3
5 19 11
150 114 265 122 235 260 160 41 88 148 145
8 8 13
82 267 16 226 111 71 8 215 17 119 67 81 286
4 11 9
274 38 204 121 155 94 228 158 2
1 8 15
126 92 167 5 117 22 129 288 224 116 31 181 283 17 47
2 8 9
21 77 102 293 163 59 127 245 139
5 8 15
246 106 273 107 238 265 157 267 261 288 203 164 254 81 116
4 10 8
71 97 286 248 251 108 135 200
10 3 15
18 284 149 260 87 128 236 235 48 0 108 5 125 194 92
5 19 10
143 209 68 18 229 297 25 52 196 218
3 4 9
296 219 171 247 97 299 55 132 208
1 2 3
151 273 185
6 10 11
74 170 103 270 246 268 286 24 5 133 223
1 1 7
157 162 92 220 255 192 29
3 20 7
108 82 132 25 69 225 103
4 20 7
46 97 259 78 134 127 231
2 4 10
130 279 299 17 72 32 1 105 180 213
1 3 3
154 292 28
7 2 11
108 33 137 169 31 6 115 295 196 153 208
1 18 7
237 225 112 155 182 274 49
1 11 9
132 299 235 88 234 291 248 87 23
2 2 8
70 82 151 67 8 12 164 129
1 10 9
274 225 0 186 91 254 149 209 161
3 13 12
125 278 48 167 162 207 70 122 116 161 266 16
1 17 3
292 188 270
2 14 5
51 115 92 97 4
5 14 11
62 274 249 69 186 71 22 125 138 39 122
6 11 10
157 112 109 111 266 257 183 77 51 52
1 11 4
278 3 180 190
5 11 14
70 225 84 280 106 23 50 246 19 267 131 89 261 144
3 15 8
197 167 250 297 24 125 165 124
4 18 7
98 30 25 21 124 86 260
2 17 3
11 236 168
4 10 10
203 65 294 91 285 201 49 289 86 150
4 16 6
89 225 267 238 52 25
7 17 12
107 194 26 37 65 112 128 16 207 95 260 285
2 13 8
240 214 57 35 94 62 7 279
1 4 10
277 234 211 182 16 286 83 140 69 208
3 3 9
127 137 168 230 75 172 80 107 267
4 4 10
26 181 251 254 258 126 266 15 81 7
5 3 8
82 173 23 61 162 253 136 279
5 5 8
150 250 232 244 291 276 27 238
2 14 8
263 85 224 149 108 29 23 166
2 8 11
52 274 96 229 224 211 276 13 250 154 218
3 13 6
78 22 268 226 246 144
6 5 13
216 222 56 97 179 131 54 195 153 291 129 158 214
1 9 6
38 225 244 159 83 194
1 11 14
37 172 99 289 88 39 288 131 164 78 271 260 43 168
4 13 11
90 191 256 211 142 296 280 247 37 100 283
2 13 5
204 18 7 185 38
4 20 14
280 72 89 274 172 290 38 177 130 236 110 64 157 121
2 16 6
80 178 70 160 286 174
1 1 3
82 7 275
3 15 5
56 6 5 133 115
8 11 13
169 292 42 255 126 127 222 148 57 176 102 245 55
2 3 9
86 212 206 147 121 94 135 146 137
1 10 5
132 256 36 296 18
2 14 6
81 247 85 291 280 246
3 16 11
135 202 253 201 23 76 136 149 225 82 178
1 15 4
83 77 154 112
1 18 2
162 68
1 9 15
92 32 55 180 263 295 50 94 95 145 23 172 291 142 130
5 8 11
227 1 140 28 146 145 14 97 188 295 284
7 14 12
36 281 169 122 214 12 9 7 173 287 279 156
2 16 10
47 18 22 99 264 205 272 160 66 92
1 9 5
4 181 91 146 176
1 16 2
190 234
7 11 12
17 88 56 221 193 262 95 7 124 239 234 195
5 9 10
9 160 266 151 293 152 194 118 260 291
2 2 4
166 68 114 86
3 8 6
8 106 117 216 57 43
6 13 14
277 84 103 241 30 186 288 53 70 123 165 95 115 129
1 4 2
197 228
4 2 12
3 118 295 127 201 297 167 132 237 271 121 262
1 8 11
231 259 181 75 276 246 270 130 224 298 77
2 14 7
199 233 120 274 133 173 155
2 1 13
89 157 99 243 35 240 274 26 128 123 289 268 272
2 19 15
19 175 272 287 41 257 153 127 224 134 162 80 165 8 166
6 17 14
1 109 48 5 80 46 88 269 140 103 35 14 125 235
4 4 8
196 96 222 100 53 162 117 149
1 4 2
253 33
2 20 6
209 0 53 43 257 234
1 9 3
91 133 190
6 4 9
286 149 29 216 278 67 152 69 34
5 8 13
232 84 92 284 25 128 88 50 217 178 95 249 196
2 10 13
33 241 38 47 234 80 176 178 282 227 70 147 52
7 15 12
164 261 215 135 213 20 289 194 119 114 203 115
3 6 12
204 228 144 263 161 210 233 203 230 6 194 82
7 16 11
110 15 67 129 173 112 68 62 37 78 157
3 7 15
111 139 53 38 273 44 145 27 129 200 231 234 2 192 195
1 10 2
91 61
4 8 13
97 245 64 87 79 26 63 173 290 194 72 125 164
3 7 8
26 102 182 265 74 69 180 128
1 3 13
171 126 260 215 178 105 79 114 162 145 117 62 269
5 10 8
28 70 77 224 45 133 3 270
7 12 13
214 33 162 259 130 279 27 82 128 34 216 180 239
1 5 9
68 180 100 50 178 140 91 231 175
5 20 9
26 278 55 3 252 9 71 285 11
2 19 3
205 150 38
1 16 6
113 14 209 132 252 140
4 1 9
274 152 217 6 197 216 188 107 153
3 10 6
284 231 207 166 243 82
4 12 6
289 224 151 241 280 105
3 8 14
232 242 199 158 257 33 2 163 161 94 193 26 180 84
1 6 2
177 137
1 4 3
220 246 42
1 16 2
12 31
3 10 9
72 108 56 140 151 269 267 88 211
5 9 15
274 256 48 175 25 227 194 80 244 207 105 195 64 243 148
3 19 15
223 220 248 92 153 163 57 55 245 227 164 192 231 213 145
5 8 10
205 254 248 299 37 179 5 91 233 16
4 3 13
139 28 75 180 141 219 283 62 82 132 293 14 154
5 4 9
52 220 250 104 145 233 113 28 207
1 10 10
191 273 52 203 158 108 217 131 256 168
8 13 13
51 67 281 156 148 25 213 298 15 11 163 8 103
6 12 14
165 26 179 130 226 77 147 256 189 52 111 75 18 150
1 10 2
126 281
3 7 13
112 208 118 106 272 105 271 126 248 43 269 73 214
1 19 3
47 40 231
1 20 12
45 64 276 108 299 36 81 211 158 232 236 105
1 10 7
129 153 261 95 295 79 58
1 4 11
298 44 253 176 55 199 84 283 104 83 179
1 16 7
195 73 143 88 240 254 164
2 9 7
103 263 130 41 191 241 122
5 12 8
155 104 124 132 242 123 249 252
3 20 12
172 16 193 112 235 202 240 228 269 113 227 136
3 3 6
217 265 32 261 273 216
2 3 5
108 1 210 85 105
1 11 15
98 205 286 128 218 123 120 0 160 140 289 164 293 240 36
4 1 7
45 56 58 19 226 186 271
1 18 2
162 189
1 8 2
96 196
7 10 14
149 139 80 33 67 280 174 43 173 115 98 130 252 223
1 6 2
138 143
3 8 12
161 59 293 137 158 148 51 241 76 258 280 251
5 18 12
23 65 118 87 10 70 188 236 143 170 265 190
5 10 10
38 9 133 14 23 94 182 168 30 199
1 20 5
24 209 179 186 76
7 13 11
213 31 238 24 201 221 97 182 83 51 183
4 4 13
92 285 119 56 127 181 86 239 280 276 74 109 299
2 9 6
271 126 96 156 211 51
1 1 4
91 220 80 146
10 3 15
259 200 255 14 13 18 6 195 28 110 82 93 240 246 217
4 16 6
272 127 200 42 236 85
7 20 13
150 114 21 116 226 187 134 110 213 34 197 201 125
1 14 2
99 66
1 10 8
70 159 202 81 98 281 132 35
2 9 3
121 158 187
4 9 10
273 113 235 130 60 219 202 176 91 200
2 20 6
27 243 82 46 26 165
1 6 2
98 246
1 19 12
219 109 202 187 218 257 213 269 231 185 294 123
3 18 7
66 141 267 240 164 65 193
2 8 12
161 230 15 76 31 284 92 277 151 133 7 272
4 14 14
228 283 119 219 190 226 10 291 259 24 142 59 257 212
4 11 6
39 71 163 19 148 176
2 11 8
99 288 196 132 112 286 228 136
8 16 14
103 177 277 294 91 8 289 211 117 125 55 95 264 26
5 5 10
69 156 90 184 284 170 12 58 211 60
1 1 2
167 154
1 5 3
70 251 64
3 2 11
66 162 33 282 247 100 35 109 252 207 194
1 20 5
19 219 132 54 233
4 1 6
193 278 163 18 57 74
9 8 15
170 77 7 68 211 124 205 31 292 5 297 142 261 195 249
3 2 7
268 91 238 267 217 83 54
2 5 14
51 247 269 245 69 21 246 236 119 272 227 75 113 123
1 20 7
40 228 14 264 46 275 254
2 4 5
6 117 154 190 174
2 4 9
212 85 216 112 44 20 63 92 183
2 2 4
85 207 246 167
8 1 15
221 180 179 54 280 39 149 222 105 236 91 59 75 0 6
5 14 13
117 274 287 108 133 160 295 101 239 110 228 82 268
6 15 13
128 68 197 54 80 205 176 163 209 79 240 97 211
3 3 11
58 136 101 36 63 111 66 158 144 28 86
1 9 4
95 45 142 12
5 4 12
31 239 28 76 217 207 263 274 9 205 153 125
5 10 9
284 285 234 86 133 268 239 265 196
2 11 13
188 7 25 27 272 89 92 157 83 44 192 231 8
1 2 2
237 23
7 2 12
210 103 19 139 137 215 161 109 102 260 227 189
6 10 11
222 96 259 263 40 188 109 45 66 93 159
4 14 14
267 138 250 80 17 152 248 26 197 68 204 215 71 289
2 9 5
174 82 288 282 108
1 2 7
213 242 90 122 63 292 290
1 3 2
188 68
1 19 2
147 114
3 14 7
50 292 231 117 70 259 112
2 5 4
166 176 222 131
1 6 10
190 147 189 53 91 122 286 199 82 218
4 2 14
269 217 261 114 109 163 221 285 78 227 254 14 162 140
1 3 14
251 158 113 109 202 2 139 231 162 228 151 266 46 103
5 4 13
118 256 144 257 164 26 21 246 90 269 124 106 69
3 8 10
33 85 112 56 184 126 146 62 276 27
1 15 5
99 60 288 226 86
3 13 5
142 21 157 107 160
8 17 14
207 172 282 69 87 6 247 228 168 197 153 277 265 1
7 11 13
185 281 163 229 293 245 255 299 114 15 99 225 211
1 1 7
228 255 293 225 297 252 124
7 7 12
172 110 236 250 104 185 190 237 67 15 182 74
4 12 15
31 99 276 220 267 205 130 63 125 5 259 73 64 20 105
2 2 7
292 2 296 237 111 51 225
3 7 5
36 221 10 177 255
4 6 7
280 144 21 10 95 176 206
7 13 13
174 62 237 299 235 124 25 201 278 108 56 196 43
2 3 3
56 185 41
6 10 15
273 169 56 201 281 10 241 110 259 47 36 167 28 243 222
1 13 14
88 21 39 94 230 89 208 270 4 15 297 155 109 197
6 12 10
58 95 70 72 185 227 242 255 297 74
2 1 9
124 31 147 48 58 23 196 257 22
3 10 14
67 62 236 295 59 154 220 242 7 168 189 243 196 177
5 19 9
279 214 105 50 110 270 218 278 169
3 13 8
290 118 59 254 248 273 208 262
1 16 3
58 23 47
1 15 14
36 27 195 246 58 12 16 105 39 181 194 233 247 216
4 4 7
65 176 118 217 148 58 79
3 4 5
218 0 137 123 298
2 8 5
90 295 96 65 179
5 2 10
227 102 215 47 38 155 99 34 45 65
6 11 13
211 193 227 70 13 171 155 256 262 1 67 293 107
1 3 3
91 109 220
1 11 5
112 276 25 15 106
2 20 3
93 251 6
1 15 11
12 200 155 90 279 54 270 17 226 4 82
2 14 4
123 135 236 286
1 15 5
42 96 144 117 270
3 17 13
162 24 58 65 186 220 277 131 188 215 154 114 299
6 4 9
93 188 279 169 238 194 8 287 39
3 11 10
127 67 39 58 156 170 214 16 186 269
4 7 8
265 298 148 14 252 219 280 163
2 17 9
49 105 281 148 272 137 262 33 143
2 12 9
279 5 17 23 24 259 126 158 233
2 10 4
253 188 77 22
4 16 8
98 288 158 164 177 190 66 99
1 15 6
14 181 149 183 98 258
9 3 15
233 82 288 55 86 23 161 285 217 224 14 70 77 54 255
6 5 14
35 128 14 170 200 129 243 190 30 94 270 62 265 193
1 2 2
74 57
2 15 10
281 15 23 115 205 43 87 81 117 265
5 17 9
244 295 118 73 28 204 121 157 229
1 16 7
193 4 253 153 118 57 165
1 9 2
290 214
4 19 12
76 61 137 55 77 32 109 254 17 114 276 95
6 6 12
169 221 173 137 292 167 184 211 203 161 99 150
2 8 3
31 6 75
1 15 4
271 74 102 277
1 7 2
75 20
1 17 2
270 183
5 7 8
167 292 85 57 192 209 294 261
4 19 8
270 265 220 158 288 85 299 203
9 2 14
39 53 137 243 118 72 261 107 170 167 103 166 204 266
2 11 6
155 280 211 92 74 261
3 1 10
35 156 279 29 150 128 227 11 286 257
1 3 15
35 291 284 60 230 263 104 208 184 49 91 294 145 253 116
2 13 4
94 187 177 137
1 10 2
294 3
1 7 10
273 34 75 225 190 6 222 137 15 118
1 11 2
186 172
4 2 6
225 125 181 220 256 199
4 8 10
77 270 66 186 258 161 279 241 165 79
1 4 5
10 237 60 261 32
5 3 9
70 299 134 267 96 126 43 83 145
4 13 7
178 53 89 138 208 230 36
2 11 6
141 52 65 39 50 62
5 2 9
241 203 204 297 96 298 252 244 77
3 10 5
133 39 151 157 146
5 18 14
30 8 93 27 203 89 225 165 45 64 69 243 263 142
2 16 9
282 152 37 94 145 236 73 211 49
3 15 10
103 122 18 69 230 112 242 263 4 19
1 3 2
55 106
1 4 14
9 189 151 96 233 137 272 172 26 1 268 112 205 109
1 1 10
192 277 8 107 64 253 175 52 272 289
2 13 3
26 46 150
1 7 10
260 226 149 83 209 225 290 145 72 53
2 3 14
244 159 103 254 292 229 132 98 179 286 210 266 185 144
10 15 15
238 121 5 274 39 172 36 162 240 105 133 155 231 46 44
1 13 4
47 146 235 68
7 2 13
12 266 289 177 192 96 261 218 298 19 152 249 126
3 10 14
106 77 180 222 134 296 108 236 90 95 161 268 166 282
7 4 12
223 105 226 238 299 101 132 206 156 240 200 276
5 14 13
90 281 124 61 209 282 238 191 130 288 249 212 215
1 20 13
237 264 108 197 129 34 158 27 64 26 201 248 148
1 19 6
25 181 232 131 81 271
9 18 14
160 42 139 233 177 242 295 30 215 130 271 206 258 72
2 16 5
75 93 82 51 38
1 18 2
101 73
6 4 10
171 222 190 176 4 191 285 252 243 53
2 1 15
165 298 92 75 91 116 254 296 277 288 7 110 154 76 129
4 18 9
27 157 124 12 158 47 101 270 113
6 14 12
57 194 140 69 46 132 151 258 216 80 241 65
1 20 3
30 13 61
3 10 11
234 26 153 192 69 76 45 225 195 198 123
4 3 6
282 149 229 106 255 170
9 11 15
253 231 87 192 169 106 140 299 287 217 108 11 166 189 81
4 19 14
236 5 241 151 38 60 299 9 286 50 281 87 67 52
3 16 8
118 266 255 140 172 80 139 284
1 12 2
185 85
2 14 10
235 164 246 198 60 251 222 149 152 215
6 13 10
254 277 272 210 55 25 252 165 142 152
1 12 2
82 113
3 11 5
143 77 64 78 160
4 18 13
39 209 76 286 259 83 294 74 122 208 240 73 35
5 20 8
139 280 148 221 23 30 275 265
3 18 10
293 82 277 1 100 123 209 51 252 24
2 2 5
291 279 81 166 258
2 14 5
162 235 92 144 45
2 6 3
293 258 192
7 7 13
191 101 158 246 197 84 66 157 9 93 244 50 206
3 13 7
261 2 79 273 83 194 58
4 1 7
70 167 216 273 7 281 142
1 13 15
274 279 168 36 148 161 31 264 38 145 126 295 147 282 211
1 20 3
142 74 155
1 3 2
109 274
1 18 6
113 149 40 64 47 243
3 9 6
7 127 248 254 121 238
6 12 15
131 43 266 29 141 73 240 28 287 10 277 119 7 121 90
1 4 2
43 253
6 4 15
110 58 283 101 160 218 25 175 63 229 285 27 67 74 92
1 11 14
54 86 162 38 197 201 268 78 69 186 80 199 118 7
3 17 11
46 26 18 159 220 105 157 285 92 83 199
3 3 10
20 250 251 72 6 270 199 280 245 252
1 1 9
236 211 174 237 166 277 29 27 177
4 2 15
141 65 208 259 280 168 110 273 97 49 269 69 18 26 171
1 16 6
67 206 28 163 49 164
4 9 7
162 174 39 262 84 26 290
8 5 12
146 293 219 140 226 106 174 36 95 170 133 13
3 11 11
25 115 102 135 100 80 209 187 48 3 171
3 9 13
231 156 191 270 240 285 169 127 176 89 103 129 100
1 8 10
250 42 137 7 231 200 193 120 39 196
5 18 10
293 224 63 164 178 236 116 254 119 94
1 13 13
243 49 146 77 288 267 87 229 45 48 64 15 293
3 6 7
29 159 226 276 151 298 98
1 18 14
244 100 6 106 254 246 276 99 274 192 120 83 232 161
5 19 8
102 156 251 239 100 30 189 186
3 11 12
79 279 172 91 232 16 31 168 289 83 247 127
1 1 4
247 82 102 286
1 11 3
91 149 203
7 4 12
202 28 2 204 295 269 37 29 254 272 237 127
4 1 6
266 285 78 0 224 133
1 9 7
191 168 231 188 38 16 258
5 7 15
158 107 77 133 23 290 48 46 33 201 230 240 65 88 34
5 11 9
93 271 275 99 241 218 262 220 276
1 16 4
67 146 74 102
2 13 15
134 156 299 108 86 163 240 52 154 132 175 181 27 170 67
7 5 11
299 277 145 139 189 16 233 236 248 280 76
3 18 6
298 273 242 241 129 31
1 16 6
197 131 107 0 273 19
1 11 10
245 45 117 275 119 190 227 39 113 270
5 8 14
152 146 208 90 138 154 20 50 225 249 132 149 264 71
7 6 11
230 65 223 152 158 243 95 115 281 141 119
2 18 5
297 160 72 278 176
3 8 7
157 260 298 70 228 212 86
1 15 14
76 151 21 203 124 115 196 28 275 63 267 3 122 171
10 4 15
265 232 1 284 153 8 26 189 244 196 42 288 269 65 29
3 17 12
222 35 159 228 87 5 157 298 147 254 20 117
2 19 3
115 232 290
3 19 10
5 259 32 37 266 293 160 141 104 145
3 3 5
228 261 105 166 98
1 7 14
208 99 253 70 50 234 184 149 40 298 183 198 260 16
3 18 14
124 182 282 121 259 80 161 125 230 19 118 123 37 184
8 10 12
247 232 169 187 254 3 269 145 261 129 40 239
1 5 5
277 21 55 111 167
2 6 6
269 89 228 163 95 101
3 10 5
6 69 23 116 158
2 12 3
239 78 56
1 13 3
279 8 268
3 14 12
297 132 2 146 248 223 220 149 288 202 95 134
5 6 15
38 152 156 286 4 167 160 116 276 225 236 253 184 161 195
2 11 9
212 85 160 255 128 171 184 180 295
1 3 3
259 123 249
6 8 10
152 116 104 51 186 36 52 108 188 279
4 7 10
12 0 60 117 239 169 247 208 59 147
4 18 13
36 70 16 117 79 279 99 284 163 82 102 242 255
6 3 13
219 269 224 82 172 297 12 193 131 206 227 15 108
6 8 15
42 204 171 115 14 279 114 207 250 87 271 224 90 122 129
2 12 4
213 110 123 191
1 1 2
191 181
1 1 14
54 299 104 76 241 166 225 135 155 18 66 120 10 59
4 11 10
107 7 30 38 184 1 45 109 243 214
4 11 8
200 262 46 213 156 21 175 41
2 3 4
185 225 86 181
10 19 15
74 43 75 16 148 17 202 104 86 212 294 110 145 14 167
4 18 14
65 199 296 239 188 193 77 146 93 182 88 212 94 62
1 15 8
26 173 150 274 209 200 192 64
1 16 2
267 17
2 9 11
221 124 86 298 90 130 120 93 139 64 111
1 6 6
77 205 43 207 153 193
2 5 14
137 170 235 211 202 197 249 175 221 179 9 145 47 132
7 15 13
164 279 53 288 96 183 287 133 239 123 36 76 173
1 12 15
9 224 28 203 297 284 179 158 279 296 122 177 144 185 298
1 9 4
80 170 2 145
8 6 12
28 76 40 257 133 277 149 166 241 287 113 32
2 3 4
276 54 138 290
2 1 14
114 192 289 6 290 117 26 38 82 182 210 271 83 56
1 7 9
30 55 100 272 276 99 156 203 180
5 8 8
164 249 172 282 61 122 110 156
1 14 4
252 172 91 197
2 4 3
103 186 148
1 13 2
288 149
1 17 14
222 82 261 245 298 78 102 107 127 243 233 72 253 22
8 5 12
264 266 170 160 162 171 240 209 255 139 248 101
2 7 3
26 55 139
1 6 12
4 70 85 254 269 241 152 33 89 69 81 55
1 17 2
207 23
4 5 13
209 81 15 85 94 107 55 230 150 255 185 74 265
6 19 12
172 148 181 118 203 162 182 92 141 256 299 279
3 17 15
232 289 188 76 24 286 18 71 74 284 272 293 156 3 54
4 15 10
245 9 180 142 39 64 113 288 296 96
5 11 9
13 86 33 18 61 199 274 97 176
2 1 5
244 169 117 248 109
3 6 6
210 32 71 101 178 35
5 18 11
267 260 110 65 293 253 116 22 114 212 197
5 18 13
295 206 33 7 256 235 291 59 69 207 70 181 123
3 6 9
192 298 79 261 58 139 82 48 91
1 8 8
36 164 179 216 29 160 79 46
1 12 8
239 149 103 85 72 5 44 91
2 18 7
17 96 293 5 98 286 28
4 8 8
208 66 127 42 82 59 142 18
1 9 9
120 0 14 226 220 9 85 274 164
1 10 10
191 43 173 124 182 147 23 38 234 187
4 17 8
8 274 211 3 22 138 186 25
2 3 10
293 222 264 261 239 125 268 144 70 198
4 10 10
149 116 68 8 95 224 183 128 32 278
8 12 13
92 91 89 233 135 271 6 221 199 26 28 142 298
1 1 3
185 294 207
3 3 11
266 90 41 2 54 218 89 50 78 135 104
6 1 14
216 181 23 214 231 0 46 94 79 102 19 50 227 170
10 3 15
180 265 151 114 276 290 24 113 206 237 127 170 120 182 81
1 4 2
65 189
7 6 11
135 241 120 89 288 272 185 138 19 292 192
1 12 11
86 188 170 216 18 126 71 136 288 63 159
5 10 9
213 57 171 93 244 15 106 123 115
7 4 15
150 48 43 257 249 32 154 235 245 40 182 195 27 274 30
2 6 11
153 96 62 270 267 198 262 231 136 220 221
1 13 5
77 73 65 274 9
5 17 10
6 162 72 94 91 234 105 111 79 35
4 11 7
149 151 79 75 106 130 276
2 11 9
115 59 201 131 276 9 149 151 271
2 8 5
21 242 191 113 272
4 13 7
203 238 77 2 182 62 271
1 3 2
250 126
1 14 3
197 258 272
1 19 2
233 45
2 6 5
248 64 257 118 66
2 11 3
202 80 9
2 2 12
244 186 157 297 237 295 8 15 71 75 175 100
1 5 2
36 96
1 14 9
229 30 186 36 112 246 282 247 108
1 5 2
155 68
1 16 3
266 271 293
2 9 3
177 56 111
6 3 13
275 295 222 5 171 80 253 131 47 29 149 180 108
2 10 10
238 209 8 116 229 243 141 260 221 185
1 10 2
157 130
3 2 5
240 3 153 199 160
2 14 4
284 257 143 17
2 11 11
66 75 262 10 271 108 0 284 234 235 237
10 15 15
138 218 32 108 185 285 11 29 272 164 31 85 246 225 153
8 17 14
92 287 4 142 299 191 230 243 279 27 105 261 122 253
2 4 6
23 190 26 236 74 71
2 4 14
254 200 250 244 132 119 274 63 74 262 210 192 293 114
2 14 6
133 112 258 143 210 190
6 5 10
70 138 139 55 157 179 209 113 27 63
4 15 11
108 23 209 294 234 232 32 150 269 76 207
1 10 6
17 185 222 235 164 29
7 18 13
9 162 184 284 227 105 93 114 153 129 31 206 181
2 15 10
166 234 39 245 57 159 118 177 25 89
1 5 2
90 150
4 14 9
40 144 183 18 83 15 106 141 230
1 12 6
115 121 261 277 63 270
1 11 13
236 289 74 283 27 158 278 203 228 110 181 154 117
10 12 15
128 72 95 230 97 279 178 209 106 155 138 8 185 81 166
1 7 5
118 227 117 67 38
2 2 14
180 1 27 187 251 249 177 194 17 102 206 212 199 40
4 14 9
251 154 24 29 11 284 55 227 175
2 7 14
229 53 38 179 292 240 243 202 65 117 159 257 32 122
2 20 9
160 171 292 22 156 179 162 105 164
2 6 3
261 136 257
1 2 7
106 95 166 130 29 6 206
1 19 7
225 164 178 292 224 4 119
2 12 13
274 146 118 163 147 154 124 35 177 99 67 73 96
2 9 4
29 249 51 232
1 18 7
69 6 157 101 217 228 243
4 11 15
278 74 107 44 163 99 267 140 211 228 39 68 12 118 235
7 2 11
38 208 132 75 260 135 65 246 103 279 23
3 4 14
279 181 286 245 252 200 250 47 212 268 276 7 260 97
1 6 14
94 223 141 150 221 74 232 219 13 262 172 216 56 261
1 1 4
86 170 272 84
1 11 12
42 250 163 272 84 109 117 74 221 259 206 47
2 1 6
24 130 30 167 188 132
2 10 8
39 264 170 78 200 22 97 109
3 5 8
224 16 147 246 282 274 7 213
4 1 7
3 155 237 193 181 299 208
4 12 11
145 164 135 52 170 133 70 95 114 167 176
1 11 8
52 59 216 68 112 122 78 13
3 6 9
38 8 261 294 73 140 245 271 195
1 6 9
33 119 196 174 169 201 161 122 1
3 1 10
38 153 60 66 273 257 39 28 151 77
5 13 10
149 192 162 202 296 119 203 233 244 223
3 8 10
83 41 169 113 132 258 6 22 283 197
1 1 5
7 10 16 294 210
2 15 13
123 182 193 5 133 267 183 170 59 63 206 72 150
2 10 4
153 176 189 240
4 14 10
128 129 295 13 8 119 72 275 51 231
2 11 4
32 18 105 285
2 9 12
87 285 105 131 251 204 196 142 299 130 260 216
4 4 10
12 5 2 33 11 67 39 133 294 155
10 13 15
281 71 134 72 234 3 0 29 74 292 263 174 62 272 137
2 19 6
251 35 261 63 50 8
5 7 11
132 70 86 50 246 5 184 284 81 278 234
6 5 9
232 195 57 90 197 193 279 91 180
4 18 12
195 36 247 137 16 255 231 4 220 238 2 271
3 2 6
22 112 274 203 141 152
3 3 12
170 253 10 280 14 163 197 92 5 267 219 195
2 10 6
242 239 43 65 37 113
1 4 4
18 295 97 102
3 14 6
254 73 22 268 56 287
1 11 4
144 226 94 112
3 20 12
268 138 59 14 4 211 185 223 218 163 101 35
6 6 15
11 71 242 215 260 19 270 200 120 198 253 286 0 259 173
1 14 2
17 158
7 13 13
140 68 52 7 220 235 91 273 253 129 206 160 56
5 19 14
116 183 19 189 25 153 7 154 113 132 78 84 1 57
4 19 7
1 0 4 132 87 259 287
3 8 6
58 17 191 104 281 14
3 8 5
298 116 34 270 36
4 10 9
26 205 118 143 39 5 248 154 139
3 16 5
179 36 71 236 218
2 18 8
245 231 26 193 226 274 90 33
6 3 11
255 293 173 203 61 115 3 39 201 93 136
4 17 10
192 115 293 212 197 5 44 140 193 42
1 20 14
73 62 160 165 3 169 51 295 205 282 280 248 112 266
3 3 14
108 74 37 199 246 10 14 21 290 117 93 97 96 119
4 11 8
203 234 207 125 66 173 39 251
4 13 12
196 151 157 219 145 8 181 7 206 81 161 158
1 15 2
185 208
3 17 7
110 32 194 188 9 134 27
5 6 14
227 74 91 177 275 19 293 240 144 113 284 134 124 0
3 3 12
10 123 286 135 202 99 12 267 22 218 284 18
1 16 2
32 173
1 4 14
134 233 23 36 175 84 116 136 163 60 102 284 16 159
5 7 15
88 131 72 247 246 258 227 74 208 16 157 15 244 232 113
3 4 13
77 41 261 79 72 82 115 244 177 111 142 26 71
2 5 15
136 148 200 43 5 233 198 292 115 175 152 106 164 65 253
8 9 14
203 82 265 130 240 192 296 241 30 129 51 198 86 227
3 13 13
192 242 205 154 187 199 135 165 125 121 40 37 206
6 15 9
27 152 235 206 172 217 218 44 259
4 6 6
226 117 194 118 176 16
7 10 11
157 197 97 248 223 151 184 29 269 45 225
5 11 8
228 67 169 161 63 90 19 116
3 15 14
180 71 223 143 228 2 87 101 255 65 295 154 296 265
3 1 15
112 46 229 143 91 193 273 267 66 263 152 178 219 257 286
2 5 5
15 208 104 69 243
8 14 13
250 295 163 18 271 124 151 233 242 176 272 108 89
5 3 12
56 220 88 90 143 160 192 248 244 109 43 57
1 4 10
235 274 188 239 78 262 241 13 201 195
2 12 4
246 252 206 296
2 3 3
119 84 204
1 6 2
127 143
6 3 15
231 166 67 11 276 281 221 49 195 142 47 104 0 227 270
2 16 4
34 58 158 221
1 6 8
82 11 134 112 70 5 133 226
5 10 13
15 270 236 206 1 266 251 56 285 157 227 230 43
2 11 15
62 299 30 21 159 52 176 190 95 48 77 277 73 256 224
8 15 13
134 175 64 102 206 140 277 252 294 152 104 186 19
2 12 7
192 139 85 7 223 208 261
4 9 12
235 139 236 11 112 241 283 88 8 120 42 20
1 20 9
32 52 36 264 232 290 234 74 230
1 17 2
162 67
1 5 7
182 23 95 204 172 147 84
2 12 3
222 212 227
1 11 4
20 276 225 182
2 13 4
152 91 59 281
2 3 3
292 37 121
5 18 15
266 65 160 210 120 203 22 138 2 77 292 290 151 97 14
1 12 14
227 45 211 35 126 249 260 66 261 281 199 135 253 287
1 7 3
79 15 128
1 15 3
238 131 173
2 13 6
83 189 142 182 28 215
5 18 8
297 92 268 284 293 136 217 185
1 1 3
49 247 175
2 5 3
13 246 272
8 4 12
211 119 27 8 208 262 209 33 289 270 179 168
1 13 4
7 124 87 5
2 12 14
39 113 103 161 134 200 26 177 117 224 275 2 239 43
1 18 5
254 89 32 36 244
2 3 6
123 205 277 3 230 276
8 11 12
138 100 152 28 252 57 181 98 153 158 275 278
5 8 8
241 294 150 151 229 299 156 89
1 20 2
185 74
1 5 6
146 68 74 109 8 275
1 4 2
289 229
4 18 10
137 40 90 41 291 13 214 73 250 257
4 17 10
124 167 276 252 36 296 176 164 227 297
1 6 2
159 137
7 14 13
245 272 54 73 137 98 292 119 107 162 53 16 15
1 15 5
78 121 204 99 64
2 15 4
153 197 146 159
3 6 15
53 291 252 70 133 206 253 172 288 265 30 259 11 180 131
5 14 13
137 259 262 255 73 189 58 285 187 91 35 45 49
4 15 9
18 144 261 292 97 190 191 96 177
2 13 4
292 161 70 232
7 1 11
104 281 101 32 16 235 89 85 218 123 61
8 15 12
196 122 3 283 19 276 93 193 109 117 235 84
5 11 15
25 26 69 293 81 213 4 282 56 177 35 19 256 92 245
1 13 14
209 76 152 135 170 151 278 71 285 13 105 11 244 138
4 12 6
69 185 35 34 209 268
3 9 10
49 178 289 97 239 175 53 268 177 235
1 6 2
209 32
2 2 5
89 149 139 179 157
4 7 8
158 214 196 30 109 132 274 32
7 2 12
11 217 63 296 218 61 86 29 272 69 157 206
1 3 5
119 138 132 97 114
1 15 9
257 239 115 13 189 50 31 192 95
3 13 10
184 283 216 100 107 126 75 198 117 27
2 3 7
32 79 167 245 117 15 299
1 15 2
115 12
1 3 4
33 188 80 254
6 1 14
10 34 125 116 217 41 86 5 218 122 40 191 157 206
3 5 5
63 202 110 59 23
2 3 6
95 271 227 178 65 263
1 11 15
127 30 159 123 34 259 214 99 110 165 208 278 86 209 229
1 1 8
254 262 188 116 89 85 296 129
2 12 14
222 262 242 116 250 146 69 120 184 16 77 228 237 278
1 13 7
123 159 22 37 56 15 7
3 11 7
101 83 238 286 269 288 72
2 6 5
3 52 129 61 221
1 5 4
270 161 5 169
7 19 12
220 237 142 149 28 129 154 284 67 162 229 116
3 10 8
172 9 150 142 16 54 220 49
1 6 2
75 61
1 14 3
140 158 210
8 11 12
220 174 30 199 25 149 208 63 166 92 169 197
5 7 9
258 297 81 139 209 124 3 20 189
7 5 13
103 4 234 25 283 172 214 131 141 48 123 130 3
1 16 5
95 85 200 17 125
1 17 6
175 43 8 135 160 12
4 16 8
220 117 284 162 68 218 101 200
1 20 2
148 74
2 10 15
3 132 227 30 291 254 256 213 153 259 124 49 84 219 55
4 16 10
148 240 20 50 100 254 172 109 184 194
4 11 9
13 136 51 6 190 11 48 165 202
2 13 4
157 109 1 247
2 2 3
170 245 194
9 19 14
294 168 229 200 225 293 296 255 94 121 209 108 194 117
5 6 12
131 40 241 186 246 125 104 236 251 109 299 173
1 18 4
99 256 109 90
7 1 14
184 99 235 97 199 56 206 142 151 205 31 168 125 17
2 7 3
164 86 43
3 19 11
284 277 214 181 187 283 275 257 95 19 7
9 12 14
155 19 251 36 224 34 194 246 81 279 195 160 52 163
1 18 5
69 192 281 155 170
3 11 10
262 150 143 291 124 239 136 115 193 224
2 19 6
221 235 213 118 232 136
1 12 7
113 131 169 254 29 232 208
1 10 7
176 284 278 46 106 227 213
1 1 2
75 33
1 10 14
7 274 97 92 2 134 223 179 57 229 66 147 122 113
9 3 14
118 124 174 197 217 233 161 110 18 141 158 298 61 297
1 9 9
247 112 98 170 22 104 36 287 201
3 6 11
102 59 241 139 171 42 123 287 159 121 148
3 14 15
84 72 294 21 267 237 19 292 198 61 291 140 234 86 288
4 11 12
182 39 293 231 165 27 109 122 149 134 299 220
5 2 8
12 261 21 197 191 185 52 286
2 5 8
111 267 8 226 16 19 155 161
2 8 4
206 138 82 90
4 18 6
21 123 269 10 9 161
1 1 15
227 146 135 64 149 98 2 290 56 28 180 31 90 185 170
7 19 13
200 256 29 5 151 94 3 21 223 55 165 292 225
4 1 10
174 192 231 224 86 110 4 212 164 138
1 15 12
125 28 96 228 251 65 240 57 259 49 79 183
1 2 5
122 42 20 79 220
1 20 10
180 198 259 165 233 172 168 149 16 156
6 2 10
229 277 31 221 20 15 109 252 154 128
3 14 6
206 259 149 143 87 287
2 12 7
232 189 80 217 121 29 81
3 4 8
84 96 153 230 152 168 91 28
8 15 12
237 248 137 42 104 167 261 256 2 244 187 145
2 1 12
163 229 20 263 194 200 171 212 213 147 141 272
1 8 5
161 283 195 98 144
1 12 9
58 57 197 35 99 38 155 235 30
1 5 4
150 1 222 275
5 7 10
1 42 269 114 274 266 66 173 178 159
3 9 8
249 102 275 243 97 77 181 247
6 19 13
63 209 40 39 287 105 85 239 38 27 103 94 92
8 6 13
54 110 1 259 133 19 118 63 218 202 37 28 172
2 16 6
256 192 235 231 290 127
2 8 9
235 163 99 63 72 88 62 103 231
6 2 9
116 127 228 264 150 53 285 158 144
1 6 3
16 140 235
1 18 2
31 272
2 14 6
216 5 87 199 7 155
2 12 6
288 296 250 118 156 33
1 2 4
64 187 8 170
3 10 7
84 15 63 48 117 50 209
1 1 9
164 194 262 182 281 203 270 48 176
1 13 9
1 230 8 5 164 280 99 281 221
1 18 4
216 158 120 71
5 5 8
60 29 287 233 61 73 225 141
8 10 15
36 109 194 62 136 272 201 142 158 105 23 285 53 63 246
2 8 13
157 297 49 79 172 131 132 224 202 98 237 51 207
4 3 6
267 208 206 179 90 144
2 17 11
104 38 189 284 273 130 97 9 268 175 220
1 11 2
278 104
2 4 4
29 176 278 8
2 20 4
283 40 65 271
1 16 5
266 87 232 238 137
2 5 4
79 204 17 113
2 11 7
216 55 270 83 28 225 277
4 8 8
178 16 108 98 284 214 147 279
4 12 15
98 215 257 35 55 5 299 49 87 205 202 19 103 40 166
3 17 6
54 273 98 179 43 167
1 4 4
242 221 76 149
4 9 6
153 209 187 145 21 166
3 16 13
298 28 87 56 199 153 144 59 84 200 47 53 24
1 7 7
206 151 89 40 142 3 286
2 12 6
179 66 59 187 81 248
1 5 2
196 10
6 16 13
274 275 226 201 23 217 268 3 48 186 120 135 228
2 2 14
83 254 292 6 277 241 238 145 263 205 40 264 159 7
3 12 13
255 199 1 38 78 12 191 49 170 151 47 22 283
5 12 10
136 140 166 150 207 185 158 100 268 61
3 20 12
177 106 72 59 232 175 70 1 30 263 207 12
3 19 5
287 277 91 27 223
3 9 7
78 204 153 26 178 19 128
3 12 6
85 293 137 218 207 105
2 5 5
239 97 36 137 106
2 10 4
47 219 160 183
4 4 10
9 75 137 201 231 282 218 6 95 224
1 2 7
272 265 21 152 127 44 93
1 1 5
1 62 286 177 58
k 20
