300 900 465
11 30 18 14 26 12 33 32 17 18 26 23 15 31 25 35 23 19 22 29 25 18 20 14 25 25 38 29 31 30 36 17 26 18 32 36 39 17 16 28 38 39 26 27 32 30 33 39 37 20 22 15 33 27 19 35 33 28 26 12 11 24 30 33 37 33 40 23 11 39 36 19 15 12 37 14 35 23 22 37 21 16 15 19 14 17 37 36 21 29 17 23 20 11 37 18 40 36 34 39 40 20 22 12 22 23 32 36 27 16 15 24 35 17 28 25 31 28 39 19 33 15 29 30 23 12 14 20 15 39 32 22 20 32 19 28 31 38 15 33 31 17 32 31 36 40 12 19 12 15 29 13 40 38 11 37 35 23 31 26 37 28 26 14 17 23 21 19 31 36 17 13 15 29 32 28 16 39 25 14 26 25 28 28 37 28 28 15 30 16 21 16 13 40 27 25 21 13 35 28 38 36 25 11 29 38 15 23 33 20 26 15 31 13 20 12 31 13 26 11 27 15 34 29 22 30 17 27 30 24 18 21 11 37 14 16 38 38 34 31 13 20 36 35 22 13 39 18 22 20 32 12 30 15 38 34 13 33 27 32 39 23 11 28 22 18 38 27 33 38 20 33 15 31 33 27 38 21 25 19 38 30 21 34 20 28 27 15 35 20 40 17 24 15 32 28 29 25 22 25
1 20 8 4 16 2 23 22 7 8 16 13 5 21 15 25 13 9 12 19 15 8 10 4 15 15 28 19 21 20 26 7 16 8 22 26 29 7 6 18 28 29 16 17 22 20 23 29 27 10 12 5 23 17 9 25 23 18 16 2 1 14 20 23 27 23 30 13 1 29 26 9 5 2 27 4 25 13 12 27 11 6 5 9 4 7 27 26 11 19 7 13 10 1 27 8 30 26 24 29 30 10 12 2 12 13 22 26 17 6 5 14 25 7 18 15 21 18 29 9 23 5 19 20 13 2 4 10 5 29 22 12 10 22 9 18 21 28 5 23 21 7 22 21 26 30 2 9 2 5 19 3 30 28 1 27 25 13 21 16 27 18 16 4 7 13 11 9 21 26 7 3 5 19 22 18 6 29 15 4 16 15 18 18 27 18 18 5 20 6 11 6 3 30 17 15 11 3 25 18 28 26 15 1 19 28 5 13 23 10 16 5 21 3 10 2 21 3 16 1 17 5 24 19 12 20 7 17 20 14 8 11 1 27 4 6 28 28 24 21 3 10 26 25 12 3 29 8 12 10 22 2 20 5 28 24 3 23 17 22 29 13 1 18 12 8 28 17 23 28 10 23 5 21 23 17 28 11 15 9 28 20 11 24 10 18 17 5 25 10 30 7 14 5 22 18 19 15 12 15
2 15 11
202 118 13 184 54 189 67 204 200 258 292
3 14 15
224 244 48 215 247 157 38 56 108 147 171 257 189 3 44
8 6 14
211 96 248 233 201 202 43 33 196 206 277 50 25 49
1 15 3
81 202 172
3 13 8
25 151 70 116 134 286 281 219
2 20 5
291 161 64 215 78
5 15 9
156 171 191 245 50 271 228 44 273
5 11 15
4 230 43 14 252 242 235 133 135 6 249 121 104 29 163
3 17 11
136 26 80 192 60 87 97 114 271 105 142
2 17 6
131 70 116 29 242 32
2 6 13
29 249 215 117 185 21 163 85 265 112 59 151 188
4 4 15
224 102 165 157 160 270 156 242 77 128 273 189 66 212 15
1 17 9
260 116 3 261 76 28 281 2 251
3 17 11
196 38 294 211 207 215 144 125 115 151 289
1 13 4
51 287 281 143
4 18 6
206 279 134 240 227 258
9 3 15
262 108 258 131 97 147 25 99 105 116 221 117 69 187 96
2 1 9
181 295 91 149 225 231 123 5 268
7 18 15
162 289 251 125 278 140 37 149 211 45 234 67 103 218 244
1 18 5
42 2 45 202 153
1 2 10
287 134 114 210 70 268 75 102 229 200
4 17 9
239 256 206 62 241 160 208 229 269
2 4 3
124 182 167
2 5 6
172 107 149 276 105 68
2 2 11
186 47 221 248 57 169 100 219 267 125 33
1 15 4
162 66 298 17
2 4 6
31 57 298 37 207 98
3 13 8
23 280 39 268 163 276 201 108
3 13 7
46 13 278 137 147 119 30
5 20 8
249 31 100 117 87 11 299 209
1 11 14
235 51 257 270 207 231 297 243 179 12 294 128 195 78
1 7 2
239 249
2 5 6
98 68 183 205 195 222
1 8 12
77 230 51 31 135 64 68 43 24 191 180 104
5 1 11
209 102 168 152 185 253 266 243 155 40 122
1 7 3
125 1 5
7 15 12
209 284 48 111 166 148 69 2 164 208 156 249
2 8 5
69 236 297 181 70
1 14 13
186 54 193 87 284 207 289 136 143 131 178 273 241
1 12 15
177 91 278 272 181 187 225 239 179 46 246 154 243 57 152
2 6 3
97 56 298
2 11 5
166 224 217 136 4
5 6 8
172 283 118 280 182 286 174 139
8 15 14
145 23 55 267 257 46 42 223 16 39 167 147 132 152
1 11 3
96 11 260
1 19 7
172 73 13 64 239 55 118
1 13 3
299 257 128
8 17 13
175 248 76 289 128 37 120 4 52 191 162 59 223
1 15 2
208 195
3 3 15
78 265 219 229 224 203 6 294 80 105 217 159 33 134 214
2 17 9
192 36 167 297 209 87 55 264 195
1 4 8
117 179 242 171 223 236 44 196
1 2 9
45 15 252 187 131 262 270 222 295
1 6 7
117 49 222 163 193 198 92
7 20 11
7 259 207 0 103 204 99 110 23 9 12
4 10 7
179 257 165 143 219 55 177
3 13 10
240 275 40 142 114 111 78 187 42 125
1 19 2
205 242
1 12 4
270 246 193 189
1 18 7
298 74 9 179 277 274 78
1 16 7
29 143 63 213 130 30 28
4 5 8
44 224 195 3 110 24 30 289
1 7 2
148 133
1 15 6
280 293 1 138 263 265
4 4 8
130 274 61 191 84 41 149 40
2 5 9
17 121 209 256 182 145 137 245 210
1 5 5
295 255 169 47 215
2 18 3
133 57 23
2 3 15
234 49 120 58 143 197 60 101 82 29 298 125 299 138 72
5 14 11
79 192 294 247 227 3 238 259 120 152 236
2 15 14
60 253 51 185 246 49 250 20 188 85 109 29 218 99
4 14 6
66 9 160 259 114 299
1 12 7
252 16 283 246 106 36 165
1 19 12
43 213 150 263 255 10 298 131 22 187 102 285
2 14 12
207 47 252 221 205 243 211 165 180 131 153 56
7 1 12
180 201 172 127 110 34 9 274 50 193 69 126
3 15 8
277 181 81 178 109 252 192 268
4 13 7
130 55 145 215 267 179 77
6 7 12
235 20 156 231 264 183 24 104 30 41 47 246
3 1 5
98 266 115 69 285
1 20 6
11 100 125 289 278 4
2 16 4
276 197 95 28
1 5 5
200 110 20 42 114
1 16 3
159 215 169
2 6 4
139 68 165 17
2 10 8
84 35 72 157 99 261 44 131
4 12 10
253 222 234 120 35 223 270 149 163 151
4 9 10
89 292 20 8 208 176 112 132 235 280
4 14 15
58 270 198 14 214 238 65 66 175 97 91 190 288 75 112
3 2 6
157 286 263 213 171 189
5 20 14
172 87 252 203 271 260 196 170 144 67 297 181 31 13
6 5 11
268 242 30 252 208 77 153 173 177 190 15
2 16 4
78 62 249 230
5 10 11
127 144 146 255 106 82 108 30 297 24 169
2 16 9
280 188 245 3 247 250 294 29 24
8 14 14
99 251 217 275 243 229 292 263 48 274 149 20 47 168
3 12 8
131 260 10 224 148 5 288 234
3 8 8
138 235 255 294 101 268 262 76
2 17 9
203 286 243 220 31 221 12 115 98
1 2 12
101 180 252 282 125 211 107 40 53 123 278 159
1 16 9
130 293 40 251 168 52 109 120 220
3 1 9
232 90 72 189 185 194 236 49 225
1 14 3
289 121 218
3 16 6
278 106 191 131 138 159
1 15 4
236 108 144 245
2 2 5
198 292 197 38 81
2 16 7
103 144 156 200 128 151 38
3 17 12
156 113 61 197 84 65 27 228 269 104 254 226
1 5 2
170 200
1 18 4
186 233 146 276
3 11 5
192 148 97 30 29
3 4 10
167 122 246 211 26 100 248 291 78 269
5 12 11
152 223 269 270 97 205 69 1 2 166 94
3 17 5
250 78 234 88 147
5 6 10
75 10 283 279 65 286 224 176 171 232
1 10 5
163 246 130 33 60
8 3 14
171 233 116 97 104 170 136 152 15 107 277 284 31 110
4 5 9
242 132 152 252 138 218 299 99 221
1 17 4
52 213 211 71
10 14 15
60 181 220 9 169 142 266 272 120 241 188 286 184 213 92
1 16 14
56 79 180 246 41 64 192 67 90 122 108 205 97 40
1 18 2
25 235
4 19 13
277 279 67 256 200 166 64 181 262 114 116 163 165
1 9 15
257 127 180 261 253 37 57 36 29 158 45 185 122 251 156
1 20 2
25 111
6 11 10
136 107 113 285 276 197 25 119 179 23
3 14 8
72 233 175 41 264 293 239 234
2 3 3
39 127 104
4 8 10
108 37 59 84 197 229 212 44 42 184
8 3 13
133 286 9 183 166 208 24 25 269 8 10 213 143
3 5 5
65 123 142 184 92
3 12 10
262 279 73 26 110 55 0 45 291 102
3 20 5
195 274 29 210 214
3 18 13
59 231 71 190 15 269 260 105 228 178 292 295 286
3 13 5
11 82 127 178 102
5 9 12
207 270 132 92 261 83 283 200 98 60 241 91
2 6 9
42 198 17 223 11 256 70 259 241
8 15 14
210 68 12 140 118 98 72 130 242 124 250 295 236 155
4 12 11
212 236 146 62 233 286 93 230 285 85 225
2 20 9
61 32 230 255 233 172 22 168 250
1 19 6
83 111 57 211 113 93
8 10 13
286 32 252 131 251 293 169 189 41 19 130 179 39
8 17 14
85 217 97 39 168 79 215 208 270 260 221 87 106 192
2 20 6
39 277 263 119 31 204
1 4 2
219 106
1 16 11
267 221 287 160 269 178 215 255 100 184 144
3 9 5
36 67 271 197 283
1 4 13
185 4 3 214 213 200 56 290 176 94 145 110 242
1 14 5
75 154 190 109 183
5 17 12
164 72 155 129 178 7 284 245 148 78 69 274
3 15 13
286 31 202 5 192 290 211 285 49 70 42 30 239
1 6 12
53 21 2 122 243 162 223 106 24 109 31 147
1 17 3
269 291 270
3 11 11
242 172 13 252 0 234 270 244 288 77 185
3 17 7
80 63 151 134 260 87 171
3 16 10
155 143 175 63 18 236 144 47 259 160
3 3 5
89 277 187 159 180
1 19 5
79 36 73 174 195
3 8 5
293 26 152 126 141
1 3 4
47 229 94 183
1 5 7
250 236 136 74 109 226 184
5 5 15
267 6 180 254 61 0 291 276 251 32 118 228 136 177 115
1 14 2
67 152
1 5 8
175 23 43 97 219 33 261 40
1 12 4
0 12 35 93
2 1 9
291 61 285 16 226 18 3 118 258
2 13 5
55 32 227 268 216
7 7 11
259 193 169 80 240 17 162 101 38 203 226
1 2 5
117 48 121 260 67
9 8 14
159 151 4 128 22 120 184 47 263 9 11 235 92 118
1 18 2
199 165
3 19 5
288 287 199 78 298
2 17 5
72 170 44 54 108
1 10 4
164 269 69 76
1 11 2
35 60
1 11 2
245 101
7 8 12
156 225 234 141 164 182 215 78 133 122 224 41
2 9 4
297 21 191 40
2 2 3
173 270 20
1 11 12
124 43 115 45 138 135 215 26 98 226 171 235
2 8 10
78 265 25 254 215 51 162 84 146 110
5 3 8
96 267 148 107 114 143 224 106
2 10 10
111 9 192 168 104 88 142 230 77 177
8 17 15
125 209 71 120 75 155 250 210 127 92 241 193 262 230 22
4 2 9
278 134 95 83 149 143 178 65 159
1 18 2
68 222
5 2 12
156 35 260 184 115 296 0 32 59 63 107 116
6 8 9
60 289 35 30 62 42 189 41 37
1 18 4
131 248 276 83
4 18 8
251 41 165 299 287 39 204 233
7 13 13
162 94 176 276 109 236 132 59 25 63 231 157 197
3 11 9
123 46 61 6 17 85 113 12 95
1 11 4
57 114 297 247
3 2 10
24 20 224 204 93 268 226 36 58 216
6 10 14
203 284 292 233 40 33 136 48 200 288 0 158 95 183
7 2 14
227 228 242 94 192 213 285 59 126 24 114 95 238 195
7 20 11
111 84 123 297 79 21 87 258 272 118 284
9 3 15
80 285 207 253 163 120 76 205 88 129 48 173 21 116 178
4 16 7
130 67 123 39 199 103 191
6 9 14
272 227 145 88 289 52 97 116 201 89 223 63 103 7
7 3 12
250 220 70 24 278 107 77 33 113 138 235 189
5 15 13
179 237 296 153 69 284 272 114 24 54 213 278 227
2 9 3
100 272 188
4 13 6
108 56 163 285 282 149
5 10 10
294 291 20 276 91 277 81 61 253 70
5 1 12
201 192 0 188 122 258 106 196 44 262 246 238
4 13 6
167 80 144 86 100 208
2 4 4
157 289 176 33
4 4 15
22 139 278 14 230 124 119 12 259 171 170 206 36 181 237
1 7 8
227 245 37 16 265 212 102 67
5 5 9
63 172 269 66 86 285 175 266 187
2 16 6
94 43 274 114 68 12
4 2 8
105 1 275 198 241 224 244 138
1 12 5
14 113 134 284 59
8 9 12
229 40 62 219 194 148 249 236 213 53 100 277
3 19 10
201 155 175 228 182 235 95 275 124 16
2 20 4
19 28 37 89
1 10 2
279 56
1 4 5
235 188 49 126 18
2 3 14
296 127 217 287 102 283 109 138 111 254 54 154 10 5
3 4 7
66 201 136 272 120 181 184
1 1 4
219 141 227 23
1 1 7
288 178 295 189 225 100 9
4 17 7
114 30 178 179 111 269 21
1 17 4
95 90 44 268
1 20 11
0 40 108 157 282 82 234 38 36 236 130
3 13 6
201 171 218 172 57 193
4 14 11
223 157 229 246 86 298 13 63 58 125 273
2 1 9
64 32 286 66 104 97 77 202 108
3 4 9
158 238 69 14 228 190 96 226 39
2 12 3
32 204 166
8 10 13
193 110 15 252 85 102 157 261 3 168 51 164 177
1 4 2
98 154
2 13 4
126 267 115 194
3 10 7
20 191 198 256 130 125 260
7 20 11
259 202 217 160 157 145 195 192 167 27 209
1 20 7
278 89 3 289 209 288 163
3 17 5
101 297 52 65 166
2 6 8
289 294 19 181 85 247 28 236
1 14 5
23 163 74 166 85
4 13 13
212 73 114 27 3 76 248 251 177 290 111 84 213
6 12 11
46 30 241 269 223 172 140 280 180 222 150
8 14 13
2 60 236 261 259 225 81 284 266 233 31 16 56
1 13 2
253 181
1 6 9
177 172 118 57 197 36 265 80 236
1 18 2
95 12
1 3 9
267 137 259 214 39 178 50 117 7
1 10 14
17 40 281 211 155 280 18 225 156 106 13 11 275 2
2 8 6
240 133 10 135 235 264
2 2 9
14 199 35 31 253 51 50 298 215
7 19 14
113 168 121 106 162 4 21 150 223 207 217 273 83 89
1 2 2
207 129
2 4 4
242 248 129 26
2 1 14
194 19 278 257 60 124 256 297 195 285 91 24 90 254
2 8 5
143 176 276 168 262
3 2 11
287 47 100 71 101 264 19 36 84 229 129
4 15 6
234 165 239 125 24 216
3 1 9
163 28 29 23 54 73 175 87 232
6 4 10
276 181 219 110 39 279 119 22 201 74
6 20 10
187 15 206 115 154 34 286 83 70 222
2 6 6
131 291 273 220 108 167
1 12 2
245 167
6 5 15
15 293 59 241 235 153 263 36 292 17 80 87 5 161 251
4 4 6
242 36 4 17 197 211
2 15 11
121 242 93 97 169 256 102 209 236 139 157
6 6 14
246 40 258 128 74 158 20 287 270 208 75 228 212 207
8 15 13
183 287 38 72 34 298 19 11 259 92 223 176 25
3 18 5
239 203 87 246 240
6 16 9
244 30 26 25 233 68 238 251 162
2 14 9
220 154 38 23 246 145 63 93 115
1 18 4
47 199 105 273
8 8 14
58 43 243 104 189 86 282 137 260 103 16 275 146 297
1 4 4
93 248 295 107
3 11 12
17 49 62 98 144 110 245 291 232 282 121 253
7 6 15
48 272 58 170 1 228 264 267 189 171 299 42 64 120 41
2 13 5
178 288 162 260 9
9 2 15
273 198 150 163 228 248 180 94 36 107 86 252 216 80 244
3 4 6
204 279 0 11 159 116
1 20 2
27 178
1 16 2
31 176
1 18 3
98 74 189
2 1 12
202 173 62 162 166 75 21 91 50 293 3 65
5 10 15
13 52 141 130 35 103 226 216 62 73 138 101 291 0 227
3 5 8
263 55 46 47 64 152 203 87
3 19 5
210 222 144 231 145
1 4 8
146 116 230 259 44 264 211 261
7 1 14
64 156 278 159 11 94 218 277 205 198 58 276 241 207
5 1 11
40 194 68 21 237 191 188 258 278 273 222
2 1 5
27 5 115 242 67
3 13 6
134 69 49 94 218 139
1 12 13
264 149 265 165 97 112 30 85 110 86 72 21 183
3 6 6
7 76 126 105 63 199
5 14 10
148 240 117 176 266 192 66 101 97 169
1 4 10
169 188 32 127 266 135 0 220 132 111
7 15 11
0 242 228 99 158 63 259 41 162 289 233
2 20 11
90 219 166 146 131 260 252 118 208 61 294
7 17 12
34 161 5 295 122 158 293 214 87 257 177 29
6 3 10
256 277 281 284 9 193 164 255 39 187
1 10 3
122 217 239
2 14 6
260 201 18 22 41 83
1 15 12
15 38 227 250 131 186 137 95 294 60 231 73
1 2 4
37 219 132 28
4 4 8
143 209 125 127 202 5 91 174
4 6 12
232 64 240 201 227 12 111 9 150 136 140 6
5 1 10
71 53 252 30 257 281 212 230 128 244
3 12 5
177 281 39 146 90
2 18 7
119 278 238 171 212 131 296
6 6 9
65 107 282 61 11 146 287 158 77
6 6 13
52 274 96 272 201 261 194 131 245 156 268 251 19
1 10 6
281 37 61 138 162 170
7 10 12
2 52 63 73 241 38 61 106 265 136 272 9
5 1 9
242 265 252 123 181 93 295 141 160
3 12 10
38 144 201 283 149 95 66 154 46 282
3 2 15
216 277 292 175 16 189 293 190 119 253 299 60 229 186 126
2 20 7
227 161 158 239 55 298 4
2 16 9
15 106 40 236 262 26 21 254 135
5 8 15
266 183 299 37 50 15 112 199 212 189 150 123 31 52 171
4 13 7
159 63 153 128 96 33 205
1 8 2
106 130
3 17 6
208 219 31 261 30 43
7 10 12
65 104 208 220 76 107 50 196 262 171 147 256
3 5 7
238 197 171 96 251 191 149
4 11 8
130 7 38 113 182 57 253 167
1 3 15
147 64 34 276 202 63 132 90 180 281 94 17 130 279 226
2 20 9
29 234 144 253 16 5 0 140 268
2 12 4
47 89 10 252
6 20 14
290 54 81 83 273 4 75 3 226 243 11 27 201 171
3 14 10
234 77 8 239 164 281 145 61 296 230
1 16 8
79 283 273 189 198 160 275 289
1 5 3
206 221 263
1 17 4
191 24 152 99
3 10 11
256 63 196 37 191 103 276 296 52 212 237
4 6 10
218 269 173 148 29 261 219 292 1 2
1 5 6
23 77 26 44 51 170
6 4 9
116 132 268 147 24 275 267 138 209
3 17 11
284 10 212 105 115 68 178 174 129 186 26
4 7 13
156 206 173 169 107 238 55 129 132 83 293 184 182
3 19 5
185 134 218 18 7
2 3 6
71 299 57 174 140 136
1 20 2
66 13
2 13 4
295 230 133 43
5 6 13
209 280 114 177 81 18 148 101 7 234 196 205 51
6 8 13
137 44 60 230 274 172 47 245 169 83 69 145 281
6 18 10
79 92 105 289 250 41 189 14 91 104
1 7 8
193 49 152 101 230 298 10 244
1 12 7
34 203 190 39 215 265 132
3 15 9
95 125 269 52 177 154 70 173 162
1 19 4
67 229 157 138
1 7 9
267 103 223 176 248 187 221 205 123
4 4 13
205 254 237 112 168 199 116 104 69 153 271 247 35
1 5 2
28 146
5 6 8
299 50 185 115 203 154 94 287
1 14 4
271 39 295 278
1 13 2
274 243
3 15 7
161 178 204 68 78 0 292
4 16 14
185 242 231 157 257 109 90 273 204 119 139 55 253 238
1 7 8
281 29 101 131 184 112 270 168
5 20 11
3 59 255 189 143 217 137 92 80 164 191
2 10 8
239 235 71 206 138 282 118 123
2 3 4
218 98 247 117
1 19 2
21 111
1 14 3
113 35 153
1 16 7
94 259 41 95 122 66 196
1 6 2
159 280
1 19 2
102 165
2 2 5
216 81 250 91 163
4 4 6
292 229 94 242 38 297
4 15 13
64 53 130 237 76 117 179 234 171 229 75 5 207
1 4 6
63 97 275 205 17 86
7 13 12
32 229 16 103 88 52 152 235 291 141 151 181
1 4 3
58 236 191
6 17 13
16 6 48 284 82 175 135 145 23 249 153 70 229
3 15 5
3 71 93 140 98
2 9 3
183 244 118
2 18 3
271 219 281
2 1 9
30 162 66 6 90 208 65 20 113
3 6 10
34 114 89 250 152 135 84 121 176 128
7 12 13
80 20 40 242 297 21 75 190 50 216 9 57 165
4 17 14
93 40 77 108 21 275 48 65 75 42 107 184 41 250
4 1 8
187 146 177 134 194 232 69 173
6 4 9
143 166 154 212 92 239 296 167 70
1 4 2
262 136
10 4 15
141 1 296 17 31 240 288 124 297 289 273 98 166 122 247
1 17 2
225 32
3 9 5
54 16 166 95 238
4 9 8
23 44 126 58 229 186 53 257
1 13 2
176 194
6 17 11
227 108 11 237 157 146 265 23 28 230 250
3 15 13
169 86 272 31 102 127 91 37 222 105 160 144 208
1 5 7
100 191 178 120 164 194 219
3 17 11
231 136 42 28 46 112 203 10 142 159 188
7 14 11
143 221 90 33 213 134 200 261 102 187 142
6 2 13
99 181 67 212 166 205 283 234 202 153 2 17 133
3 2 9
8 207 238 293 69 101 142 184 275
6 16 10
247 184 105 146 269 87 290 131 229 98
3 15 7
81 264 37 110 65 54 121
3 20 10
28 112 156 123 19 135 239 148 72 226
5 8 8
132 155 181 82 296 204 95 255
1 15 8
73 175 156 141 143 11 232 67
1 4 6
143 190 171 241 124 72
4 11 7
192 17 215 299 159 116 179
1 10 11
179 7 250 41 55 254 189 9 119 60 125
4 10 15
292 9 10 127 64 225 22 85 199 83 108 145 252 153 250
8 4 13
70 192 298 137 39 195 60 257 111 219 270 278 186
4 20 7
141 180 163 234 275 36 83
5 11 10
12 292 109 103 59 268 163 196 210 128
3 10 9
267 231 7 178 67 270 97 1 285
2 1 4
225 256 16 113
3 9 9
92 260 292 242 216 163 198 29 51
4 4 10
153 266 91 5 224 138 59 277 41 254
5 3 8
274 279 105 288 157 161 186 141
1 7 2
68 95
2 19 5
123 199 129 181 127
7 12 12
101 227 51 1 118 144 204 230 4 122 25 236
6 4 13
22 123 23 58 233 49 231 299 281 48 131 283 60
1 9 7
249 247 18 64 203 125 250
1 10 2
177 268
3 19 6
266 85 239 20 40 18
3 2 5
15 236 174 169 218
1 3 4
205 39 214 263
2 7 11
286 170 114 122 265 73 23 194 12 218 199
1 9 14
182 260 87 139 81 155 11 116 61 183 65 150 238 173
8 4 12
177 175 164 215 63 64 91 170 147 4 202 74
1 12 5
105 175 258 41 87
1 20 5
178 146 22 141 212
1 20 11
57 150 269 171 108 186 248 5 221 53 279
1 14 4
108 258 86 70
3 17 6
292 82 79 149 198 275
2 11 13
120 162 118 156 129 4 93 296 240 25 47 64 139
1 17 2
67 257
1 4 13
178 87 128 7 243 172 177 6 258 90 244 61 122
3 15 12
25 81 34 3 175 126 189 204 42 219 203 206
2 15 11
18 5 122 275 229 193 121 287 181 66 63
2 8 3
292 248 81
5 5 14
243 49 299 254 244 73 268 266 291 223 98 74 232 128
3 14 9
48 99 178 204 122 28 281 108 258
7 7 13
125 21 230 102 216 229 135 275 109 282 48 258 59
1 1 5
258 161 102 27 120
2 5 10
194 108 254 103 121 174 106 44 9 179
6 10 10
11 100 155 22 209 129 50 3 166 270
1 3 5
169 165 166 258 113
1 7 2
43 196
5 6 8
9 215 182 116 278 272 266 64
1 1 2
133 69
7 14 15
27 67 225 48 157 241 40 160 283 278 239 288 105 117 103
2 20 9
26 221 185 89 32 189 114 2 150
1 16 5
222 158 217 271 274
2 6 10
183 187 79 93 151 48 103 258 24 130
2 3 10
57 256 190 30 41 219 159 258 91 97
2 10 4
91 218 168 238
3 14 5
135 38 141 170 283
5 4 8
246 192 173 56 44 160 210 169
2 11 12
248 58 16 212 59 23 270 268 265 62 163 2
1 4 4
112 289 208 254
5 7 8
299 171 20 137 51 59 22 90
5 11 11
207 92 12 102 40 44 88 212 136 72 138
7 8 12
29 238 271 184 168 187 234 97 229 185 90 201
4 7 13
82 257 130 73 296 1 240 233 11 197 16 149 283
4 5 8
107 85 166 105 30 56 120 216
2 13 9
49 170 245 109 234 200 181 265 123
2 8 6
115 17 297 225 30 164
5 15 10
65 209 179 214 233 56 281 287 77 47
2 9 8
88 92 219 178 179 146 167 73
3 6 5
204 261 89 16 128
1 17 2
243 120
2 5 3
133 257 141
7 13 14
47 193 127 258 291 92 273 9 192 213 153 159 267 85
6 3 13
272 40 29 58 64 239 240 290 273 131 123 138 268
2 3 3
25 224 243
5 14 11
43 282 54 45 162 110 180 234 186 112 292
4 6 12
174 182 18 36 56 47 76 44 135 157 158 249
3 6 7
272 183 211 265 156 205 253
2 7 3
135 254 243
1 8 6
162 183 21 147 135 298
1 1 2
88 208
4 14 14
276 292 263 112 171 288 272 11 37 125 287 19 38 173
1 10 6
99 29 137 245 133 117
1 15 10
228 238 200 174 203 214 248 192 58 116
7 15 11
250 35 36 272 261 31 224 87 178 252 244
2 7 9
137 294 121 230 92 125 194 244 145
1 14 4
190 214 91 257
2 6 6
185 165 181 212 55 200
2 7 11
161 177 109 193 147 286 19 112 84 256 58
2 13 6
288 85 215 208 225 130
3 19 5
263 159 298 20 24
3 14 7
31 278 182 148 152 48 65
2 18 10
54 64 182 183 225 105 89 264 274 82
2 10 11
217 266 108 7 14 167 230 203 142 10 119
1 9 9
123 149 244 162 286 180 97 88 44
6 16 9
3 182 264 118 186 153 31 160 209
2 9 5
139 45 65 275 264
1 13 15
218 3 12 43 39 221 194 0 186 129 35 209 101 210 203
7 4 12
217 284 35 48 7 272 130 25 148 294 169 20
1 13 11
195 260 20 289 84 299 108 194 15 164 210
1 1 4
4 114 240 184
2 13 3
0 234 162
5 18 11
45 185 120 294 67 57 287 131 179 88 285
2 9 5
127 220 178 149 74
2 17 6
23 184 223 204 295 239
2 7 12
274 245 255 67 33 6 86 147 267 138 32 221
2 18 4
91 167 273 145
2 14 3
127 251 139
1 15 15
178 213 0 52 122 210 12 111 250 69 186 150 137 255 19
2 1 6
262 88 42 236 224 64
1 20 4
54 167 69 61
3 13 15
76 282 236 277 248 285 68 274 130 77 46 288 112 151 138
3 14 8
219 196 88 44 286 43 164 23
2 12 5
51 156 41 198 28
3 1 8
68 104 130 229 211 198 42 177
5 7 11
113 31 285 209 267 91 8 47 189 70 27
4 12 7
129 125 184 66 247 187 202
2 7 9
184 201 176 113 25 43 102 119 138
3 7 11
243 190 78 111 132 253 81 165 16 200 213
5 10 8
152 182 146 219 14 279 230 91
6 9 9
26 221 138 8 44 253 70 2 46
4 10 6
162 295 260 123 87 286
1 16 14
155 167 23 134 186 265 175 226 34 157 184 47 84 119
3 18 12
205 109 244 127 187 4 270 28 160 193 118 58
7 19 14
198 241 36 247 275 296 216 74 99 15 61 144 243 180
1 20 3
45 12 73
2 20 6
192 74 42 89 180 72
1 14 3
16 101 143
3 16 10
54 235 45 220 278 153 91 106 13 258
5 17 15
295 185 224 84 184 99 40 146 103 59 225 77 104 188 186
3 3 11
52 123 24 38 141 155 119 170 256 91 67
1 20 2
7 243
9 10 15
246 17 220 55 8 228 39 245 203 235 145 89 137 294 123
2 6 13
27 173 124 167 49 60 89 262 10 265 278 263 113
2 16 8
270 280 30 227 185 111 35 129
4 1 10
16 187 74 176 252 295 73 232 136 93
1 11 8
260 287 250 246 236 85 46 89
1 2 12
191 231 80 121 35 251 137 71 185 52 4 250
1 18 14
38 48 217 135 179 97 209 236 164 134 33 137 183 61
5 18 11
27 235 98 23 283 153 51 166 77 268 281
2 18 10
292 286 222 124 293 268 295 80 138 137
2 10 3
280 170 52
1 2 15
120 241 174 105 80 117 168 148 286 296 33 18 263 115 2
1 4 2
203 76
1 7 2
215 236
1 16 3
224 51 149
4 18 6
272 11 218 114 77 277
4 11 8
200 97 131 282 1 263 181 19
1 19 4
275 287 283 290
2 9 4
26 108 75 183
3 14 6
264 210 167 141 268 218
3 18 9
61 175 9 60 170 287 108 193 151
4 11 8
134 69 97 152 50 117 123 260
1 10 12
182 160 157 95 52 257 28 38 33 161 102 227
1 9 5
245 62 241 144 209
5 10 9
178 185 214 146 194 27 31 274 116
2 6 7
176 40 204 238 93 65 62
1 8 13
3 112 63 108 131 39 56 295 264 296 68 164 159
3 15 10
218 264 8 298 85 228 65 159 122 267
1 7 6
210 60 160 2 108 25
2 11 4
245 126 191 167
1 19 3
52 193 256
2 10 13
37 111 54 104 35 65 181 84 123 10 247 223 14
1 4 10
169 198 292 150 284 55 80 260 176 3
2 15 5
255 293 188 148 38
1 7 11
135 30 188 46 12 21 40 224 232 184 97
3 13 6
64 130 187 67 1 119
1 11 3
92 219 153
3 5 14
122 125 18 95 248 158 114 72 219 164 20 262 230 271
2 10 11
140 187 98 169 239 104 67 120 20 160 57
1 12 3
87 79 249
1 18 2
81 196
7 2 14
273 39 138 239 183 41 162 84 147 77 82 253 91 172
2 7 3
121 211 80
5 19 9
85 254 171 264 161 237 24 132 75
4 19 8
153 134 226 179 56 212 252 29
1 12 3
196 294 36
7 6 15
15 28 13 224 70 256 222 259 292 119 143 46 279 286 210
8 3 15
36 206 152 92 27 214 29 58 267 66 282 11 240 122 216
1 14 7
239 115 67 110 158 160 201
2 14 14
87 205 17 229 47 245 150 49 9 51 299 239 21 114
2 8 3
183 271 274
1 5 11
25 292 37 52 227 164 82 59 209 246 41
4 9 7
14 142 39 138 43 208 108
7 20 12
150 123 144 289 277 53 168 295 235 16 74 237
8 7 14
204 228 128 92 51 8 196 262 123 94 89 240 177 33
2 20 10
239 236 144 179 269 138 49 256 212 12
8 3 12
127 172 57 199 279 13 267 260 26 185 288 9
1 14 13
42 59 249 180 60 212 64 187 40 123 129 210 107
5 18 15
151 12 132 250 252 193 43 218 262 124 266 38 215 10 110
4 20 10
33 290 137 268 267 163 195 251 58 168
1 5 3
33 89 8
4 17 9
192 282 183 88 273 86 201 76 174
3 1 8
272 0 26 214 104 15 254 154
4 19 11
73 208 89 234 109 283 23 229 263 45 221
1 10 2
284 64
2 14 4
227 194 77 0
3 6 13
278 155 297 74 285 152 212 71 186 183 224 295 7
1 13 3
36 207 213
2 16 4
116 135 103 124
4 3 15
108 214 9 103 285 139 113 208 230 245 38 124 96 117 259
5 18 15
72 233 125 142 17 178 4 123 90 295 176 114 127 152 111
4 1 13
167 265 203 97 117 139 185 108 177 91 1 235 72
2 12 11
77 12 202 168 136 281 4 192 141 41 232
4 19 14
39 257 0 148 222 53 72 117 149 19 276 230 170 18
2 17 11
298 141 99 71 237 232 249 120 150 166 243
4 13 11
17 44 3 260 24 132 174 105 136 134 13
1 6 5
123 128 65 269 154
1 12 4
95 131 150 257
2 16 6
49 230 89 192 278 223
2 14 8
279 164 69 115 74 110 182 101
5 9 10
140 104 279 252 142 216 255 271 2 80
1 14 4
222 42 286 255
5 8 13
118 181 100 62 257 255 217 25 103 278 119 249 129
2 2 9
242 83 132 82 64 249 196 212 5
4 2 10
71 289 261 176 271 122 269 75 240 298
6 19 12
67 98 152 219 16 55 32 113 6 202 77 251
1 16 7
213 53 140 216 297 109 65
2 4 6
53 5 18 55 204 119
2 9 4
207 19 229 274
1 19 12
130 235 289 66 164 104 56 166 189 72 264 225
2 11 6
282 278 202 8 112 255
2 6 5
241 178 209 176 256
2 14 6
68 295 185 7 123 198
1 15 10
297 16 36 237 45 10 97 74 282 215
2 16 4
191 4 35 130
3 8 7
43 78 127 195 14 234 89
3 16 11
252 287 123 152 228 172 219 271 267 212 71
5 14 14
141 105 286 126 36 292 64 137 222 0 213 159 188 83
1 5 2
191 170
2 6 4
135 295 192 127
1 2 4
13 206 283 160
2 19 3
88 58 67
2 15 5
262 198 72 281 233
1 20 2
20 288
5 12 9
162 38 11 169 12 30 16 171 97
4 9 7
176 245 63 51 126 139 142
1 14 2
20 60
1 20 4
164 3 205 215
2 14 9
199 58 277 25 200 43 232 80 211
6 14 9
40 89 41 61 5 245 63 247 24
2 7 3
217 245 141
5 10 8
37 185 109 100 251 234 74 237
1 14 6
189 180 281 36 27 216
1 4 7
44 83 285 298 270 18 228
6 19 9
100 121 248 174 148 96 268 7 119
7 11 11
176 43 299 117 286 222 51 223 211 180 150
4 16 12
260 251 41 23 65 19 89 239 276 143 223 47
4 14 10
54 64 65 249 42 6 271 91 222 68
2 18 9
137 22 74 145 223 182 152 60 139
6 20 10
41 81 63 252 116 160 236 230 259 153
2 18 3
258 136 141
4 6 8
262 257 13 202 276 63 136 132
4 19 7
17 117 40 33 62 115 245
2 15 5
99 76 121 129 45
1 7 5
44 191 139 130 90
3 5 7
131 43 124 17 242 63 235
1 18 6
107 87 94 158 67 127
6 8 10
233 198 121 13 87 18 243 278 176 180
5 20 13
185 263 277 152 96 131 30 133 40 219 12 132 168
1 1 2
250 25
1 20 3
81 214 239
1 7 8
178 75 152 11 204 207 232 27
1 9 4
257 201 297 299
2 1 13
166 10 271 9 151 154 250 287 114 21 262 254 259
1 17 5
253 171 155 184 5
1 17 13
213 199 226 255 138 149 216 224 146 186 65 240 68
2 10 4
198 223 228 171
3 19 7
207 280 224 138 121 228 115
5 19 14
176 248 191 123 132 118 291 92 34 225 267 122 288 264
6 9 13
292 297 223 2 23 260 92 195 108 257 33 109 51
3 17 11
99 151 12 123 7 85 245 176 94 226 116
1 19 9
230 112 263 264 221 197 298 63 117
2 1 5
204 126 224 194 243
1 2 7
62 67 145 50 298 235 277
1 12 8
132 126 44 177 30 280 32 233
4 2 7
132 151 45 232 120 86 76
3 13 5
241 185 128 197 115
7 1 11
277 99 260 35 204 281 189 20 88 270 127
2 15 9
156 16 35 281 243 45 270 246 268
9 10 15
120 73 284 295 62 179 31 86 48 8 23 143 110 75 265
3 8 5
204 90 190 17 39
3 14 14
89 194 262 196 155 65 186 283 169 64 119 181 115 124
1 16 3
194 40 236
4 12 8
82 165 250 155 61 238 166 278
3 15 10
46 177 251 80 266 188 246 102 26 123
3 16 7
197 236 263 58 282 3 193
3 9 11
298 142 93 241 288 281 248 167 121 294 94
3 2 9
147 90 161 232 2 75 95 82 225
1 16 6
283 60 286 229 234 257
3 11 11
236 228 22 256 265 136 261 140 2 82 225
3 16 8
179 196 217 170 150 51 136 155
5 11 10
203 163 227 69 284 93 61 80 11 133
3 17 13
284 276 32 99 266 177 127 101 31 28 138 262 19
4 11 13
14 216 113 51 121 298 6 94 203 214 202 127 257
1 10 3
188 154 52
10 10 15
168 170 238 192 240 286 107 117 65 206 201 35 101 5 227
2 14 6
191 158 64 57 27 101
2 10 3
172 2 263
2 13 6
80 51 161 249 253 238
1 13 3
288 120 262
2 1 13
156 215 204 96 141 241 10 140 158 113 278 105 12
1 11 2
273 26
2 20 10
1 14 46 106 170 154 113 207 164 291
3 17 12
278 221 107 38 81 196 123 181 127 189 47 219
1 7 4
170 131 7 265
3 14 11
172 169 289 37 246 256 254 57 265 170 40
1 11 8
74 260 158 117 267 143 33 120
1 8 7
87 194 23 237 283 99 254
6 18 10
39 219 289 141 16 19 62 286 20 249
8 13 13
271 279 187 240 143 285 82 251 253 135 104 110 294
3 14 11
14 111 26 72 110 288 271 47 24 136 161
10 4 15
190 38 177 80 162 62 103 46 90 201 53 171 106 146 228
2 11 5
19 153 186 130 220
2 15 12
62 242 14 140 145 200 165 285 68 280 183 148
1 15 3
16 163 94
2 5 15
212 132 239 110 171 85 77 27 84 5 207 41 136 262 79
4 14 14
96 135 42 60 73 212 201 74 141 27 94 1 62 276
4 3 7
111 163 10 107 244 67 238
6 6 13
71 267 104 296 91 285 261 250 31 130 105 193 53
3 12 11
243 284 237 30 87 180 120 12 258 173 143
8 14 15
74 191 224 96 175 212 216 148 214 174 53 77 22 230 149
3 1 8
61 48 210 205 132 124 173 179
6 8 11
241 117 94 151 299 47 177 238 45 235 116
6 16 9
266 157 210 246 171 0 196 177 128
1 1 4
16 152 25 257
2 1 4
179 115 59 70
2 16 10
199 17 31 163 58 84 166 74 157 129
6 12 12
207 80 284 131 101 24 122 196 82 242 182 81
1 8 5
134 290 130 185 17
2 9 9
32 217 294 37 7 128 134 218 89
1 14 15
258 201 138 221 81 112 49 278 247 170 197 178 293 0 254
1 9 2
42 228
3 9 14
15 195 230 32 44 240 69 1 84 200 168 128 94 103
1 16 2
90 116
2 15 11
74 127 255 151 254 243 236 116 149 25 139
1 4 2
174 64
2 7 7
106 191 76 77 130 203 20
1 2 5
128 188 13 205 199
6 9 9
219 10 190 16 66 48 44 32 114
1 12 11
169 261 32 167 205 228 281 84 43 71 188
5 18 10
174 234 269 27 187 81 132 183 62 217
1 20 12
61 166 229 169 171 203 32 190 21 20 218 236
5 11 8
120 281 234 82 17 96 72 14
2 19 6
169 1 198 12 285 202
2 15 6
32 169 131 259 216 160
2 19 5
40 99 140 218 211
7 3 12
19 221 237 72 228 193 281 296 97 130 29 91
5 13 9
44 287 140 95 119 245 7 215 248
8 10 14
118 255 117 44 157 215 151 121 128 245 140 242 76 64
1 6 14
221 163 22 235 74 155 16 36 114 60 285 87 35 9
1 7 3
155 92 39
4 5 6
95 201 285 112 46 264
2 18 7
209 24 196 240 34 137 171
2 18 4
110 4 280 120
2 8 13
59 92 157 189 174 154 124 220 199 175 117 258 53
4 7 10
34 278 191 150 73 122 253 200 292 168
1 4 5
288 215 245 169 28
1 13 4
261 208 28 232
1 19 11
257 197 116 289 95 294 71 172 91 173 226
4 19 9
211 243 205 67 191 117 23 125 8
2 15 4
118 290 6 257
3 7 9
147 226 94 119 174 182 227 34 15
4 13 13
23 29 63 217 119 226 174 9 115 87 218 95 53
1 6 2
115 23
8 20 15
138 159 166 285 167 228 121 96 17 257 247 25 181 242 107
5 16 13
4 223 17 150 72 123 87 169 225 293 139 199 40
4 7 8
242 223 149 122 250 77 160 153
3 12 5
229 39 243 265 298
1 17 6
12 132 110 207 197 148
6 4 10
141 265 197 216 101 173 287 59 56 0
1 17 5
113 205 249 224 209
4 11 6
263 223 25 179 202 178
1 17 4
187 177 194 53
1 14 8
144 183 248 132 172 266 126 141
2 15 7
96 86 73 263 187 266 268
4 10 6
33 143 154 55 195 196
3 16 11
149 19 237 243 59 201 159 190 290 169 183
3 3 5
287 238 7 246 11
1 5 13
276 107 151 280 109 55 27 51 201 297 94 245 101
5 10 9
122 76 298 126 113 230 187 151 66
5 18 12
33 49 199 174 202 221 60 123 66 264 162 87
3 9 10
137 71 256 5 64 169 58 240 184 65
3 19 8
161 184 170 117 138 76 126 159
6 7 13
297 30 266 205 265 9 90 174 124 6 175 111 293
4 14 10
61 186 243 79 188 257 115 105 68 240
2 20 13
193 228 120 220 39 129 52 275 27 95 118 254 128
1 14 3
257 232 10
1 13 2
198 135
3 8 7
170 22 70 14 133 32 39
4 11 10
235 145 56 238 260 42 201 253 29 293
2 13 8
169 173 129 299 142 159 4 240
6 11 14
27 185 154 279 1 212 6 297 267 276 263 34 180 42
7 12 11
76 126 61 118 186 51 189 158 254 101 212
2 7 8
70 129 95 48 21 20 82 52
1 17 4
219 167 180 171
1 18 8
202 40 97 172 271 102 191 14
2 7 11
104 73 243 162 239 137 246 237 228 190 29
9 11 14
269 224 125 100 147 12 119 0 179 190 86 288 149 213
1 7 4
17 70 202 255
6 3 14
127 142 151 185 281 5 284 186 117 195 65 19 205 265
1 18 11
153 188 45 132 277 112 137 239 265 230 109
1 8 7
76 71 74 131 167 260 150
1 16 3
201 4 107
3 10 12
281 84 58 122 255 71 206 187 293 86 95 126
5 6 13
260 97 272 74 16 122 275 237 59 75 27 85 4
4 3 6
154 73 162 85 20 184
3 9 15
283 165 104 14 254 188 23 105 190 259 158 108 139 15 40
4 14 13
15 88 128 26 160 109 107 293 153 296 82 183 68
1 17 7
48 11 23 278 150 152 5
1 20 2
278 62
2 20 10
56 249 58 164 160 242 63 144 4 67
6 1 9
236 137 192 183 184 150 47 51 142
1 13 9
179 27 234 156 203 290 88 276 196
1 14 2
210 208
6 17 10
198 53 212 41 103 244 60 213 76 52
4 4 15
106 77 248 22 80 11 56 50 264 13 69 237 162 116 95
4 6 6
276 19 11 192 127 9
3 3 5
222 258 137 174 299
1 12 3
9 147 294
3 20 11
118 95 246 225 145 2 195 174 92 255 243
2 3 4
3 158 183 190
4 3 12
17 250 234 53 281 145 116 179 194 85 46 72
6 2 11
42 214 228 38 238 106 166 222 9 124 83
4 8 14
23 114 95 67 245 268 160 161 233 229 226 180 88 8
6 11 10
191 261 277 44 250 3 126 113 259 167
6 12 10
88 123 234 137 172 289 284 282 290 98
2 20 13
141 164 243 14 205 293 236 58 79 8 90 54 211
1 5 13
31 3 263 273 218 235 252 51 48 57 163 210 149
10 5 15
76 59 177 232 22 27 26 159 274 294 103 191 81 37 70
4 17 7
204 206 176 157 245 71 16
2 20 3
164 91 119
1 18 2
265 248
1 8 4
241 285 160 179
2 7 14
158 54 178 65 118 38 223 260 159 123 224 215 0 112
10 20 15
17 184 134 226 139 169 216 15 298 6 219 81 263 190 294
6 20 12
114 25 256 232 50 8 113 105 54 71 296 174
3 5 13
71 189 194 120 132 115 145 140 199 245 43 176 116
2 12 5
202 100 127 234 285
3 7 7
138 77 22 187 230 23 219
1 17 2
110 187
1 2 3
194 198 137
1 2 3
202 2 142
7 9 14
128 119 142 188 226 189 187 46 11 292 47 201 177 215
5 12 8
265 239 8 173 148 252 3 97
4 9 7
113 255 283 220 161 56 107
1 18 8
292 227 230 0 275 28 84 172
5 11 9
264 120 22 200 85 212 126 203 54
4 12 10
79 100 112 280 44 173 52 86 232 140
4 20 12
252 121 223 205 164 255 187 43 84 124 202 242
1 4 7
277 248 260 83 235 64 296
1 17 2
250 140
5 6 12
185 0 176 132 107 223 135 10 128 284 221 79
3 6 5
21 188 290 92 18
4 16 12
112 185 153 276 125 269 273 158 9 163 263 94
1 10 15
299 43 181 80 18 210 289 243 170 234 140 26 95 202 90
3 1 6
43 126 265 64 250 51
2 17 4
243 14 109 137
2 10 3
255 92 137
2 9 7
58 283 271 254 53 281 154
2 20 4
291 122 136 200
2 1 9
241 116 233 87 111 258 28 287 35
1 14 4
203 81 150 281
8 20 15
149 212 54 132 97 230 290 189 177 238 50 95 36 299 85
4 18 15
33 248 198 99 245 90 223 171 136 205 285 253 190 37 202
3 7 9
225 240 56 82 14 172 72 70 299
3 1 12
130 149 78 284 108 188 33 7 137 127 28 176
10 2 15
5 267 210 230 214 86 4 227 198 205 296 168 274 32 23
6 2 10
293 248 101 2 168 212 20 249 14 148
3 4 13
297 282 244 266 247 118 246 275 20 156 217 277 200
2 14 12
56 30 299 182 138 274 145 20 246 234 157 201
2 11 5
24 78 297 223 240
8 18 12
24 206 75 168 8 133 112 158 257 131 256 259
1 17 8
238 148 180 263 68 184 74 152
1 12 4
102 88 141 68
4 12 14
71 28 251 55 143 181 108 174 269 191 29 297 239 79
3 19 6
240 25 111 172 108 242
2 19 15
262 269 236 182 106 29 88 124 221 203 156 170 131 264 25
1 13 3
23 107 266
1 10 9
1 270 170 42 153 28 69 29 63
2 14 3
92 244 126
4 18 7
38 12 85 121 246 81 218
2 5 8
72 102 249 241 232 293 298 229
2 19 12
16 72 58 59 156 8 3 186 298 65 25 64
6 10 13
216 13 238 217 142 95 63 137 11 21 160 60 27
1 11 7
160 119 202 236 199 76 116
8 18 13
254 30 23 195 111 82 150 281 141 18 217 290 256
3 16 5
45 67 178 73 189
1 13 6
289 168 220 254 159 2
2 4 5
197 222 297 45 100
1 1 2
258 1
1 12 8
61 122 236 212 186 80 206 257
4 12 9
88 81 235 207 160 132 188 19 289
4 3 6
274 265 282 33 144 186
7 3 12
54 100 131 248 225 281 40 21 142 253 265 34
1 9 2
22 6
4 8 6
223 269 2 240 42 218
5 15 15
286 169 243 184 287 236 118 122 109 88 140 293 269 17 124
1 14 2
245 145
5 17 14
188 21 124 206 46 214 176 67 24 202 271 72 26 170
1 7 8
31 52 284 266 107 278 215 132
4 14 6
162 231 151 148 138 277
2 11 10
174 164 0 51 149 60 81 175 208 145
3 16 12
207 43 167 152 279 14 77 128 237 287 197 176
4 18 8
160 27 247 3 109 284 117 157
2 16 8
46 136 228 197 3 154 10 249
k 20
