300 900 465
11 27 18 34 17 15 22 36 25 38 34 39 28 24 14 27 15 31 30 22 20 36 25 25 30 21 26 40 13 32 39 18 15 11 30 38 32 25 23 17 33 26 19 36 21 18 16 14 32 12 34 32 32 12 11 28 12 33 19 37 21 21 17 40 33 21 33 30 33 37 28 33 20 18 29 27 24 40 17 23 34 16 13 22 14 11 36 24 16 39 33 31 25 30 32 21 14 28 27 15 13 35 32 26 16 17 18 15 33 16 19 15 20 18 37 22 22 33 17 36 11 27 27 25 34 34 34 39 23 32 27 16 12 29 19 16 14 35 33 33 16 21 31 33 31 13 15 39 25 13 39 40 16 11 20 29 17 39 11 18 40 33 28 20 12 36 40 24 21 24 11 26 35 12 35 17 37 39 12 32 17 15 16 21 27 26 39 36 24 38 38 27 34 18 29 17 17 36 24 12 16 18 25 36 22 37 19 22 38 13 37 33 27 11 31 29 31 35 16 39 14 23 36 37 18 32 37 31 32 27 27 15 16 15 16 36 39 29 39 33 18 12 18 31 39 37 30 11 24 11 38 21 16 22 16 31 21 23 22 36 23 15 23 40 40 12 23 39 40 36 23 23 23 22 11 37 26 14 37 11 18 16 40 28 17 26 11 40 32 20 29 19 32 14 22 16 36 36 36 30
1 17 8 24 7 5 12 26 15 28 24 29 18 14 4 17 5 21 20 12 10 26 15 15 20 11 16 30 3 22 29 8 5 1 20 28 22 15 13 7 23 16 9 26 11 8 6 4 22 2 24 22 22 2 1 18 2 23 9 27 11 11 7 30 23 11 23 20 23 27 18 23 10 8 19 17 14 30 7 13 24 6 3 12 4 1 26 14 6 29 23 21 15 20 22 11 4 18 17 5 3 25 22 16 6 7 8 5 23 6 9 5 10 8 27 12 12 23 7 26 1 17 17 15 24 24 24 29 13 22 17 6 2 19 9 6 4 25 23 23 6 11 21 23 21 3 5 29 15 3 29 30 6 1 10 19 7 29 1 8 30 23 18 10 2 26 30 14 11 14 1 16 25 2 25 7 27 29 2 22 7 5 6 11 17 16 29 26 14 28 28 17 24 8 19 7 7 26 14 2 6 8 15 26 12 27 9 12 28 3 27 23 17 1 21 19 21 25 6 29 4 13 26 27 8 22 27 21 22 17 17 5 6 5 6 26 29 19 29 23 8 2 8 21 29 27 20 1 14 1 28 11 6 12 6 21 11 13 12 26 13 5 13 30 30 2 13 29 30 26 13 13 13 12 1 27 16 4 27 1 8 6 30 18 7 16 1 30 22 10 19 9 22 4 12 6 26 26 26 20
7 20 12
109 106 5 288 185 178 275 169 66 97 205 36
1 5 13
134 72 82 36 121 39 140 220 110 48 98 143 204
6 20 10
43 251 275 51 229 272 79 128 103 44
4 15 10
262 26 27 39 298 49 169 153 20 52
1 7 11
248 234 60 292 197 276 33 247 30 67 27
6 19 12
146 245 273 147 166 87 75 220 57 161 272 180
5 19 9
268 122 280 285 138 248 120 234 215
6 22 9
156 44 268 147 82 68 37 107 92
3 22 6
288 217 228 245 87 285
1 36 2
297 69
2 11 8
47 128 253 92 87 259 79 117
5 17 11
90 174 71 96 57 85 191 265 94 159 41
2 18 6
3 127 69 142 87 163
1 23 3
216 55 186
4 21 8
86 39 72 217 236 248 298 270
4 12 15
125 90 190 12 241 155 119 61 49 126 105 143 249 267 193
2 14 7
84 83 283 57 222 137 280
2 8 14
221 64 163 286 22 59 12 280 231 269 292 267 123 21
6 26 9
171 7 179 105 292 89 207 147 93
2 16 5
230 120 138 196 271
3 14 7
128 212 57 199 100 109 95
1 9 8
283 121 147 176 129 210 17 252
4 24 6
102 222 276 12 111 79
6 16 15
256 214 69 150 193 299 82 211 272 49 38 81 208 238 78
6 16 9
47 37 253 29 293 181 54 13 158
10 18 15
105 27 249 191 23 196 164 247 209 33 148 109 256 10 147
6 24 9
150 15 31 119 133 143 80 170 96
4 20 8
85 79 152 243 29 66 51 50
3 22 6
212 222 221 233 268 237
8 16 15
271 39 56 133 63 36 280 128 93 170 159 13 81 153 64
1 23 2
214 109
3 10 14
11 130 253 135 290 261 208 21 51 47 48 93 178 218
3 21 5
212 1 38 231 155
1 12 5
40 273 93 42 33
6 16 12
100 6 174 175 171 60 22 246 97 260 232 139
6 14 13
167 105 63 160 73 2 154 153 132 200 82 19 175
3 24 5
19 184 159 238 51
1 27 2
126 61
4 15 11
212 115 15 239 62 216 219 215 277 108 119
2 25 3
202 203 181
1 12 6
195 69 83 282 32 108
2 17 4
281 129 141 54
1 35 2
214 151
3 9 12
190 56 220 28 232 279 132 188 286 19 92 194
6 14 14
93 47 224 257 58 195 68 259 261 125 115 273 212 116
5 12 15
88 200 128 294 72 271 95 272 282 165 31 60 180 203 3
6 23 9
81 239 52 9 6 251 37 165 131
5 12 15
211 77 82 93 130 42 23 33 101 103 169 109 74 280 44
3 13 9
71 256 66 217 113 257 224 104 156
10 23 15
266 257 275 117 219 16 3 296 144 1 286 23 198 21 172
4 11 15
15 157 139 18 156 171 213 194 22 60 121 174 280 140 251
8 24 12
97 62 203 123 160 63 161 82 121 129 80 61
3 17 6
265 53 279 250 240 259
2 17 5
117 78 202 230 110
2 8 14
215 158 260 199 54 176 153 55 50 201 81 186 230 89
3 13 8
260 255 241 96 281 92 193 194
6 15 15
187 115 82 152 263 268 112 60 235 252 121 72 265 273 227
5 14 15
11 230 148 219 119 102 239 136 139 227 52 249 149 100 187
8 19 12
85 99 275 293 214 194 70 72 28 211 38 273
7 18 14
147 167 128 222 110 44 103 138 275 83 230 76 48 241
2 22 4
282 90 107 201
1 8 5
132 156 281 248 209
2 18 6
127 135 150 112 129 201
5 22 9
6 186 224 241 48 5 101 30 267
3 13 10
248 51 137 207 29 42 136 224 281 223
3 26 5
132 93 30 1 69
3 11 14
256 258 192 183 177 170 287 79 253 244 189 141 66 110
1 6 11
290 122 208 123 213 284 239 22 144 209 276
1 8 9
186 272 205 261 23 193 83 203 284
4 23 8
112 36 268 245 96 157 25 30
3 22 6
179 94 201 101 161 43
3 27 5
123 28 177 89 192
4 18 10
88 142 259 256 60 11 226 205 209 192
1 5 15
62 67 135 120 4 140 28 157 277 283 228 210 263 72 254
4 12 13
152 109 84 280 195 7 129 213 257 118 188 165 50
6 14 15
36 66 104 59 79 113 241 28 253 278 180 254 46 138 265
5 19 8
281 30 111 86 56 74 173 163
1 8 8
118 28 232 115 199 203 229 255
6 20 11
259 127 4 23 40 41 0 246 214 122 220
3 20 6
135 180 30 215 251 296
8 22 12
74 258 243 37 86 31 150 207 40 281 48 253
6 13 15
140 102 106 162 103 252 10 251 172 116 224 221 22 206 234
3 17 6
160 266 262 168 252 60
7 17 15
116 262 117 224 118 17 3 30 80 190 277 131 255 182 261
5 19 9
148 27 233 15 162 122 212 105 37
1 14 2
85 39
4 18 8
150 52 92 104 37 218 74 128
3 12 11
132 75 291 157 168 230 121 61 69 197 272
1 22 2
220 67
8 22 13
189 244 40 20 223 260 291 158 31 238 237 273 144
3 16 9
292 69 37 295 280 100 277 223 30
2 7 14
132 140 33 68 103 206 13 6 71 199 152 229 181 36
6 14 12
195 213 9 182 74 229 178 99 94 286 242 16
2 15 6
195 44 211 182 144 122
1 7 9
67 2 246 157 274 155 99 48 153
1 15 4
167 148 210 58
2 10 11
173 165 36 27 120 112 176 239 282 289 20
7 14 14
188 163 231 58 234 202 205 116 104 247 178 233 192 156
7 19 13
250 240 297 169 71 262 63 227 103 74 291 241 273
1 6 8
82 191 270 85 87 128 213 49
1 9 8
258 14 15 144 296 70 104 245
4 20 6
130 101 159 241 41 196
2 22 3
156 266 121
2 25 3
67 265 3
3 19 6
268 110 237 133 213 274
1 9 8
78 99 11 4 170 127 258 106
3 17 7
78 176 201 206 195 64 93
9 17 15
230 29 19 205 292 65 93 195 22 32 104 111 224 31 46
3 16 8
70 230 21 22 145 167 290 151
1 23 2
107 144
4 23 6
54 243 55 57 101 164
8 17 15
234 43 98 61 192 6 291 38 269 163 165 195 142 156 233
3 18 7
14 113 35 59 204 24 92
1 10 4
195 196 276 220
1 5 14
272 179 162 229 97 150 37 124 250 143 212 81 252 262
1 6 10
213 128 109 232 152 141 267 2 198 87
7 14 15
93 188 10 184 181 117 138 231 54 112 170 196 62 220 272
2 28 3
121 89 112
1 5 14
86 247 162 61 26 81 9 71 214 229 223 74 183 87
1 20 2
118 87
4 14 12
159 241 102 146 227 88 218 194 82 69 247 264
2 25 4
91 29 148 89
1 8 8
296 122 196 149 148 180 13 108
1 12 6
293 21 245 264 202 288
2 18 5
274 277 271 203 40
4 25 6
266 296 79 255 188 147
2 19 5
241 75 81 30 29
1 7 9
50 260 96 199 170 205 134 68 118
4 13 13
19 142 247 168 150 118 189 193 70 192 111 149 89
3 11 12
138 155 292 175 217 49 172 38 136 27 178 2
2 14 7
195 86 248 24 72 250 79
1 7 11
265 297 90 277 101 263 137 125 135 253 238
3 14 10
82 21 237 95 235 102 294 37 268 256
3 9 14
131 19 268 212 153 58 159 134 154 83 298 198 28 179
1 30 2
17 133
3 11 12
131 87 98 73 158 290 21 147 174 20 53 193
2 17 6
173 176 111 155 22 150
2 22 3
33 110 59
2 18 5
147 118 163 115 179
4 23 7
225 29 35 202 274 289 124
7 19 13
110 133 21 175 162 208 191 71 129 94 60 109 41
1 22 2
67 233
5 14 13
294 178 149 182 175 161 133 57 206 157 78 67 295
8 21 12
98 242 21 80 227 274 31 58 221 108 277 151
1 25 3
264 204 7
3 20 6
126 175 296 149 102 201
6 16 15
139 17 141 6 101 111 37 161 156 217 123 63 14 129 278
2 9 10
191 90 167 40 242 68 246 182 45 106
4 21 7
287 248 182 98 68 256 184
4 21 6
175 151 32 286 204 174
4 22 6
74 262 132 15 155 130
7 19 13
76 194 155 295 104 126 269 252 7 259 185 61 116
2 9 11
139 187 58 113 1 96 107 103 89 179 41
5 16 12
141 20 84 78 228 30 128 164 189 109 299 246
1 20 3
110 162 161
1 5 13
15 58 116 91 73 260 6 218 207 280 240 225 71
8 20 13
208 225 255 190 33 171 189 74 152 218 31 78 113
2 11 9
48 215 53 298 237 126 33 17 172
5 15 13
130 56 204 24 263 170 112 108 213 6 7 32 227
3 11 11
73 98 71 122 207 141 64 75 42 299 103
1 15 4
255 48 12 156
5 25 8
83 288 48 267 77 280 256 250
4 23 6
262 213 73 244 127 42
4 22 8
75 157 40 45 298 52 244 32
2 16 7
174 273 49 77 79 245 287
2 9 12
216 84 61 79 161 218 24 36 172 186 176 74
7 21 11
231 230 216 51 136 287 108 47 260 286 205
2 18 6
250 176 183 179 243 114
5 21 9
66 11 57 234 232 141 190 18 96
2 9 12
273 144 108 126 249 263 268 37 198 231 71 148
2 19 6
246 127 298 77 78 34
2 12 9
258 263 186 294 285 73 298 170 224
1 10 4
88 270 284 153
2 21 4
24 181 126 258
6 21 11
50 219 77 48 280 20 110 210 245 170 83
1 25 3
219 10 190
4 13 10
242 58 111 113 122 134 74 136 5 238
2 37 3
43 275 238
4 20 6
136 12 132 292 15 272
1 17 2
2 135
1 15 2
81 220
1 24 3
278 7 5
3 14 9
114 83 161 37 118 183 245 146 115
1 10 7
95 102 189 217 35 173 203
2 23 3
136 11 4
3 19 7
161 172 203 234 53 134 68
4 16 10
17 258 262 157 191 55 232 8 244 45
2 13 7
227 84 149 106 138 118 121
4 20 7
203 216 72 235 78 253 291
1 26 2
265 63
1 6 12
69 296 196 282 14 263 218 62 251 273 171 142
3 14 5
291 181 14 123 82
5 25 8
21 150 15 205 266 233 296 70
7 17 12
134 16 144 270 200 187 14 213 7 145 82 55
3 10 14
89 97 19 146 242 60 280 31 296 35 106 232 176 129
1 15 4
251 153 92 190
1 17 4
81 289 43 64
1 23 3
163 216 186
4 14 7
118 84 146 195 153 260 130
2 10 10
53 64 123 190 49 152 112 259 218 82
2 11 9
9 56 202 45 72 32 6 221 151
1 15 4
299 64 293 280
1 21 3
259 130 162
2 11 9
232 47 246 98 90 66 105 210 185
1 18 2
47 270
3 24 5
263 26 136 35 196
2 15 7
217 2 63 206 44 94 266
3 13 11
51 67 147 152 230 63 105 6 109 151 201
2 12 8
207 65 104 70 195 279 238 197
2 9 12
152 166 108 145 137 11 141 36 198 102 271 101
2 26 4
239 193 197 296
3 13 11
209 51 131 216 21 70 213 177 245 291 155
5 23 8
290 48 64 16 14 169 192 223
1 18 4
222 12 231 236
6 15 14
164 24 60 180 150 4 124 6 102 116 19 61 234 40
5 18 9
100 86 40 193 289 65 107 125 54
4 20 6
61 6 139 106 156 214
5 21 10
137 269 186 66 254 59 294 6 162 222
3 13 11
3 190 154 153 217 127 257 201 142 213 238
2 13 9
156 3 72 223 30 177 206 166 155
3 26 5
152 269 205 239 276
1 8 9
285 56 211 241 83 224 65 119 190
2 17 4
225 148 209 170
3 22 6
119 51 162 161 100 101
3 25 5
102 211 189 156 202
2 17 5
57 88 21 289 293
2 16 5
175 107 171 2 89
2 10 9
279 123 224 18 133 17 218 76 121
2 12 8
50 158 94 139 57 248 67 118
4 23 7
42 225 212 130 67 267 210
2 21 5
90 153 177 18 101
1 9 3
145 173 252
5 21 10
282 74 89 180 119 150 96 213 281 172
1 31 2
211 299
4 16 9
133 181 280 152 256 255 299 38 217
4 11 15
233 196 38 253 172 251 165 133 260 130 249 162 234 104 264
3 17 9
7 282 269 251 27 219 123 243 83
2 10 11
244 97 73 68 33 67 169 89 226 85 96
2 14 8
87 171 9 263 201 210 260 22
1 23 2
4 290
5 14 11
130 42 255 265 234 202 110 133 17 242 85
1 7 9
1 239 85 10 256 84 161 201 92
2 13 7
158 74 245 271 163 122 178
6 18 10
238 213 45 64 153 99 178 67 211 182
3 9 14
76 197 246 293 195 291 274 290 212 157 8 237 47 169
2 27 3
180 297 283
1 16 3
53 9 173
1 11 7
254 284 169 127 0 177 123
3 12 13
263 280 153 73 161 29 9 237 246 219 269 30 289
3 19 7
210 74 257 193 25 144 197
1 8 8
200 248 22 130 225 255 222 71
6 20 12
151 147 140 39 227 106 190 181 93 114 36 213
4 18 7
201 283 118 108 61 155 107
5 15 14
226 8 262 138 198 257 90 179 143 99 164 12 137 287
1 6 10
87 26 246 114 153 19 60 198 158 129
4 19 9
213 235 186 196 83 258 238 155 138
1 11 7
219 190 298 124 174 31 146
1 25 2
140 217
6 20 12
225 25 102 2 251 156 151 222 279 240 186 77
8 20 15
224 133 121 76 11 276 161 186 201 239 218 24 10 292 52
1 6 12
224 160 236 261 264 286 168 185 65 145 60 299
1 16 3
96 142 62
2 18 5
150 118 241 48 163
6 17 12
1 250 49 75 175 167 80 120 208 26 118 253
7 19 14
141 10 235 9 139 290 8 217 32 148 48 7 28 136
2 8 13
8 147 124 143 223 167 176 189 51 148 292 69 138
2 19 5
287 133 116 196 283
2 19 4
47 39 3 8
6 19 11
207 46 259 278 120 216 260 109 34 279 225
1 17 3
21 135 84
4 25 7
77 241 211 18 176 128 205
2 13 8
197 217 156 11 66 119 178 50
1 10 7
261 158 217 125 166 200 198
6 15 13
110 239 245 173 20 67 19 6 271 291 44 268 234
4 19 8
242 51 87 36 198 226 281 117
3 18 6
203 265 232 295 23 119
8 20 14
17 285 88 267 51 299 277 139 221 27 82 216 241 23
2 12 8
42 229 176 200 299 216 33 71
1 6 11
63 24 296 285 0 279 194 122 34 136 73
5 23 9
125 139 245 8 88 228 160 94 100
10 21 15
261 288 95 17 171 249 47 270 257 245 97 179 299 16 172
2 14 7
279 251 180 252 275 292 225
5 20 9
24 205 199 110 85 63 175 281 189
2 10 11
84 267 159 273 106 62 283 113 126 259 235
4 13 11
142 61 158 68 196 272 39 220 115 247 59
1 28 2
18 122
3 9 15
39 164 275 277 173 255 215 59 2 279 235 57 221 42 250
2 7 15
151 141 90 76 74 70 34 128 63 146 167 271 209 88 31
2 17 6
55 5 146 151 62 119
3 23 5
260 140 226 30 110
1 8 9
234 99 78 71 286 135 43 45 263
3 13 12
260 123 190 33 72 1 232 28 268 178 219 238
2 11 10
192 111 11 145 236 43 200 78 118 246
1 5 13
11 170 290 174 294 175 221 168 180 270 196 172 9
1 8 8
106 200 189 105 64 224 31 129
7 19 12
238 49 203 31 276 266 98 198 170 219 112 182
3 20 6
283 230 178 16 243 157
2 31 3
29 102 91
4 22 8
40 50 78 9 13 94 22 166
2 11 10
281 86 155 206 68 174 84 160 189 98
5 14 14
49 233 155 266 71 79 141 286 111 139 292 186 183 166
2 14 4
136 280 231 37
2 17 4
61 237 280 242
7 20 13
11 288 122 130 56 205 238 58 75 22 193 275 131
3 24 5
104 267 226 273 204
4 15 10
32 230 135 162 125 289 24 281 41 278
1 11 3
82 58 135
4 20 7
258 98 220 28 195 264 226
6 21 11
70 210 64 209 220 166 107 80 273 212 138
5 19 10
177 49 119 79 292 209 187 110 117 73
5 19 8
19 124 110 112 56 168 47 223
8 22 14
199 64 122 299 46 282 247 243 66 190 297 263 51 194
2 15 7
209 296 221 3 290 154 267
2 11 10
220 83 206 9 115 87 101 69 196 123
6 24 9
88 161 10 37 40 170 139 297 283
2 9 11
56 230 62 46 208 246 41 211 122 0 76
2 13 8
215 216 240 195 232 235 41 267
4 14 11
147 224 45 23 237 152 30 232 103 242 159
1 7 11
89 237 296 90 219 265 33 230 87 213 270
8 23 12
162 227 56 140 299 68 250 228 173 285 176 61
7 18 14
296 141 6 74 273 147 72 118 43 189 134 234 36 31
2 8 13
43 197 206 239 185 122 254 262 101 157 267 228 209
6 22 10
18 2 158 169 130 19 278 10 165 250
4 18 8
220 29 99 66 31 259 184 242
3 12 10
187 176 180 14 22 237 103 84 240 234
1 14 5
152 50 197 182 100
2 13 8
228 248 297 3 274 10 102 145
5 16 13
235 127 296 170 217 109 135 106 297 226 25 154 262
8 17 14
196 189 44 4 274 246 243 253 265 18 126 116 193 241
5 13 14
292 270 103 224 178 198 166 286 209 175 154 169 167 190
2 13 7
16 53 60 185 24 160 195
1 10 7
194 68 255 256 122 236 214
5 17 10
265 238 130 81 156 261 10 126 131 121
5 14 15
223 54 113 37 240 179 160 117 142 169 30 12 3 295 127
1 11 7
32 35 29 154 268 151 23
3 12 12
101 231 2 129 174 172 175 214 72 162 133 27
3 14 7
188 220 44 75 212 285 240
3 21 7
8 175 89 223 287 235 84
4 12 14
221 279 293 90 10 144 2 297 298 67 211 173 44 138
1 23 2
102 14
2 20 3
220 76 273
7 17 14
193 229 45 70 252 221 85 18 179 269 251 14 12 282
1 11 7
110 256 250 168 149 151 108
1 22 2
283 195
4 13 10
9 200 141 19 234 28 289 174 115 78
2 11 9
180 199 297 1 67 170 234 129 90
6 17 14
278 271 174 36 226 213 44 280 160 106 98 131 80 279
4 25 7
55 69 147 44 102 206 11
1 29 2
228 103
1 18 4
83 134 69 205
7 19 13
188 41 159 174 128 36 99 9 244 189 85 183 262
1 9 8
283 275 127 44 138 67 74 233
2 15 7
9 243 188 270 116 151 161
2 9 12
171 9 60 79 227 269 144 207 120 35 61 160
3 14 10
268 90 109 160 276 84 148 255 93 145
1 8 10
42 230 192 151 253 279 282 26 85 35
1 5 13
276 61 2 281 26 210 248 152 27 203 17 243 5
1 31 2
211 155
2 23 4
103 10 129 221
8 19 15
128 184 176 266 297 198 151 41 270 201 129 257 48 69 284
8 22 12
156 275 82 27 187 200 229 254 70 126 88 21
2 8 11
96 86 194 185 120 14 260 62 262 71 281
2 17 5
48 149 224 172 294
1 14 5
9 100 129 233 156
6 16 13
32 8 228 210 260 105 230 81 27 60 256 143 209
2 21 3
102 141 249
4 14 12
87 111 188 9 11 127 14 172 4 175 248 224
2 10 11
46 235 227 299 116 123 63 149 292 189 36
1 5 14
17 11 252 236 183 169 82 271 162 133 206 84 89 220
2 17 6
88 83 74 238 298 234
1 23 2
296 279
2 10 9
207 67 290 146 291 125 22 179 91
10 21 15
66 252 158 27 28 85 123 240 208 151 24 48 135 101 170
4 12 15
60 246 98 3 187 112 15 35 227 172 250 142 89 75 11
2 9 12
71 29 69 261 289 68 163 189 207 122 274 27
3 11 13
97 120 234 275 76 172 138 27 137 272 160 176 2
1 14 5
47 68 21 278 137
1 25 2
155 61
1 24 3
275 297 79
2 11 8
0 230 181 68 224 247 215 61
1 15 5
150 278 89 57 155
4 20 7
53 191 230 110 51 217 178
4 18 9
112 297 275 132 185 121 30 67 20
5 18 10
64 269 198 244 218 295 254 220 40 249
1 8 9
220 240 163 146 11 235 193 96 103
1 18 3
115 34 167
4 20 9
225 39 230 127 27 298 107 57 185
7 16 11
72 22 204 84 233 46 288 213 292 49 20
2 8 13
90 151 140 264 279 153 277 299 19 216 117 108 293
3 10 13
181 164 104 165 119 229 182 81 141 212 66 224 192
2 28 3
124 45 102
4 14 12
62 245 81 126 123 229 17 263 125 90 78 170
1 13 4
271 18 37 233
1 16 2
154 56
1 15 5
163 190 11 1 111
1 39 2
267 27
1 25 2
77 85
5 18 11
175 191 63 246 118 50 90 78 202 281 10
4 16 10
225 211 204 181 293 291 217 57 67 92
5 13 15
211 83 162 206 181 212 108 15 4 240 223 25 236 56 234
2 20 4
29 81 117 131
2 15 5
103 164 122 204 213
1 11 4
231 14 32 102
6 17 11
196 46 178 76 199 9 104 272 210 29 81
1 15 4
96 185 205 84
6 18 10
263 284 84 99 274 169 205 58 52 291
2 23 4
135 188 102 190
1 16 4
91 149 28 40
7 16 13
272 54 209 87 3 247 62 223 78 233 72 203 213
4 14 8
195 115 271 112 123 8 274 72
2 17 5
132 243 25 174 180
3 10 14
184 227 64 192 219 214 45 109 217 278 229 104 129 245
2 7 15
63 249 180 104 254 58 226 54 5 231 207 64 208 262 16
7 16 12
23 2 39 114 254 209 252 287 171 46 213 44
1 11 7
67 285 276 223 185 263 54
1 9 7
24 232 260 58 218 246 222
1 36 2
94 263
4 16 10
239 194 74 285 242 192 245 183 80 191
4 13 13
31 198 168 55 76 44 259 254 10 278 270 174 90
4 18 9
296 276 95 27 93 94 19 12 60
3 21 5
166 159 115 193 122
10 23 15
25 235 295 55 16 10 160 70 29 197 149 157 240 207 190
1 22 2
100 51
2 26 4
192 259 137 164
2 9 9
256 248 213 158 91 95 107 193 93
2 15 7
141 29 139 278 183 190 227
1 7 8
254 165 130 277 109 37 16 247
2 7 15
174 196 61 31 202 213 246 150 245 208 184 167 69 93 4
3 18 7
164 60 47 147 223 237 218
3 9 15
56 104 241 263 77 139 279 3 36 50 253 107 180 185 193
3 14 8
11 206 82 156 183 17 199 76
1 6 10
201 96 187 16 81 91 71 162 15 75
2 17 5
289 103 73 76 298
1 20 3
185 119 136
2 11 9
36 283 195 39 59 140 218 90 184
4 19 6
98 148 286 168 128 206
1 31 2
137 75
2 24 4
271 194 296 17
1 23 3
235 68 132
2 9 11
266 74 264 277 91 58 154 285 16 148 257
3 9 13
64 104 286 135 274 26 131 23 22 132 114 185 215
2 28 3
182 101 138
1 7 10
62 71 39 24 158 55 236 99 176 31
1 18 4
207 265 275 43
1 6 12
154 8 83 144 218 264 233 48 38 297 246 117
2 19 6
280 214 269 127 166 205
8 23 12
165 203 171 202 77 220 184 188 174 145 80 4
3 15 10
157 245 19 86 193 56 188 227 177 21
2 19 3
96 211 49
2 11 9
118 102 1 120 42 0 200 164 63
4 10 13
116 193 45 56 266 16 0 185 65 154 133 211 112
3 18 8
117 128 147 50 234 1 124 267
4 22 6
16 231 85 35 179 3
8 20 13
109 43 130 252 2 52 191 194 136 296 110 293 219
1 7 10
58 104 260 206 111 55 160 72 60 11
1 15 2
277 234
2 13 8
250 77 5 19 153 162 142 227
1 10 7
173 56 89 249 291 94 218
1 5 15
229 81 238 7 153 204 263 132 141 27 46 294 164 255 240
4 11 13
98 248 26 82 243 186 274 84 134 25 265 154 2
5 14 15
289 210 202 165 163 68 215 49 102 133 89 220 296 97 1
3 10 12
72 258 131 179 272 94 239 15 167 126 254 292
6 17 15
169 104 89 257 40 207 149 59 160 6 263 219 126 37 231
4 22 6
165 201 26 104 83 50
7 16 15
186 138 131 61 269 20 227 56 91 281 195 59 105 47 213
2 26 4
191 177 263 83
6 18 10
20 48 164 150 188 196 221 279 98 207
3 12 10
153 83 4 84 92 209 238 297 290 65
4 11 15
180 192 262 223 57 252 210 129 194 99 158 36 225 95 235
5 17 12
128 136 144 252 201 228 126 207 35 84 190 102
2 18 3
247 266 6
4 17 10
192 24 50 211 102 185 94 282 252 116
5 12 14
241 96 254 112 165 178 257 243 113 250 158 49 299 104
7 22 12
7 183 25 75 142 70 205 217 78 77 168 287
4 17 10
240 22 179 108 63 96 19 228 235 175
3 19 5
53 229 261 72 108
2 8 13
209 160 166 80 277 84 163 161 55 131 224 230 15
1 11 3
2 274 234
1 14 5
137 9 38 198 224
4 19 8
80 88 103 119 149 68 167 163
3 20 5
20 202 146 115 43
1 19 3
207 245 99
2 20 4
246 144 100 207
3 15 10
11 116 208 60 184 239 104 249 172 263
6 19 12
98 288 228 166 235 156 69 61 46 212 87 258
1 19 2
218 262
9 21 14
202 87 6 43 298 57 279 162 174 106 39 155 255 20
1 12 6
94 147 18 3 187 91
7 15 12
136 262 256 284 124 110 144 31 33 99 280 181
3 16 7
146 197 103 15 154 65 271
1 19 3
283 158 93
1 7 9
161 129 172 247 133 128 170 97 191
2 12 6
25 254 153 279 86 209
2 14 8
177 278 125 59 15 46 290 250
1 14 2
274 196
5 16 13
177 94 269 78 259 83 109 124 288 294 198 22 266
3 11 14
63 166 174 252 43 204 191 238 55 125 149 134 49 237
2 10 10
220 160 58 123 52 200 241 237 17 94
3 23 6
67 245 94 172 3 281
1 10 6
60 177 159 164 279 206
2 11 10
111 86 244 175 67 69 265 98 35 232
5 23 8
130 192 124 115 207 29 121 203
1 23 2
101 33
2 20 3
145 230 95
4 18 8
292 88 103 244 233 229 33 167
4 12 13
233 206 66 117 33 53 121 207 204 119 135 250 19
3 19 7
71 269 165 237 224 90 225
1 29 2
151 134
1 21 3
160 178 270
1 23 2
120 137
4 17 7
16 68 15 153 233 251 262
2 7 11
96 295 41 255 56 121 99 85 202 188 229
8 21 14
288 254 119 269 276 258 280 69 113 174 158 283 227 263
9 20 15
286 5 235 8 214 71 27 73 171 145 12 184 3 14 143
5 14 15
125 177 275 265 216 37 199 53 210 156 149 90 165 227 62
1 13 5
42 5 116 7 29
1 14 4
132 69 65 0
1 6 12
113 148 244 260 45 166 87 224 28 247 117 172
7 19 14
109 147 35 281 159 229 243 142 19 219 206 296 102 284
5 14 15
111 293 10 161 171 178 119 199 86 211 292 129 166 207 257
2 17 5
4 95 232 86 292
7 21 11
195 299 96 2 143 160 62 19 189 21 188
4 13 11
199 15 178 184 69 215 201 70 180 118 93
6 23 9
252 130 219 146 114 158 94 186 115
3 16 8
18 54 250 84 25 140 189 13
4 24 7
110 227 176 144 235 138 2
2 9 12
110 68 98 169 206 216 151 208 254 125 187 141
2 11 10
57 223 146 267 193 36 92 184 211 160
1 18 3
279 138 204
1 13 6
64 238 268 1 167 190
4 18 9
226 48 180 89 54 168 3 258 20
6 26 9
185 94 138 267 160 143 270 165 182
1 17 4
277 165 153 101
1 15 5
119 121 116 11 135
2 15 3
240 104 149
2 28 4
139 147 176 245
1 16 3
227 180 81
6 18 11
208 105 122 228 68 100 235 60 65 277 220
1 7 11
218 181 58 215 172 287 187 290 93 151 260
6 18 12
135 280 261 222 89 123 138 184 98 227 44 229
5 17 11
203 78 112 209 252 3 259 104 82 7 184
2 25 3
257 86 46
8 19 12
214 136 146 60 292 191 56 1 37 165 181 113
1 21 3
270 192 67
2 23 5
11 285 114 219 154
5 16 9
40 182 88 232 233 131 91 200 287
7 18 15
299 158 147 270 272 293 186 224 284 11 41 213 18 138 165
2 33 3
55 48 30
5 18 9
85 200 102 113 78 95 155 97 147
6 16 14
249 174 69 48 261 178 251 4 140 73 230 283 217 288
4 15 7
182 33 183 106 146 274 267
3 14 8
286 292 85 10 156 118 224 18
3 14 10
205 17 46 68 119 196 82 129 47 238
4 13 10
256 228 61 10 145 272 133 45 196 100
8 20 15
148 211 40 2 51 58 256 227 57 124 119 215 66 59 109
1 24 3
129 48 63
5 19 8
198 207 66 94 152 294 258 115
2 25 3
15 120 59
2 16 6
12 92 267 0 61 57
5 24 9
298 68 144 69 180 11 78 264 252
6 18 13
66 175 255 280 42 77 43 261 238 227 258 292 49
5 17 11
287 244 118 31 229 45 38 115 168 278 79
2 13 6
137 206 120 13 220 170
6 16 14
279 151 244 113 232 294 16 150 44 167 3 50 274 121
1 25 2
233 86
2 13 8
57 222 163 297 289 142 200 93
5 23 8
264 213 240 128 8 177 120 77
7 19 11
90 293 276 22 130 26 94 47 270 16 98
1 19 3
258 22 143
4 28 6
137 215 255 275 197 141
7 17 14
112 44 114 35 153 261 157 42 99 113 255 38 37 123
5 21 9
117 146 219 48 121 61 57 276 207
10 21 15
163 33 131 199 204 250 106 263 191 101 278 39 64 92 148
6 17 13
275 32 134 97 69 135 5 256 214 102 49 3 292
2 22 5
160 94 267 233 12
4 18 8
243 7 180 280 284 91 193 93
1 9 8
166 275 3 285 286 39 267 191
1 10 5
62 224 199 139 196
1 34 2
24 244
1 36 2
90 89
7 22 13
144 88 211 147 283 74 236 84 149 289 77 11 186
2 20 4
38 81 106 244
3 25 5
212 236 172 241 97
1 17 4
59 216 249 293
6 17 11
165 167 75 206 106 135 178 244 82 240 155
5 20 9
137 138 232 122 294 212 262 244 213
1 7 10
61 123 51 140 297 212 13 153 119 164
2 27 4
290 153 186 166
3 21 5
251 155 29 118 122
1 27 2
161 115
6 23 10
168 212 3 282 68 91 200 184 86 144
5 21 9
266 161 240 89 26 138 208 257 279
2 13 7
272 218 125 162 144 188 75
4 12 14
86 109 240 5 268 256 28 99 118 179 130 214 215 216
5 20 8
284 44 133 196 9 51 271 99
2 12 6
107 159 61 14 117 105
3 12 8
79 283 23 200 20 272 254 154
3 20 6
254 188 152 157 67 228
1 25 2
52 106
4 27 7
77 150 186 27 5 16 126
3 13 11
197 140 176 55 34 4 141 262 101 68 297
2 23 4
24 155 277 165
3 18 7
79 201 21 138 66 184 262
2 29 3
243 148 90
4 16 10
103 137 73 15 297 111 52 271 235 56
2 7 15
42 93 59 153 23 171 4 161 150 186 241 217 226 223 88
9 21 15
70 137 267 261 79 279 266 109 23 57 177 29 53 157 99
3 14 9
237 213 112 298 61 25 43 23 52
3 22 6
6 165 225 90 110 3
1 11 5
26 185 17 234 134
4 20 7
288 4 66 275 159 289 158
2 17 6
245 160 128 110 37 270
8 22 14
139 297 127 17 169 48 294 30 56 86 136 121 174 29
3 22 5
2 141 287 133 72
4 17 7
19 218 84 75 242 296 136
1 29 2
115 278
6 18 12
113 38 124 283 215 225 187 135 252 194 288 1
3 18 7
47 41 63 132 49 74 143
1 7 10
259 149 232 250 40 192 97 234 205 246
5 19 10
80 296 202 125 145 192 81 234 115 143
6 23 10
262 12 78 150 36 241 89 146 161 21
1 8 9
18 210 34 126 108 258 111 150 293
2 14 7
290 261 267 295 203 230 97
2 17 6
64 77 292 253 82 99
4 19 10
157 282 104 186 172 83 161 236 44 210
3 12 7
284 178 149 272 220 28 172
2 22 3
122 55 145
7 18 15
267 124 52 202 135 24 220 174 112 100 57 8 205 27 32
1 13 4
192 39 201 135
2 7 14
102 167 111 10 294 278 68 183 194 33 95 7 281 249
1 12 6
159 29 30 80 241 10
6 21 9
101 293 142 140 154 40 267 152 128
1 12 6
50 226 250 262 117 249
2 10 10
206 260 233 37 155 157 130 264 14 220
4 12 14
88 227 286 140 207 192 38 271 40 272 208 52 74 115
3 12 9
74 120 99 284 96 25 92 257 187
2 25 3
95 227 128
2 12 8
108 288 297 0 156 299 214 67
4 18 6
113 78 16 18 19 169
1 18 4
181 132 236 126
3 16 7
121 275 78 221 132 8 234
1 18 2
53 76
2 8 13
138 49 106 297 150 202 231 89 109 117 252 176 230
2 27 3
172 32 139
4 26 6
282 214 99 165 21 100
9 19 14
169 204 259 140 78 182 261 38 281 244 275 290 199 23
6 19 11
6 172 299 149 80 249 97 28 176 82 26
2 24 3
121 200 67
2 11 10
31 56 281 63 238 222 180 249 26 145
7 17 15
263 299 197 48 15 30 257 230 23 105 106 146 34 283 207
5 15 12
71 206 28 205 180 298 152 295 44 89 16 20
1 15 2
32 140
5 13 14
194 92 53 137 270 249 158 152 46 124 265 214 50 56
8 17 14
275 156 258 16 53 54 173 64 99 13 30 208 279 270
5 16 13
88 159 240 75 196 264 65 51 287 31 235 236 213
1 13 2
82 277
3 9 15
258 147 92 190 10 7 214 20 299 123 50 152 58 184 167
9 20 15
226 221 90 126 267 128 206 247 293 144 198 168 51 66 158
3 11 12
267 109 13 148 140 10 276 132 90 103 155 98
3 17 7
276 220 42 203 132 171 68
1 4 15
59 249 182 273 286 69 61 31 254 156 261 138 230 216 29
7 23 11
219 204 30 174 293 160 202 117 274 132 283
1 35 2
190 288
4 16 11
51 278 268 224 113 148 235 137 87 65 38
2 11 9
272 87 154 1 89 276 237 23 189
1 14 5
278 223 21 227 133
2 9 12
161 31 187 50 244 24 230 219 92 261 212 270
2 17 4
81 242 248 229
8 18 13
145 248 9 61 228 254 72 258 272 218 163 198 77
3 11 12
170 297 118 281 76 20 225 5 203 180 274 35
1 25 3
267 64 223
1 17 4
71 165 200 171
5 19 9
76 285 12 192 65 259 262 113 234
2 22 4
126 9 46 88
4 19 9
179 242 36 63 299 235 20 173 225
7 17 13
148 32 103 194 46 206 214 200 81 130 140 208 101
4 18 9
143 154 14 112 200 229 219 184 297
2 16 7
294 69 122 145 42 222 127
1 11 5
173 252 156 236 100
5 13 14
76 120 40 251 187 281 105 237 16 180 42 182 257 177
4 16 8
266 274 164 134 287 16 224 179
4 20 7
94 4 36 16 80 262 42
1 11 2
164 85
3 19 5
168 92 113 266 98
3 14 10
216 85 146 43 127 151 111 122 257 109
6 17 15
219 220 167 77 275 294 196 228 100 263 5 147 144 213 276
5 16 13
131 289 169 3 80 174 20 190 106 21 65 244 259
2 7 14
80 216 299 52 59 22 171 232 231 149 41 46 192 198
7 17 15
239 60 82 282 227 15 222 178 231 59 139 58 230 92 256
6 17 12
188 131 91 198 262 86 259 162 178 70 107 257
3 20 7
135 34 203 146 86 236 178
2 26 4
273 68 52 166
3 14 8
92 5 80 41 44 184 228 183
4 24 7
260 264 177 121 168 255 101
3 17 7
14 279 228 71 207 296 44
1 8 9
174 23 34 228 161 236 164 56 83
3 10 13
87 288 283 165 65 118 144 218 57 3 45 143 285
6 21 11
119 91 299 66 130 164 238 129 179 275 74
1 9 8
24 69 108 216 268 245 60 65
3 22 5
248 249 186 10 218
1 8 8
225 201 48 118 261 299 214 247
4 21 6
57 291 99 260 21 249
3 16 8
293 86 198 42 273 0 67 166
3 10 15
206 120 231 108 111 244 152 265 12 114 176 22 93 124 223
1 28 2
218 282
2 27 4
10 43 116 127
2 31 3
244 31 210
1 12 6
42 123 162 107 3 35
3 11 12
225 134 243 100 55 160 194 253 24 111 261 242
2 13 5
140 171 130 53 132
8 19 15
10 69 43 253 37 19 155 204 263 88 201 274 256 133 275
5 20 10
269 124 285 258 19 206 43 211 59 1
1 23 2
34 200
5 18 10
68 7 115 87 19 150 206 54 140 137
1 7 7
215 169 241 53 254 257 44
7 17 14
269 154 141 23 127 2 283 235 192 229 37 260 103 262
4 22 6
112 205 118 87 70 167
4 18 8
22 106 112 172 99 180 290 160
7 17 13
40 109 67 265 181 58 101 114 284 112 78 99 3
8 21 13
241 256 63 268 75 88 244 248 83 20 160 279 261
3 25 5
55 138 178 130 151
3 16 7
154 39 52 274 94 88 18
3 21 5
171 40 110 76 270
3 15 7
173 231 208 224 149 162 87
3 18 5
273 109 237 156 116
2 20 5
196 161 88 297 40
6 22 10
123 249 203 266 59 173 101 210 121 158
2 11 9
229 210 18 258 198 49 11 220 169
2 17 6
64 111 29 224 223 265
5 20 10
194 148 229 72 205 129 239 294 267 29
5 21 10
222 11 188 34 112 180 220 210 205 101
2 22 4
243 251 86 44
3 19 5
20 246 258 191 73
6 22 10
117 243 212 136 71 107 231 166 57 41
3 25 5
285 138 243 170 217
3 20 6
256 204 191 266 9 245
2 19 6
145 282 158 69 96 114
8 19 12
289 270 245 175 179 99 140 275 191 100 273 281
2 11 10
271 182 236 59 277 7 147 117 130 146
7 15 12
108 279 84 298 234 105 88 293 70 212 109 242
2 29 3
117 234 147
1 29 2
176 183
2 11 8
229 52 209 146 95 112 81 292
4 16 10
149 107 39 70 137 240 298 44 208 270
5 17 10
133 214 114 32 14 274 178 142 140 93
2 20 4
246 94 164 61
10 18 15
195 46 36 248 283 112 0 106 201 239 49 275 53 240 7
4 20 6
181 135 162 195 1 192
3 9 15
46 199 253 186 48 42 146 196 102 171 26 157 69 289 167
2 17 4
124 261 181 44
3 14 10
157 68 143 238 225 290 292 116 60 226
2 26 3
42 38 21
5 17 11
144 92 167 6 74 164 55 201 241 264 86
1 26 2
259 254
3 15 8
71 116 261 36 183 232 38 298
10 19 15
145 297 71 272 8 3 120 67 277 183 52 199 196 237 280
3 19 6
284 147 112 71 233 22
7 16 15
78 296 3 128 124 255 288 50 98 233 44 100 158 213 118
2 15 6
227 285 241 281 230 269
6 16 11
131 149 80 4 266 5 168 178 227 222 109
6 19 13
48 267 12 90 203 3 245 254 221 128 208 228 57
1 10 7
241 189 61 25 187 26 208
4 17 10
131 272 44 42 223 77 96 80 215 57
2 14 7
108 260 78 180 57 40 52
2 23 3
99 223 78
4 20 7
214 41 130 224 12 51 107
3 20 7
180 125 88 209 68 11 35
6 22 9
74 1 193 146 282 205 58 33 259
4 17 10
24 260 47 31 49 208 99 217 210 297
2 8 13
167 30 14 73 256 101 43 94 67 140 114 272 76
1 10 7
9 148 233 1 269 202 298
3 17 7
149 69 39 163 6 165 122
2 25 3
273 214 266
1 35 2
245 57
2 32 3
119 138 230
1 7 10
238 30 265 126 279 153 147 104 143 16
10 20 15
30 144 241 106 152 90 122 13 105 69 240 155 29 249 183
1 25 2
200 10
2 11 9
26 115 151 146 126 149 57 58 164
1 19 2
135 115
3 13 5
4 140 49 254 72
5 21 9
105 32 178 90 155 174 229 122 250
8 25 12
236 94 126 101 13 50 253 115 37 147 263 194
4 17 7
226 195 105 286 215 20 54
3 13 12
238 163 189 192 77 12 81 11 121 221 71 37
4 25 6
1 162 12 198 243 238
1 8 9
222 131 241 208 38 50 72 234 284
7 18 14
261 38 48 123 255 190 259 163 16 172 227 182 41 271
2 10 10
138 122 40 214 125 69 271 181 254 297
5 16 13
109 110 259 159 285 86 144 36 89 275 143 298 0
2 9 9
163 97 123 17 42 213 257 184 135
3 17 6
213 57 209 65 272 26
2 22 4
146 124 83 64
6 20 12
263 0 292 290 268 55 82 35 184 228 84 125
2 12 4
65 234 96 249
3 11 13
125 78 273 127 227 180 101 283 30 4 294 168 46
3 10 15
236 274 50 3 18 291 96 163 161 70 41 297 21 252 268
1 17 3
62 237 294
3 10 13
265 298 220 251 95 130 12 161 119 40 106 215 260
1 10 7
57 113 243 222 131 278 44
1 18 4
82 186 184 21
2 13 5
280 248 107 202 199
4 12 15
71 161 183 268 196 190 209 52 185 211 205 145 232 151 252
2 14 4
152 42 256 234
2 23 4
108 0 130 48
5 17 9
123 39 269 16 120 95 295 55 29
7 19 15
125 89 162 147 10 71 254 274 112 84 192 166 203 81 20
1 11 6
149 228 45 158 175 174
3 10 11
247 200 94 76 257 260 233 159 72 124 169
3 12 11
136 221 23 234 122 50 236 216 76 142 217
2 25 4
51 269 94 34
6 23 9
143 222 233 52 17 161 116 103 262
4 16 11
92 67 256 86 214 298 135 186 117 137 218
5 13 11
62 110 37 16 153 118 231 106 179 268 84
3 24 6
99 267 137 180 210 245
1 7 10
270 15 136 191 138 196 250 118 103 256
2 8 12
140 160 175 67 194 93 23 192 98 37 113 142
1 32 2
138 102
5 20 8
12 9 185 14 2 295 172 72
5 17 13
6 279 36 240 133 128 174 219 35 92 245 88 282
4 14 8
42 180 128 299 231 252 291 260
1 11 5
14 7 49 19 159
4 21 8
34 161 232 55 171 160 219 52
2 9 12
5 125 244 265 171 59 271 232 161 128 43 227
1 15 4
65 49 190 76
1 32 2
160 23
3 15 10
206 21 251 220 216 27 289 60 11 174
4 22 7
278 74 290 72 253 194 165
4 14 11
243 279 135 79 84 94 121 210 5 69 247
1 13 2
274 16
3 17 8
133 45 157 36 259 274 15 217
1 11 5
225 171 100 195 106
1 10 4
25 4 32 294
2 21 4
181 122 114 19
5 14 15
60 8 51 280 252 203 133 78 24 89 187 52 10 83 143
1 7 9
101 23 218 265 296 193 122 90 5
4 17 10
21 74 86 114 37 149 153 298 193 39
2 13 6
294 242 76 29 37 8
4 21 7
74 117 182 124 53 70 169
2 12 7
134 169 218 272 11 54 280
1 4 15
108 274 100 130 102 271 146 213 169 165 112 208 283 185 82
4 19 8
224 26 63 221 130 39 293 296
1 5 15
204 102 289 176 30 231 71 185 240 53 6 107 187 91 95
2 15 5
2 61 93 175 130
1 17 4
215 11 92 230
4 26 7
128 192 27 203 239 77 82
2 26 4
148 15 89 186
2 11 9
232 119 111 118 5 62 43 224 217
2 12 6
22 233 99 256 55 136
3 14 10
137 235 96 98 173 129 111 186 76 288
1 9 7
102 192 290 38 132 124 49
3 19 7
230 225 220 288 29 114 251
6 16 13
163 147 49 229 183 62 44 137 227 12 11 220 132
6 18 13
150 208 85 44 165 216 114 33 251 86 118 81 196
5 18 8
157 198 231 272 202 131 25 178
6 16 13
204 72 230 267 25 61 227 290 182 100 153 185 189
5 18 9
25 276 158 190 29 135 234 113 66
3 13 11
105 227 238 9 32 266 85 296 120 77 94
1 6 11
180 231 147 251 49 97 248 185 10 112 176
5 15 13
100 148 288 282 125 294 88 109 140 51 65 187 73
2 24 3
110 84 160
1 7 10
67 179 205 113 145 20 60 143 62 80
1 13 4
15 46 249 12
2 24 3
62 77 195
4 22 6
81 51 26 93 2 285
8 18 15
26 283 35 15 207 66 180 174 116 38 130 99 284 221 3
2 22 5
270 93 190 203 298
1 18 4
267 172 240 88
2 11 10
65 273 119 124 289 240 140 142 157 127
2 8 13
254 235 13 230 133 48 277 39 189 220 202 249 242
4 12 10
148 13 94 121 53 145 249 84 206 81
4 13 13
140 269 78 211 75 299 114 298 212 109 104 58 21
1 12 6
108 238 133 220 183 99
5 17 10
163 141 199 36 115 268 197 2 19 252
5 19 10
113 7 17 221 190 69 29 252 46 231
1 5 12
285 183 218 144 205 274 277 22 103 29 258 271
6 18 11
250 84 95 98 75 137 132 175 108 180 62
4 15 7
284 112 132 15 229 100 113
2 14 5
129 88 72 134 254
3 9 13
119 135 2 105 295 64 221 217 73 167 19 0 141
3 17 7
9 70 19 4 170 44 243
4 16 8
103 108 88 144 232 257 168 44
3 12 11
18 245 284 75 230 35 288 140 188 58 41
1 30 2
167 269
2 10 10
38 187 41 35 28 233 204 58 159 126
5 15 13
249 178 227 77 210 233 5 287 158 246 256 152 156
2 11 9
143 292 19 275 20 203 274 260 251
5 14 15
210 84 267 127 265 153 143 38 130 151 142 154 104 207 94
6 23 9
79 71 55 283 232 289 244 141 174
5 14 15
27 286 28 10 214 169 137 288 62 90 113 211 174 269 246
3 11 11
294 60 72 130 240 113 232 153 26 27 187
5 17 9
46 236 197 194 233 49 135 56 60
8 21 13
57 93 297 16 73 79 98 152 170 11 288 2 222
4 22 7
124 27 95 203 257 233 163
4 24 7
235 122 299 297 119 52 143
6 24 9
229 125 273 189 144 285 12 267 181
1 11 6
117 229 205 228 279 271
5 16 12
83 0 264 214 178 262 287 169 73 125 163 39
2 26 4
264 239 218 40
5 14 14
213 31 27 123 242 6 97 94 243 139 3 91 212 56
k 20
