300 900 465
11 11 26 26 14 32 37 33 19 12 30 40 30 34 30 23 23 20 27 35 33 20 13 37 11 12 16 28 39 33 28 25 20 22 38 36 36 26 15 31 31 38 31 35 31 37 30 29 32 29 31 28 25 21 21 20 16 18 17 17 32 40 16 32 36 17 34 31 36 15 21 23 40 35 24 26 30 27 31 16 35 28 16 21 32 14 13 11 21 19 38 21 22 27 30 34 17 22 29 17 29 32 18 28 36 14 14 39 15 30 11 31 25 38 24 11 15 17 13 31 11 40 29 37 25 16 38 12 32 38 22 21 33 33 24 33 16 22 38 20 24 13 22 14 35 16 24 39 35 29 11 39 22 26 40 34 16 21 27 38 30 11 31 32 20 14 30 32 26 13 29 33 24 13 38 31 39 21 35 24 28 35 11 22 36 18 29 37 23 34 33 32 37 23 35 36 17 40 15 12 40 40 24 37 16 34 33 39 12 27 18 34 11 18 39 17 13 17 33 13 17 32 15 35 26 14 17 28 18 17 36 11 30 19 25 15 28 18 32 17 33 29 18 18 25 32 38 32 18 16 32 12 40 21 37 11 15 34 15 17 13 38 20 35 31 15 27 16 11 13 15 28 20 25 35 22 17 31 33 14 26 31 38 32 12 12 40 21 29 36 25 31 23 38 23 37 19 22 25 37
1 1 16 16 4 22 27 23 9 2 20 30 20 24 20 13 13 10 17 25 23 10 3 27 1 2 6 18 29 23 18 15 10 12 28 26 26 16 5 21 21 28 21 25 21 27 20 19 22 19 21 18 15 11 11 10 6 8 7 7 22 30 6 22 26 7 24 21 26 5 11 13 30 25 14 16 20 17 21 6 25 18 6 11 22 4 3 1 11 9 28 11 12 17 20 24 7 12 19 7 19 22 8 18 26 4 4 29 5 20 1 21 15 28 14 1 5 7 3 21 1 30 19 27 15 6 28 2 22 28 12 11 23 23 14 23 6 12 28 10 14 3 12 4 25 6 14 29 25 19 1 29 12 16 30 24 6 11 17 28 20 1 21 22 10 4 20 22 16 3 19 23 14 3 28 21 29 11 25 14 18 25 1 12 26 8 19 27 13 24 23 22 27 13 25 26 7 30 5 2 30 30 14 27 6 24 23 29 2 17 8 24 1 8 29 7 3 7 23 3 7 22 5 25 16 4 7 18 8 7 26 1 20 9 15 5 18 8 22 7 23 19 8 8 15 22 28 22 8 6 22 2 30 11 27 1 5 24 5 7 3 28 10 25 21 5 17 6 1 3 5 18 10 15 25 12 7 21 23 4 16 21 28 22 2 2 30 11 19 26 15 21 13 28 13 27 9 12 15 27
5 17 13
24 58 246 100 247 33 200 125 205 286 36 72 143
1 20 3
150 73 52
3 18 7
221 40 297 7 83 233 119
2 12 7
70 163 3 84 269 231 267
6 23 10
254 147 141 128 119 152 87 170 11 117
4 14 13
154 2 271 295 230 278 86 183 223 100 8 35 47
4 23 6
128 137 296 45 56 12
3 14 10
22 217 36 20 270 249 230 295 246 140
1 11 6
213 255 103 29 188 35
4 15 10
291 285 120 251 182 258 254 95 295 220
2 8 14
188 290 278 122 157 23 32 197 178 130 219 161 215 105
2 33 3
45 170 223
1 31 2
257 81
4 20 8
210 231 86 254 278 144 197 215
1 12 6
114 163 36 136 201 249
3 16 8
107 170 265 190 227 211 88 16
1 7 10
0 66 230 6 255 82 153 116 224 152
1 13 5
63 205 12 103 165
2 14 5
45 198 118 125 243
1 6 10
157 55 99 244 220 171 110 164 83 144
2 25 4
149 187 244 144
5 19 8
114 236 265 276 247 219 242 187
4 24 7
289 250 194 278 75 166 60
1 10 7
210 111 237 135 143 129 146
1 11 5
77 232 15 273 260
3 23 5
241 163 193 0 162
3 13 10
17 298 57 67 63 154 216 130 5 134
3 19 5
95 8 244 235 296
6 16 14
33 207 38 201 128 67 287 83 82 145 147 257 165 213
4 20 8
195 177 119 125 197 139 269 282
3 15 10
197 14 57 286 138 237 16 112 96 261
4 16 11
31 104 205 141 155 296 41 70 95 79 174
4 19 10
138 280 149 123 203 139 231 147 71 154
8 19 15
146 214 96 193 78 8 166 115 274 190 194 132 128 140 165
7 20 11
119 282 247 185 257 276 99 59 211 21 110
9 19 15
221 249 195 82 81 276 134 142 224 130 171 229 284 181 246
3 18 6
59 168 111 19 57 272
1 6 13
81 15 142 154 25 240 33 163 191 72 23 181 75
6 18 12
121 134 253 46 37 280 133 89 14 99 291 270
3 17 7
17 140 273 62 212 295 181
2 28 3
249 271 154
1 15 4
84 277 24 76
2 7 14
55 82 298 199 72 205 210 87 259 79 75 95 157 7
4 16 11
10 260 100 43 144 188 166 146 138 207 259
2 19 4
291 236 199 272
4 14 13
6 13 26 136 246 130 145 62 183 238 64 192 178
7 18 12
190 234 290 149 125 15 37 95 225 69 33 85
6 20 9
204 193 29 272 205 206 287 243 275
5 22 8
295 1 40 85 53 129 162 213
4 13 13
153 108 239 241 45 51 250 19 167 258 189 12 226
1 4 15
216 298 51 46 153 18 122 29 288 185 77 296 186 135 178
4 12 14
4 240 195 218 13 108 203 161 17 142 134 230 58 295
1 4 11
24 153 118 243 143 253 198 112 26 236 168
3 19 8
274 61 91 68 282 184 276 113
1 17 2
251 15
7 21 12
5 277 41 257 216 136 205 218 221 2 1 296
2 26 4
174 279 291 123
2 20 3
234 54 265
8 21 13
120 236 231 80 189 10 205 226 0 70 22 19 28
9 22 15
50 140 294 28 280 111 146 243 93 282 275 82 207 214 126
6 16 15
120 240 132 194 26 238 51 13 258 249 36 11 262 76 6
4 14 9
150 91 270 131 235 272 176 145 191
3 22 5
21 218 99 151 142
1 9 8
138 299 26 121 125 160 268 264
4 15 9
97 229 288 33 48 164 185 236 122
1 22 3
185 250 189
3 24 5
192 35 112 130 102
1 8 4
110 260 259 38
1 18 4
63 31 161 121
1 21 3
67 145 13
1 7 10
19 185 23 262 284 25 24 107 160 54
2 7 15
195 198 241 147 202 70 103 245 254 205 266 251 155 214 99
5 20 9
290 151 182 205 3 264 118 267 122
1 9 8
72 264 13 227 181 271 205 119
3 25 5
125 159 104 30 266
8 21 13
280 113 90 168 205 50 106 196 243 270 38 254 162
2 10 10
207 278 268 82 229 150 3 16 42 198
4 13 11
222 60 53 173 102 199 237 4 129 182 194
4 12 14
49 161 239 189 281 7 249 247 256 102 113 110 269 196
4 21 8
289 112 161 218 61 196 39 49
2 23 3
267 287 205
4 11 15
109 33 124 100 157 59 114 185 123 174 206 141 24 27 156
1 30 2
98 238
2 13 7
5 179 118 146 225 63 46
2 8 12
278 211 254 27 198 183 42 59 281 264 83 12
5 14 15
99 52 189 78 259 143 207 43 222 203 133 22 273 268 135
4 26 6
76 211 293 289 136 228
1 9 7
117 223 71 30 285 10 120
2 25 3
256 98 40
5 15 14
4 235 206 283 210 138 147 234 211 205 22 98 146 248
2 15 7
42 145 142 205 261 207 69
1 12 4
14 156 32 131
2 24 3
65 200 58
4 21 7
10 76 107 265 3 168 25
1 10 7
67 261 196 288 274 169 184
5 21 8
237 166 180 55 72 206 106 276
3 14 9
98 171 96 1 12 254 215 294 18
1 8 8
298 62 268 76 266 157 12 73
6 16 13
168 57 122 4 33 260 280 123 268 247 180 67 7
4 23 7
254 23 177 119 187 253 21
3 20 7
219 223 64 132 125 287 201
2 11 9
9 128 47 66 129 202 105 79 242
1 6 10
216 161 78 224 10 253 276 255 44 177
1 26 2
133 32
7 17 15
221 228 114 195 28 298 216 96 163 196 290 224 211 225 42
1 8 9
150 131 101 61 133 155 149 114 103
8 21 13
245 125 158 164 205 15 58 167 289 50 20 120 278
3 23 5
182 202 148 275 187
3 19 5
293 276 172 32 141
1 14 5
132 73 111 123 226
2 14 7
68 37 206 38 237 297 20
1 16 4
66 233 18 40
5 16 11
43 265 268 88 172 250 71 164 129 118 162
3 16 7
242 160 263 223 231 220 267
2 13 7
93 158 257 37 145 175 56
4 13 10
206 177 85 243 242 291 53 117 86 149
1 14 2
156 219
2 22 4
36 134 243 166
4 12 15
112 282 80 20 1 193 279 291 274 135 71 150 214 93 127
4 12 13
46 146 1 68 10 193 224 57 148 238 40 111 283
2 9 12
248 41 263 285 6 277 100 221 69 165 51 241
1 9 7
97 50 249 64 30 270 196
2 15 7
140 191 254 132 295 86 60
2 15 7
174 180 84 45 95 103 185
1 24 2
258 7
2 10 11
157 33 188 200 263 4 215 208 232 125 282
7 22 11
41 254 270 217 70 195 106 63 160 260 155
5 21 10
42 200 284 185 293 267 121 211 251 7
1 27 2
176 249
1 5 15
179 103 105 151 67 263 18 211 79 168 35 59 4 93 66
5 14 13
75 145 256 71 175 241 118 169 170 230 63 220 124
2 13 8
132 207 141 215 91 247 90 110
1 18 3
215 265 138
2 10 11
194 114 145 255 251 126 141 134 261 240 215
4 18 7
38 152 0 54 72 158 99
2 13 7
247 38 209 60 288 188 177
2 18 6
263 129 91 131 90 278
5 18 10
40 244 136 294 68 111 43 116 93 0
8 20 14
276 121 90 158 177 44 197 72 292 140 102 77 52 83
4 23 6
166 130 45 224 168 116
2 10 11
71 49 113 72 259 55 201 112 248 262 155
6 23 10
81 18 163 197 5 172 223 107 171 102
9 19 14
28 254 297 169 153 99 217 93 143 150 298 277 68 87
6 16 13
204 141 243 37 226 95 79 287 66 217 78 238 230
5 19 10
206 279 63 132 58 86 136 263 121 99
2 13 7
84 275 56 208 161 167 191
7 18 11
25 274 136 285 47 276 129 125 226 104 229
5 18 9
28 164 174 70 62 264 243 185 26
1 5 15
239 41 178 20 246 266 38 188 45 71 137 79 252 228 102
7 19 11
83 157 132 45 13 222 17 109 193 79 24
8 18 13
72 15 268 125 149 145 162 227 193 137 285 259 49
2 11 9
240 99 222 152 34 133 288 268 166
8 20 14
139 286 265 31 0 253 107 170 56 25 250 281 179 200
2 16 5
170 184 276 85 110
1 14 5
280 127 279 6 45
4 22 8
191 104 144 181 223 36 157 83
1 5 12
128 136 268 148 114 13 220 206 243 175 264 15
7 17 11
259 78 188 54 62 231 110 220 208 234 200
5 20 9
252 99 28 98 72 237 269 275 199
1 11 6
125 148 1 191 188 272
7 20 12
158 75 143 261 51 239 178 76 259 203 15 161
2 20 5
137 72 216 152 107
4 25 6
78 141 67 147 142 101
3 12 12
259 184 195 56 54 154 191 265 49 161 7 194
4 19 8
277 265 9 152 281 189 70 289
6 20 10
144 198 113 70 165 53 181 172 39 253
1 16 4
283 80 290 54
8 17 15
22 39 292 234 267 58 241 179 275 152 162 209 65 159 81
2 21 5
205 280 190 295 6
4 12 14
50 176 42 22 162 81 52 277 0 293 117 12 8 111
2 19 5
70 220 11 209 283
3 9 15
220 110 109 242 79 292 257 95 118 268 189 271 90 29 103
2 9 11
111 34 265 250 94 82 44 138 161 224 120
6 18 13
45 99 247 102 87 133 175 282 81 90 266 85 60
1 9 7
4 84 148 280 146 15 150
7 15 15
17 94 276 255 216 15 124 258 52 92 29 16 193 35 223
2 17 6
16 224 165 248 201 293
1 7 10
207 223 248 119 61 9 253 70 29 172
1 20 4
61 154 198 88
1 24 3
107 43 100
2 23 3
79 142 44
4 12 15
80 101 12 205 153 93 1 36 115 259 11 78 45 191 135
5 17 13
28 31 39 107 56 128 44 41 179 250 218 287 11
3 18 8
138 289 132 68 214 78 294 100
9 20 15
261 229 191 116 285 13 128 131 90 166 109 224 4 238 208
2 26 4
201 68 30 156
3 18 7
269 80 56 291 66 26 98
5 17 12
249 254 16 144 294 238 188 192 181 10 239 164
1 10 7
287 97 242 257 147 134 116
4 19 7
231 287 220 80 212 95 119
2 8 12
188 190 284 44 238 162 264 204 141 40 294 25
4 15 11
258 124 49 260 64 66 281 37 103 275 203
2 11 10
190 50 62 216 118 96 261 200 115 161
1 14 5
45 156 238 132 184
2 10 11
291 17 50 184 63 193 201 65 94 254 111
2 11 10
133 132 232 138 247 66 42 6 287 274
5 14 15
223 84 163 1 166 182 291 155 215 176 203 189 131 27 37
2 13 8
51 50 288 151 166 221 207 22
1 13 3
215 258 275
9 20 15
164 128 159 190 258 85 245 90 75 120 109 273 255 58 12
1 10 4
75 65 118 87
1 10 7
200 122 171 280 81 195 183
6 22 11
186 280 223 247 44 196 254 60 214 121 235
2 26 3
1 236 151
2 15 5
210 94 136 279 160
1 8 9
243 285 282 151 149 214 127 153 136
4 15 9
236 186 18 169 54 89 249 190 280
5 18 10
266 262 198 265 98 197 210 238 158 49
1 7 9
161 143 65 76 94 287 171 33 27
3 20 6
262 44 159 100 298 204
6 18 13
99 38 265 207 114 59 240 36 277 274 293 17 4
1 36 2
66 90
4 13 12
101 81 59 26 164 243 200 8 247 62 122 88
7 18 14
175 122 270 246 198 46 207 74 120 239 247 238 287 278
2 9 12
56 8 137 205 195 166 5 126 151 71 250 57
2 22 4
112 31 19 98
1 8 8
220 109 12 49 94 140 55 189
1 17 4
185 90 84 103
9 23 14
23 152 105 238 68 4 6 186 132 115 241 27 174 167
1 23 3
62 132 104
5 19 9
170 218 105 279 49 85 224 8 200
1 6 12
74 5 213 263 152 134 135 245 116 90 16 181
1 9 8
8 97 57 10 18 203 246 96
3 12 10
241 280 121 259 177 294 108 296 238 53
4 13 11
44 86 183 46 122 101 58 75 10 262 106
3 10 14
181 7 37 165 20 227 171 28 0 87 221 254 237 273
3 14 10
36 23 53 101 48 5 50 100 247 34
7 21 11
65 81 238 190 16 288 161 53 254 168 171
2 23 4
119 127 223 236
5 13 15
213 204 137 125 85 42 23 188 127 205 114 162 66 191 48
4 14 12
155 58 283 144 20 161 194 21 234 95 28 179
1 17 4
164 13 93 187
9 20 15
276 212 36 267 25 7 28 228 165 66 27 118 123 158 190
8 18 14
219 188 193 90 117 146 101 179 64 293 217 267 228 235
1 27 2
171 130
2 25 4
64 134 160 187
5 18 11
20 123 13 161 144 117 21 172 175 34 160
2 15 7
163 229 265 210 174 129 166
1 7 10
205 254 50 16 268 124 15 252 163 216
1 12 5
124 7 14 15 105
1 15 4
31 119 110 42
7 19 14
47 292 279 97 166 43 282 295 80 117 28 111 75 26
3 19 5
216 277 69 57 194
3 17 8
173 256 11 24 223 6 83 100
5 18 11
229 197 35 203 194 164 280 89 118 217 132
5 15 12
53 232 145 105 290 38 172 246 135 30 39 137
4 15 11
86 153 171 7 69 223 64 43 212 191 262
1 5 13
181 47 228 281 32 254 199 111 91 258 96 74 166
1 19 4
187 131 293 214
5 16 9
70 124 256 30 87 141 232 183 17
2 8 10
258 196 219 262 62 136 46 273 225 298
1 22 3
131 101 155
4 12 13
68 70 247 85 160 196 83 287 149 24 44 192 22
3 17 5
265 134 269 131 170
5 21 9
285 181 27 217 13 240 274 94 52
1 4 14
17 157 211 25 51 244 263 241 206 103 272 87 152 163
2 8 13
26 76 130 150 206 73 25 120 178 94 154 186 219
1 33 2
261 149
5 14 15
94 123 4 39 192 284 169 68 204 28 12 242 22 72 73
2 24 3
216 189 77
4 15 10
112 10 218 275 283 43 164 137 234 172
2 8 13
45 81 202 71 260 229 156 112 4 61 70 268 174
6 18 13
62 63 258 175 243 87 72 155 209 136 269 61 6
4 12 12
90 99 229 128 296 223 284 102 140 62 22 258
1 22 2
105 46
1 18 3
192 199 237
3 11 12
91 261 207 278 52 179 243 222 117 112 122 102
5 19 8
235 149 217 296 96 158 227 171
3 23 5
237 94 19 1 29
4 19 8
178 152 145 101 238 105 129 210
4 15 11
90 91 159 66 115 185 65 145 47 146 175
5 23 8
119 122 15 236 22 132 234 34
6 23 9
72 193 268 286 250 53 141 130 10
2 15 6
236 210 96 124 128 73
10 21 15
10 59 177 294 16 2 52 88 66 178 282 133 98 235 267
6 16 15
176 145 149 282 201 197 81 135 78 86 175 117 12 256 185
2 22 5
291 49 43 107 126
2 27 3
247 8 101
1 12 6
173 197 31 64 254 40
2 24 4
283 257 141 101
1 12 5
238 158 39 142 75
5 21 9
264 104 280 47 134 39 43 130 250
1 15 5
294 226 147 41 74
4 12 14
160 87 184 242 281 19 47 283 125 6 212 74 218 219
2 19 5
167 84 116 205 30
3 15 8
216 293 219 85 23 10 239 110
5 14 15
84 73 21 6 237 226 192 250 95 174 26 167 63 10 247
9 22 14
295 83 64 203 24 148 191 210 267 222 197 275 294 48
2 8 12
105 221 213 81 144 48 58 251 250 50 108 295
1 6 13
15 251 174 286 192 254 73 7 277 196 209 85 146
1 15 4
224 288 132 268
4 18 8
106 171 137 48 42 285 204 153
1 7 10
245 282 25 299 51 222 288 236 153 85
1 16 2
79 59
6 22 10
234 14 158 121 259 3 41 187 294 243
1 6 10
77 97 132 25 268 190 296 274 116 269
1 6 11
46 280 238 65 93 182 10 273 181 183 249
1 22 2
209 185
1 12 5
283 220 17 44 247
1 9 7
271 260 135 33 277 25 52
4 13 14
254 232 298 8 126 50 11 214 231 160 286 179 4 69
1 16 4
271 68 37 130
6 20 9
100 15 114 263 183 79 230 120 115
2 20 4
113 24 66 150
3 16 8
185 62 34 209 229 298 128 64
2 19 5
45 109 170 57 231
6 18 14
251 89 147 202 197 277 220 293 154 198 65 268 43 101
4 18 8
117 235 57 33 23 230 174 284
2 17 5
264 285 244 186 16
1 20 3
241 67 217
6 20 12
56 13 271 270 103 121 211 158 43 1 94 214
1 12 5
143 168 172 63 180
2 8 12
212 204 9 29 74 119 157 159 161 208 218 270
5 26 8
187 298 151 252 31 77 197 199
1 9 8
261 290 184 270 27 65 127 197
1 12 6
274 129 1 219 261 99
6 16 13
288 0 180 208 174 239 215 78 179 64 212 189 9
8 17 14
141 143 168 124 134 71 42 53 173 219 153 164 151 274
4 23 7
238 186 244 147 210 73 50
3 27 5
153 1 104 299 293
4 12 14
40 102 77 181 210 138 121 186 137 275 269 140 127 280
2 9 12
181 76 172 293 253 205 54 62 156 25 16 252
3 14 9
4 188 53 7 212 109 180 274 206
3 13 8
32 124 203 172 143 0 79 202
1 6 13
173 210 225 252 129 160 265 215 182 271 283 262 49
1 16 4
68 145 49 199
4 12 15
239 149 253 286 113 160 192 262 1 80 82 252 26 141 17
1 34 2
12 282
2 21 4
73 119 4 88
4 12 15
176 294 185 224 228 192 10 154 186 64 152 5 257 218 189
3 13 7
269 43 106 169 217 227 279
5 19 10
268 286 187 69 249 91 21 168 289 44
2 20 3
226 118 128
3 15 8
218 248 12 48 245 136 212 260
1 18 2
222 92
2 15 7
64 265 240 68 110 205 62
1 16 4
229 245 128 149
1 9 7
74 38 259 25 39 27 64
6 25 9
12 213 47 288 9 252 181 52 154
1 12 5
223 183 91 235 49
3 11 12
164 143 108 277 248 238 136 10 132 263 185 289
1 8 9
54 6 206 168 281 17 28 284 29
1 9 6
161 53 294 155 216 256
4 12 14
45 283 8 164 82 174 248 152 89 83 221 236 112 295
1 24 2
160 8
2 18 6
155 129 137 11 279 224
1 17 2
140 110
3 23 5
92 263 156 275 246
4 22 6
75 91 171 143 16 7
2 10 10
249 223 1 214 81 171 115 117 183 245
1 17 4
184 5 124 50
6 17 13
289 12 174 71 76 233 54 44 111 196 115 99 180
1 28 2
37 42
1 5 13
179 93 79 45 160 100 272 115 151 289 226 148 221
3 13 10
167 2 177 24 249 284 257 5 124 104
1 23 2
117 149
3 11 13
22 197 138 170 221 143 216 35 2 127 253 132 272
2 12 8
205 131 27 90 42 188 91 145
5 15 11
237 90 225 173 82 168 295 127 238 70 262
4 14 12
205 41 172 42 177 22 187 182 44 63 82 184
3 16 7
16 74 69 53 271 196 197
1 9 8
95 292 113 18 115 277 82 78
2 10 7
24 276 124 92 280 220 86
4 13 9
242 137 294 75 267 166 91 237 22
8 20 12
263 134 204 251 252 222 113 253 0 171 106 183
3 24 5
224 221 91 273 6
3 20 5
52 146 215 166 124
7 19 14
293 156 47 297 10 116 138 136 161 170 49 24 107 176
1 35 2
35 43
1 11 7
233 264 76 121 172 127 174
7 18 15
129 229 220 42 200 236 102 199 132 94 175 144 69 19 226
3 18 7
262 222 44 129 32 65 154
1 19 2
106 134
2 20 5
81 125 64 284 286
9 22 14
272 282 105 52 276 235 191 185 203 295 86 40 207 162
1 21 2
2 65
1 17 3
0 151 106
6 14 13
32 202 1 15 220 247 194 79 235 130 228 133 71
2 23 3
213 239 178
4 17 7
57 165 14 106 180 190 141
2 11 10
214 243 221 94 171 295 147 79 110 83
4 16 11
255 126 26 66 289 93 13 287 211 86 44
4 11 15
279 54 282 184 270 13 7 94 50 67 8 12 15 3 111
1 30 2
218 227
5 16 13
18 274 176 258 101 67 68 104 44 214 56 118 186
4 13 13
15 207 230 193 232 149 53 180 56 169 116 246 26
1 6 13
126 154 167 243 153 249 131 159 105 66 189 165 223
5 23 8
196 77 23 190 237 95 177 167
4 16 11
28 288 218 267 8 181 200 63 6 244 217
1 6 12
206 258 274 219 115 286 56 52 109 59 262 273
2 7 15
262 185 234 6 141 73 86 269 196 241 21 113 149 184 219
1 12 4
297 59 79 51
3 9 11
276 270 177 116 217 62 261 251 259 225 101
3 14 9
250 269 114 62 189 86 53 41 74
2 26 4
35 153 277 147
4 11 15
138 259 177 163 264 32 175 186 267 252 271 143 47 157 238
2 18 3
150 122 108
1 12 5
227 1 210 21 263
5 23 8
126 248 95 194 29 112 228 15
1 36 2
282 43
2 23 4
179 78 71 113
5 23 8
201 269 210 218 48 122 97 10
2 13 7
32 23 122 25 89 75 260
1 7 10
229 193 269 230 86 197 135 66 178 9
1 15 2
269 59
1 11 4
251 259 9 27
1 30 2
253 252
6 20 12
164 135 25 170 159 35 148 42 93 197 229 92
4 24 6
106 180 48 31 162 170
3 15 9
195 225 194 28 74 217 8 162 259
10 20 15
276 177 85 27 111 244 201 18 26 120 166 236 63 31 284
1 23 2
71 15
1 9 7
39 260 222 29 19 215 239
2 16 7
84 276 272 246 223 82 176
6 18 13
95 281 194 110 189 19 26 164 118 136 289 9 192
5 15 12
239 147 225 46 5 122 273 185 69 110 162 160
1 35 2
221 293
2 13 7
260 40 157 188 139 45 276
1 13 4
168 59 137 266
2 11 9
24 111 207 30 227 209 208 127 232
2 13 7
166 179 33 51 238 190 111
1 15 2
279 239
1 6 13
131 10 181 219 119 286 241 65 138 297 12 237 204
8 24 13
94 159 176 261 173 8 128 43 27 203 100 61 20
1 12 6
195 7 161 244 240 147
3 12 11
258 18 39 96 156 279 13 61 62 158 202
4 12 14
47 27 296 218 237 253 28 232 198 44 107 164 276 140
5 24 8
294 206 207 147 273 210 190 208
1 31 2
76 63
2 7 14
96 122 39 99 77 189 263 178 5 12 208 66 43 204
2 18 3
165 285 98
3 14 6
86 67 87 182 30 108
2 7 15
195 153 23 90 178 168 135 155 295 28 294 186 251 72 191
7 21 12
35 27 58 64 202 155 28 181 179 188 220 9
5 13 13
57 294 130 105 249 50 280 84 133 244 146 120 186
1 12 6
172 227 173 61 161 171
8 17 14
173 124 197 183 262 238 4 276 268 248 136 296 73 295
4 22 6
5 134 79 144 198 18
1 22 2
265 166
2 16 6
270 52 7 132 19 99
6 14 15
283 76 138 43 23 118 69 65 287 294 38 157 55 228 9
2 16 6
116 90 92 221 161 168
1 8 9
292 120 257 154 229 141 104 242 182
3 13 10
283 88 44 129 187 290 96 59 74 21
1 9 7
210 142 188 244 246 139 160
3 18 7
117 38 176 125 43 50 172
1 23 2
141 135
1 10 7
54 281 26 162 121 243 7
2 11 8
142 297 89 130 267 254 12 57
2 11 10
42 282 159 93 106 254 105 281 98 76
1 6 11
196 172 214 85 187 236 117 243 288 265 63
4 22 7
123 279 272 171 203 266 124
3 20 6
62 27 263 253 219 187
3 9 13
294 12 166 56 157 210 199 51 91 75 232 264 218
3 18 8
66 84 261 121 230 233 81 144
1 38 2
203 11
1 5 14
227 205 84 89 70 152 249 274 43 293 242 232 147 192
1 6 11
193 213 1 0 261 120 6 116 205 75 159
2 16 7
131 110 299 95 286 265 64
3 22 5
180 137 109 220 277
3 10 12
18 12 21 280 55 124 80 273 169 37 14 135
1 29 2
104 152
2 7 15
181 34 236 78 264 82 48 73 16 109 7 162 182 28 118
5 16 12
225 215 157 83 143 91 234 30 174 66 107 221
3 10 15
107 70 18 100 196 188 42 162 180 121 181 147 191 279 171
3 15 10
107 154 41 3 255 176 16 83 200 72
1 9 8
6 158 293 47 285 66 99 194
1 19 3
1 75 175
7 21 13
7 110 2 224 116 274 154 240 204 36 201 245 140
2 9 11
245 210 17 5 275 148 15 168 190 122 237
2 9 10
24 127 108 146 194 272 37 117 187 142
5 17 9
92 14 288 224 54 212 52 253 198
4 20 6
274 61 169 106 296 212
6 13 13
215 89 279 196 80 130 14 82 222 296 162 287 251
2 7 13
196 276 42 18 189 83 184 32 105 62 233 255 234
2 20 5
230 221 245 162 272
3 15 9
102 241 111 98 224 191 48 184 19
4 19 9
288 82 23 299 222 156 245 32 159
2 18 5
191 26 50 77 243
1 11 3
143 65 58
1 12 5
67 296 266 119 244
5 19 10
171 268 192 157 137 21 69 197 221 263
1 10 5
269 243 228 256 167
1 10 7
76 13 170 208 43 4 80
5 21 10
236 6 28 207 212 174 21 112 141 132
3 16 9
51 234 286 173 261 190 159 256 224
1 7 10
37 4 145 105 80 206 192 55 31 231
3 12 7
125 76 141 248 85 161 91
6 23 9
179 20 14 256 184 252 275 102 170
6 15 15
185 75 198 167 150 132 253 76 126 119 19 221 180 280 205
2 19 3
18 127 89
4 19 8
76 237 7 144 280 86 33 281
4 20 8
221 150 60 108 267 286 223 224
4 14 11
38 211 117 110 267 35 276 189 257 21 75
3 15 7
284 3 149 211 99 110 269
7 17 13
132 81 169 121 35 96 110 4 112 91 88 272 276
2 12 8
168 230 112 53 282 229 55 297
3 21 6
138 154 120 52 179 75
6 22 10
47 125 48 23 289 191 245 27 51 235
3 10 14
119 262 134 195 12 231 167 35 275 133 78 129 244 128
2 10 11
92 293 141 138 229 131 203 56 81 159 282
6 20 9
202 67 59 140 238 255 81 284 2
6 20 9
150 243 89 52 176 54 76 134 180
2 24 4
238 55 283 247
5 13 15
115 2 62 146 203 160 9 49 231 299 119 222 22 136 101
1 9 8
101 86 147 68 176 131 142 290
1 27 2
152 60
3 17 8
210 295 65 78 126 258 242 95
2 12 8
1 112 242 80 89 123 217 76
7 18 15
154 86 232 282 209 71 263 254 135 217 289 30 77 262 83
1 5 12
133 262 93 85 226 102 216 141 53 253 297 43
1 22 2
40 165
9 19 15
162 150 124 296 285 132 95 208 190 8 37 259 294 297 201
6 17 13
271 21 118 137 185 129 36 89 282 53 209 175 48
2 14 4
15 58 249 56
6 21 10
82 52 211 268 249 293 128 267 35 155
5 12 15
117 209 232 268 59 297 254 55 208 2 277 25 15 203 146
5 21 9
244 184 103 263 158 98 275 109 176
2 23 4
97 19 238 158
7 15 15
271 0 252 125 148 210 229 127 52 278 92 298 272 237 54
3 10 13
150 170 200 241 99 15 225 139 149 163 173 24 182
1 8 8
217 181 101 77 216 172 170 189
3 16 6
279 296 92 146 17 171
6 21 10
140 166 88 84 144 118 104 165 60 297
1 9 8
82 34 94 261 213 96 190 240
1 14 4
299 235 256 275
4 17 10
215 149 155 139 40 201 68 104 54 0
6 23 10
103 282 2 271 102 151 85 6 268 194
2 9 12
151 194 152 104 30 108 35 42 2 272 119 96
3 18 7
33 126 113 165 78 202 235
1 16 4
49 187 65 234
5 15 13
34 102 121 127 295 122 9 215 233 75 84 225 268
3 12 10
251 233 151 283 168 42 224 105 249 208
1 13 5
6 70 224 10 157
9 20 15
124 298 232 166 194 200 63 158 269 0 73 114 244 51 137
3 16 8
112 72 270 262 273 41 157 294
2 33 3
95 203 49
1 20 2
164 262
2 18 6
259 34 185 145 167 129
2 13 8
45 206 63 126 232 281 18 242
1 37 2
41 203
5 20 8
154 288 185 37 99 124 241 82
2 22 4
69 232 177 90
4 18 6
298 17 46 161 215 91
2 6 15
186 56 162 178 232 165 191 153 250 32 249 141 39 69 51
4 19 9
271 189 198 142 87 254 31 72 80
1 7 9
102 122 124 275 53 10 34 44 62
3 14 8
164 136 88 114 198 11 180 110
2 11 10
252 62 106 114 213 116 170 36 151 265
7 22 11
299 61 106 277 282 126 2 79 213 285 179
4 18 9
5 96 112 138 261 152 118 205 38
3 20 6
290 218 199 261 85 134
1 11 5
97 146 80 22 92
7 21 11
240 281 152 286 258 237 201 110 51 143 137
2 24 4
195 44 48 158
5 13 15
32 60 41 177 2 185 211 77 265 192 118 33 179 241 233
1 5 14
290 170 204 257 57 30 146 212 202 41 52 91 161 95
1 7 10
271 34 20 275 168 265 158 16 206 87
4 19 9
250 218 41 163 141 182 257 180 207
3 14 7
146 169 65 283 298 262 210
7 21 11
82 99 70 133 270 12 172 40 138 89 43
4 18 10
237 12 180 47 289 282 23 252 232 285
3 16 7
290 233 173 222 274 293 127
1 22 3
49 293 285
1 33 2
135 278
4 24 7
174 51 269 35 205 189 37
3 9 15
189 199 198 48 40 299 196 50 235 289 243 269 80 170 190
2 31 3
48 104 244
1 11 7
124 197 132 246 126 171 44
3 25 5
203 244 40 13 251
1 22 2
111 225
2 22 4
128 111 24 52
2 13 8
52 180 106 119 282 105 299 7
5 17 11
55 84 250 40 216 134 254 12 269 87 171
3 12 10
93 173 167 164 207 227 219 196 253 220
3 8 15
226 195 171 247 131 69 112 114 290 199 210 277 57 224 109
1 14 5
256 172 26 34 128
3 15 7
18 248 100 91 280 173 244
2 9 10
64 248 182 150 162 79 215 276 163 272
1 13 5
47 13 264 102 84
2 8 12
278 228 165 182 3 66 186 5 240 85 36 52
2 18 4
283 242 248 172
4 16 10
259 38 154 118 109 292 204 151 8 12
3 21 7
232 260 154 89 147 34 5
1 12 4
262 58 106 186
3 17 7
149 134 168 82 167 264 84
5 17 12
282 16 128 286 83 91 278 87 3 109 252 77
6 19 13
144 284 115 205 43 39 35 17 262 90 113 200 267
2 13 9
159 90 111 62 72 20 157 42 201
1 6 12
118 61 285 77 269 174 95 74 206 107 91 244
7 16 13
146 71 188 65 100 209 87 98 20 221 193 284 228
8 20 14
256 187 123 14 172 13 32 131 158 96 93 149 299 140
4 15 6
183 229 86 249 168 115
6 20 12
245 261 47 121 241 294 80 15 240 166 190 279
2 13 8
16 78 278 26 201 297 259 79
3 19 6
135 42 239 112 226 271
3 26 5
43 128 166 184 269
5 20 9
115 96 176 206 117 201 150 90 127
1 27 2
213 192
7 20 14
73 110 64 227 201 2 133 82 85 142 144 159 90 260
2 13 3
24 156 260
7 22 11
243 45 248 6 275 113 112 62 204 250 34
3 13 10
276 146 257 205 136 111 245 50 194 33
1 29 2
207 32
1 7 11
146 23 38 290 61 24 166 201 257 169 21
4 22 7
176 221 226 187 102 42 136
2 22 4
39 88 47 175
7 17 15
205 266 152 75 256 105 220 114 246 187 126 161 56 26 206
6 25 9
159 248 20 195 52 111 212 28 49
1 16 3
160 79 139
1 31 2
111 44
3 18 8
238 83 131 61 10 45 113 232
4 17 10
298 156 115 30 291 228 11 183 129 257
2 23 3
265 239 207
3 16 6
182 92 106 117 134 289
3 19 6
120 7 215 74 36 71
2 9 12
261 169 17 179 32 200 238 167 235 78 41 202
1 25 2
21 40
5 16 12
57 116 283 155 248 281 208 26 28 124 215 43
10 21 15
69 99 101 86 151 71 269 263 146 95 132 162 225 292 39
1 35 2
138 5
1 10 7
97 70 213 282 129 249 29
7 16 14
276 112 245 260 185 14 214 172 86 136 243 42 288 88
4 21 7
252 119 292 17 53 182 80
2 16 7
13 35 187 72 172 241 93
1 35 2
128 246
2 27 4
197 172 121 67
1 5 13
224 163 48 178 164 162 170 225 189 227 192 183 283
2 21 4
48 297 162 1
2 24 4
68 202 150 282
5 13 13
131 200 297 59 169 280 224 283 31 183 173 77 83
7 17 13
281 32 45 262 12 272 296 226 68 0 107 115 268
1 14 4
280 142 88 50
1 11 7
108 121 218 26 157 201 161
4 20 9
15 126 256 43 266 200 191 252 288
1 24 2
78 96
3 24 5
73 290 35 77 137
3 17 8
286 261 288 161 91 85 257 271
2 16 6
264 184 99 205 226 292
1 16 4
145 223 216 98
1 6 9
77 297 243 122 98 143 275 226 238
5 21 8
241 286 4 119 0 19 83 270
7 21 11
55 216 31 223 21 13 245 170 63 228 39
3 10 14
182 129 248 97 69 24 207 127 78 95 210 141 106 244
9 20 15
80 154 188 94 203 276 236 68 225 56 186 93 52 265 17
5 22 8
140 177 112 69 154 75 153 73
2 17 5
47 255 52 7 156
1 26 2
274 276
1 6 11
278 217 156 71 181 115 270 188 162 118 280
9 20 14
18 277 172 272 87 166 13 248 3 153 60 275 265 46
3 11 11
22 55 109 223 260 234 9 124 31 122 274
4 20 7
158 134 4 36 288 166 33
2 7 14
110 26 208 298 171 32 24 58 180 269 11 270 92 97
6 19 12
167 90 297 52 105 177 96 236 148 187 43 77
5 15 10
215 83 161 52 195 82 258 164 116 178
7 19 13
296 130 154 42 44 219 88 278 2 251 113 18 110
3 9 15
113 194 191 62 83 288 86 43 274 26 263 213 120 88 49
1 13 3
267 86 52
2 15 5
85 196 150 211 280
2 9 10
242 239 26 55 71 19 259 202 98 271
4 26 6
164 236 176 61 78 127
4 17 9
80 49 31 58 143 190 139 173 111
3 20 6
94 200 52 136 85 47
6 14 15
104 198 9 249 237 91 286 33 169 36 252 57 108 219 225
1 8 5
86 16 164 139 127
1 26 2
80 220
2 25 3
59 42 100
1 9 8
37 133 76 161 187 245 135 148
2 20 4
143 96 124 214
2 8 13
4 292 107 271 257 183 17 102 179 217 123 185 159
1 7 9
144 124 22 110 178 94 167 212 112
1 6 12
30 48 135 93 292 68 227 214 9 64 118 165
2 15 7
143 134 298 104 53 144 211
2 22 4
31 202 128 240
9 23 14
102 10 298 50 85 66 299 234 136 7 231 190 138 113
4 15 10
150 92 40 102 28 195 22 71 215 160
2 15 6
10 251 81 139 205 259
1 17 4
25 175 185 28
3 22 6
60 48 21 41 101 226
4 13 13
168 91 292 282 268 34 48 299 260 193 247 4 196
4 17 10
131 163 155 263 204 112 188 147 130 250
3 10 13
101 291 240 136 91 12 119 108 4 206 215 69 6
3 17 8
158 234 274 289 239 132 19 187
9 21 14
269 42 196 99 177 282 20 275 209 191 134 84 270 23
1 17 4
156 126 49 40
3 22 6
201 104 62 285 31 291
4 12 12
31 0 4 149 12 180 227 37 187 97 120 14
1 20 2
188 248
2 21 4
153 69 113 92
2 14 5
203 145 70 56 118
6 20 11
16 189 52 259 80 170 202 117 135 280 113
2 21 5
19 146 214 224 167
6 27 9
197 39 90 29 56 232 263 236 72
1 11 6
99 179 39 119 156 184
1 18 2
8 259
8 20 13
52 13 266 297 161 134 277 230 83 280 233 254 0
1 9 8
18 290 128 150 108 62 158 11
1 15 3
229 124 55
1 12 6
138 242 140 80 93 213
2 28 3
236 153 291
1 13 5
50 68 239 96 281
8 23 13
134 34 185 160 31 43 285 176 95 263 149 236 50
5 19 9
104 212 141 3 143 136 178 78 180
5 15 12
26 165 93 160 105 55 188 146 7 108 155 151
4 27 6
12 184 34 248 110 154
9 24 14
7 176 23 189 248 215 122 227 254 43 164 207 272 78
4 19 7
165 172 287 162 33 148 225
6 25 9
64 162 13 284 147 151 264 59 89
2 11 10
89 158 210 19 282 159 202 23 298 299
10 21 15
55 8 10 14 259 38 282 246 123 280 84 97 57 103 71
7 17 15
84 220 203 285 226 255 264 117 112 106 61 103 95 25 147
9 19 14
20 38 7 265 199 228 95 137 109 82 55 145 214 241
3 14 10
258 39 271 231 245 277 107 171 70 200
4 12 14
84 298 165 238 180 243 10 188 48 38 152 59 274 6
1 33 2
12 295
2 11 10
129 2 42 68 49 161 38 295 272 257
2 17 6
62 156 129 248 132 274
2 18 5
186 158 16 66 162
2 16 6
236 235 82 155 126 54
8 22 12
216 6 59 241 120 61 154 32 195 193 251 283
2 7 15
237 74 37 299 76 96 240 228 109 164 130 124 286 80 45
1 22 3
13 101 132
2 7 15
275 244 230 195 251 207 55 25 150 107 143 185 119 155 226
1 19 3
74 263 251
3 13 8
87 165 74 269 154 128 1 260
1 12 6
68 188 71 87 207 278
7 21 12
245 187 19 276 132 14 42 53 285 124 81 27
1 11 6
173 59 298 148 278 150
4 16 7
25 205 82 277 65 79 196
3 26 5
48 58 282 6 202
4 14 12
190 114 165 47 212 237 271 90 248 176 295 232
1 25 3
289 147 215
3 23 5
44 110 167 32 148
5 16 9
131 208 198 229 281 117 106 45 157
7 18 14
26 173 203 65 16 77 230 162 255 66 123 40 294 253
2 18 4
182 278 18 208
2 14 7
69 202 12 94 89 39 126
5 21 8
109 194 295 237 83 18 279 276
6 19 13
209 11 43 292 66 130 211 157 41 259 290 214 229
1 7 10
167 0 270 158 13 251 147 223 203 87
3 27 5
39 201 167 119 240
2 7 15
234 291 24 90 253 80 185 237 284 23 227 243 190 174 162
1 8 6
179 260 81 146 262 267
5 21 9
244 158 246 75 60 156 211 81 223
4 19 7
112 258 215 263 242 6 97
4 12 15
162 267 270 214 24 41 190 176 206 191 197 189 255 235 188
1 22 3
241 226 254
2 18 5
193 263 206 161 15
6 16 15
81 38 255 270 200 129 45 42 207 173 165 20 15 54 268
8 20 15
171 172 39 80 187 149 220 207 132 47 205 222 288 1 251
5 19 8
259 37 82 123 277 16 88 9
3 27 5
13 5 213 281 252
1 15 5
176 9 289 215 50
3 19 5
17 108 205 267 77
3 20 7
45 166 12 216 201 7 296
2 14 8
87 176 287 46 18 292 28 214
2 17 5
102 270 281 70 132
1 25 2
191 233
1 20 3
231 61 88
1 32 2
252 290
5 15 14
299 145 231 91 125 72 98 31 192 172 257 107 59 250
3 13 11
62 48 107 53 207 129 265 226 86 149 73
8 19 15
254 116 24 270 13 124 268 247 7 141 20 53 78 299 163
4 18 9
218 281 142 265 34 76 89 51 247
3 10 15
207 125 24 167 256 61 39 151 108 77 196 90 148 259 4
3 24 5
135 103 130 114 43
2 12 7
179 62 115 161 34 97 127
4 13 13
153 19 277 92 205 229 286 198 280 95 287 35 71
2 28 3
53 66 175
1 25 2
236 292
1 14 5
254 139 278 116 38
7 19 13
240 204 209 122 19 163 268 247 251 78 143 190 167
3 13 11
69 223 235 241 239 37 148 194 174 204 100
2 18 4
86 199 47 135
5 19 9
7 216 147 15 70 256 253 45 215
2 10 7
106 156 18 281 79 204 116
2 9 12
178 8 282 181 16 86 144 130 180 244 241 135
7 19 13
16 208 200 56 274 215 231 230 3 105 148 38 147
1 13 5
57 49 138 275 136
8 20 12
211 2 183 260 9 108 144 140 264 53 117 40
1 23 3
181 223 259
6 16 13
54 280 188 275 44 128 139 223 276 31 59 278 209
1 9 7
231 154 143 140 288 18 275
6 15 15
106 44 265 145 71 240 74 252 235 249 291 28 27 288 274
1 7 10
254 76 49 228 79 30 184 151 290 171
2 32 3
124 6 80
1 15 5
192 200 122 24 106
2 19 4
86 277 162 225
1 30 2
40 47
1 14 4
204 52 245 209
2 14 8
286 131 123 90 265 34 38 104
4 15 10
280 93 153 147 35 204 260 275 233 111
3 19 5
30 265 222 87 121
3 12 11
15 3 209 71 160 225 54 128 138 232 90
1 15 5
79 215 36 224 286
4 18 9
76 179 234 36 163 49 194 74 230
1 12 6
238 135 121 106 31 48
6 15 15
64 234 17 208 205 152 24 102 46 65 210 41 217 250 10
1 8 6
265 269 89 234 156 202
1 17 2
56 57
1 20 3
227 71 66
4 12 13
275 265 81 222 56 54 58 41 89 21 98 119 286
1 8 4
270 118 139 279
1 15 5
190 239 203 184 197
5 20 8
19 81 97 179 180 227 276 196
2 7 14
139 21 270 31 27 147 79 62 68 172 59 44 180 133
1 18 4
212 185 192 23
1 13 4
136 88 292 111
1 16 4
221 63 245 89
3 10 14
292 271 129 157 2 79 9 65 218 121 54 82 296 44
3 20 7
295 135 193 129 204 7 227
1 13 6
200 139 153 259 111 174
1 10 7
19 142 111 4 76 214 87
2 18 4
83 291 25 131
3 15 10
182 28 37 263 60 147 4 299 68 145
1 6 11
247 231 163 77 27 298 256 147 218 275 31
2 8 13
44 192 218 162 102 219 233 117 271 82 61 36 281
1 11 7
28 171 220 30 209 6 293
2 13 7
21 258 49 50 247 260 122
2 9 10
169 209 164 243 180 24 3 236 275 184
2 15 4
237 17 213 244
2 13 7
256 287 272 65 36 85 66
2 12 8
281 50 204 135 272 229 188 66
8 19 15
128 298 207 283 32 242 117 194 170 154 38 103 40 218 116
3 17 7
199 245 5 15 181 262 279
3 15 10
200 251 138 190 90 96 87 213 192 270
9 21 15
278 170 180 6 159 153 141 290 100 18 212 92 179 194 274
3 16 9
175 293 112 82 28 294 76 64 122
9 20 14
299 68 24 149 224 156 297 212 51 93 205 76 226 228
1 12 5
173 232 120 221 40
2 13 7
146 173 175 168 271 242 274
1 19 4
159 189 154 1
3 11 11
280 124 44 259 239 216 191 38 184 49 86
2 15 6
57 200 266 272 24 224
7 19 13
135 186 191 127 10 4 113 8 152 256 68 7 227
3 12 12
138 184 179 35 14 78 6 13 229 253 205 5
1 17 2
242 56
1 7 9
6 111 57 20 251 101 256 244 117
10 21 15
287 171 196 73 105 64 237 84 142 292 200 124 260 107 198
4 18 8
74 170 108 179 240 113 285 185
8 18 15
207 8 90 83 231 235 215 212 283 39 224 201 6 25 258
7 17 14
56 285 166 271 35 8 207 259 188 133 60 225 59 115
2 10 11
175 179 249 227 279 178 284 159 72 51 54
2 14 7
144 99 188 208 180 43 89
3 27 5
286 51 186 264 223
1 5 13
204 201 238 131 264 268 265 25 270 140 78 262 33
6 15 13
81 124 287 292 233 131 38 234 114 68 165 280 206
2 17 6
84 288 174 128 95 50
4 23 7
121 80 296 18 181 2 4
3 14 10
147 102 224 181 269 49 187 234 59 208
1 24 3
20 31 214
1 5 13
217 123 221 277 79 210 12 45 90 156 213 289 142
5 18 11
214 40 213 32 70 217 103 181 120 121 227
7 18 13
8 228 284 255 102 117 39 7 197 222 261 230 281
2 11 10
115 45 291 39 36 9 160 189 41 262
3 17 7
210 69 76 40 252 97 117
5 14 14
154 240 198 148 290 27 235 257 89 231 156 242 47 64
1 7 10
175 293 84 294 23 117 2 208 32 120
2 16 6
248 29 94 109 238 84
6 20 12
201 113 211 16 194 172 73 142 82 147 146 256
4 12 12
217 17 132 116 141 295 145 288 262 279 91 10
5 22 9
240 66 8 75 25 236 113 163 192
1 17 4
291 38 261 134
1 5 15
299 187 41 250 145 94 156 79 113 63 231 249 35 86 142
2 20 5
137 98 286 50 163
1 16 4
32 204 163 263
6 20 12
73 149 278 207 168 41 36 15 162 229 16 263
3 17 7
215 148 131 163 150 50 25
1 8 9
122 173 158 163 71 123 4 282 64
1 7 9
160 207 140 118 30 247 162 33 220
1 5 13
140 170 126 153 68 27 226 250 116 206 135 297 281
4 15 11
13 65 280 277 45 294 238 269 46 20 275
3 21 6
183 148 235 226 200 257
1 29 2
171 124
1 9 7
124 51 82 6 91 26 122
5 17 9
14 89 293 96 279 91 255 152 146
4 14 11
80 81 263 257 76 285 208 219 0 193 259
4 20 6
262 62 94 20 54 70
2 14 7
112 9 119 279 39 129 224
6 19 11
54 227 14 175 62 184 273 158 209 33 166
1 24 2
243 232
2 9 10
169 277 266 100 83 59 232 148 260 242
2 22 3
88 70 153
1 13 4
237 192 1 222
5 20 10
291 287 42 241 120 72 154 261 54 97
5 15 12
264 97 194 199 15 208 145 137 140 133 276 129
3 14 7
213 215 24 53 79 111 48
2 16 5
86 172 144 137 21
3 11 12
47 135 271 7 103 148 237 230 50 177 232 248
3 15 8
282 136 220 116 37 274 112 143
6 16 14
145 58 236 180 211 32 126 104 264 91 282 56 262 237
3 21 6
175 50 40 113 26 114
4 16 10
4 254 214 32 239 27 235 74 184 37
1 11 7
195 28 11 160 32 119 244
2 19 5
3 121 100 215 59
4 16 9
89 146 188 44 246 280 268 287 170
7 17 11
94 259 191 39 118 8 213 74 231 32 287
2 19 5
279 8 42 180 286
2 16 4
70 259 100 56
1 11 7
151 176 97 130 68 228 90
k 20
