300 900 465
7 17 9 13 1 23 22 17 6 9 27 4 16 19 18 16 21 14 22 25 28 17 9 22 1 14 14 24 30 13 22 20 5 18 21 30 30 5 30 28 13 17 8 29 4 20 21 10 12 10 21 30 10 30 11 26 3 5 20 16 1 20 29 18 23 14 14 20 30 12 5 26 8 16 5 1 7 14 28 26 9 13 9 26 18 27 2 14 12 11 3 28 5 23 6 17 12 26 19 9 5 10 25 9 13 11 19 30 6 20 28 14 30 8 30 12 19 15 8 15 28 10 24 19 2 22 6 5 12 15 12 21 13 27 18 9 8 18 24 21 9 8 26 4 6 10 6 6 16 22 22 2 2 15 9 8 13 29 19 13 19 28 1 6 9 14 10 22 4 19 3 28 13 6 10 27 1 1 21 20 27 5 29 2 2 11 25 22 2 28 29 14 18 2 26 8 20 11 16 28 5 11 21 29 14 10 11 24 26 27 21 23 5 9 6 24 9 19 9 7 11 15 25 10 29 14 13 23 9 7 24 26 25 22 13 11 7 5 12 8 15 11 2 11 25 7 4 4 29 27 6 4 21 16 29 12 18 28 5 9 25 19 25 14 3 2 12 28 10 17 26 12 12 2 29 12 25 6 2 14 24 18 19 6 16 8 27 14 17 15 6 8 6 11 10 2 29 9 15 3
1 24 8 26 9 19 1 6 24 23 30 26 12 24 27 2 16 20 27 12 29 4 29 26 13 7 3 22 28 2 2 11 22 18 8 19 10 11 19 27 13 27 22 5 12 14 28 20 27 4 9 7 19 28 16 4 12 17 16 21 7 8 16 28 17 21 25 12 25 28 30 27 28 27 4 26 14 7 13 13 2 8 28 14 28 1 14 16 8 1 9 11 4 11 28 5 15 30 6 3 17 20 28 14 14 1 28 21 19 27 10 5 14 30 17 21 24 1 22 8 23 15 5 17 5 30 6 17 30 26 25 5 23 19 6 26 20 27 15 18 16 12 18 23 28 28 30 21 14 4 9 8 6 2 7 20 4 1 3 26 16 13 1 27 7 4 13 9 13 2 10 29 12 5 7 27 22 22 10 8 2 3 29 18 18 15 6 4 21 22 9 7 23 27 18 25 24 14 5 22 6 14 8 1 14 26 22 29 29 6 1 13 5 16 10 1 18 13 2 12 15 16 10 3 29 22 22 18 24 24 20 1 23 12 12 9 26 13 11 8 8 22 4 24 20 10 24 9 11 24 25 7 24 6 4 9 7 17 21 28 22 9 20 29 26 3 17 4 1 11 27 16 24 2 18 17 19 10 26 29 2 20 4 25 9 26 18 8 18 14 24 30 10 13 26 14 7 6 27 12
6 6 11
247 232 181 28 65 251 26 266 97 176 153
3 7 5
18 158 296 160 272
2 15 14
287 93 168 41 36 254 49 240 122 284 285 125 185 82
2 15 3
24 198 285
1 6 6
178 50 206 230 35 81
2 7 11
46 49 135 260 291 227 171 261 146 138 235
2 16 3
138 88 172
4 6 12
77 191 72 79 3 128 186 256 145 276 293 81
3 14 11
7 201 111 63 15 177 66 42 176 241 225
1 3 15
152 21 28 298 172 196 63 120 146 107 15 216 162 103 166
2 10 15
48 104 198 296 82 60 16 134 71 33 224 274 29 187 221
1 9 6
18 142 48 161 73 46
6 15 10
59 143 163 265 209 234 34 154 197 285
6 5 12
117 36 179 253 108 287 156 220 170 41 66 229
4 17 7
18 75 165 239 56 262 129
3 11 14
284 25 107 207 204 234 182 47 222 246 5 174 256 169
1 5 6
188 157 74 207 277 82
2 9 8
127 158 252 160 205 200 223 211
7 16 11
25 226 93 235 171 143 256 251 95 265 219
3 14 13
176 0 70 96 103 32 211 50 185 296 45 154 131
1 13 4
53 263 201 108
3 11 9
251 188 258 113 239 96 97 107 203
4 15 6
208 24 157 139 239 281
3 5 6
41 210 232 15 199 284
6 8 13
298 196 267 161 256 50 137 177 181 185 264 41 252
5 11 12
99 215 139 253 282 167 213 119 207 78 100 34
9 2 14
82 169 208 202 39 173 30 121 270 15 94 221 225 294
6 7 10
205 82 293 101 193 287 93 118 54 253
3 13 5
69 29 235 234 31
1 1 8
200 157 12 248 9 264 57 146
3 1 12
203 241 77 167 92 145 202 261 41 0 299 97
3 17 8
19 229 71 194 85 175 191 292
1 17 3
291 121 260
7 15 12
282 93 170 20 6 62 244 86 96 116 200 28
4 15 8
26 257 43 106 259 208 77 268
3 12 5
282 258 185 257 19
3 17 8
228 296 174 188 125 35 180 243
1 7 14
45 287 74 164 127 110 147 148 39 290 194 189 225 106
3 18 10
239 94 18 93 279 67 92 54 99 103
2 9 3
235 236 99
5 11 11
202 219 84 81 233 26 41 33 221 251 208
5 19 13
299 249 136 290 226 84 80 298 130 57 124 7 11
3 8 14
171 183 182 1 224 60 286 263 277 118 78 125 219 38
6 3 14
119 220 245 28 199 164 248 178 136 96 141 249 129 237
3 4 11
264 166 52 15 75 86 143 189 283 198 233
9 7 14
191 23 271 53 57 192 298 3 15 6 73 18 52 45
2 14 7
179 103 205 76 50 4 285
4 4 10
94 232 188 145 171 29 40 257 269 65
1 3 2
134 110
2 12 6
88 219 167 189 299 213
2 12 3
208 278 122
3 12 12
234 199 87 187 85 101 186 255 254 210 30 208
6 4 12
111 275 190 6 88 107 201 79 153 251 39 140
1 12 14
133 199 146 289 194 154 64 76 200 183 54 42 294 293
1 13 2
195 113
4 1 7
10 198 77 122 36 29 270
10 20 15
179 103 132 37 254 255 221 99 291 292 122 203 166 288 204
7 17 15
19 276 197 246 171 100 231 143 281 163 194 271 11 298 135
4 17 15
249 274 127 48 13 3 16 124 145 253 116 182 191 280 282
1 15 4
174 262 248 105
3 2 7
67 203 230 98 152 1 289
2 18 4
160 242 89 126
1 8 12
155 93 151 192 11 94 131 30 8 294 136 103
2 14 5
18 231 130 100 23
3 2 9
152 182 203 124 145 247 197 207 120
1 18 6
76 77 39 147 85 285
4 20 6
187 101 14 31 287 239
10 8 15
275 288 150 31 63 231 258 253 50 236 261 240 152 98 142
5 10 10
123 37 100 65 1 236 204 291 259 254
1 1 8
141 6 137 84 232 177 183 56
9 20 15
65 281 290 12 26 95 68 285 171 34 291 18 187 155 87
3 17 6
73 296 120 100 277 230
1 8 6
208 186 161 150 183 68
7 17 14
82 261 1 17 233 131 84 85 104 11 243 226 92 207
2 7 5
269 145 93 73 263
4 20 7
127 130 146 69 225 117 286
1 3 3
100 44 260
6 16 9
234 179 101 32 160 25 5 163 236
4 19 6
231 293 29 49 36 140
9 1 14
87 89 172 163 119 287 221 248 278 154 223 292 96 232
2 6 3
209 219 142
1 5 2
32 253
2 18 13
232 132 276 27 70 108 141 1 99 106 256 49 33
8 9 14
131 161 164 236 143 266 159 24 92 292 210 99 227 107
2 19 5
106 170 128 273 194
1 11 13
144 188 193 64 181 202 190 236 234 61 32 74 231
4 16 7
102 192 78 139 189 159 202
1 18 8
54 149 284 120 214 77 244 261
1 13 6
295 105 220 178 204 76
5 2 12
83 217 228 166 190 124 42 90 110 22 79 199
1 4 6
88 122 134 68 117 178
2 11 3
82 40 54
9 10 15
172 118 72 226 35 230 50 223 298 47 51 186 61 24 75
3 6 12
59 281 121 18 248 84 106 267 178 216 119 290
4 15 10
186 65 51 185 269 180 178 255 235 111
1 20 8
51 43 100 90 203 18 120 244
1 18 7
273 147 226 217 172 194 271
6 17 14
296 286 187 74 75 178 240 196 181 170 153 5 23 116
6 13 11
91 71 123 9 56 69 39 27 191 241 51
4 10 6
229 173 148 275 180 111
1 13 2
216 79
2 11 3
172 188 186
3 5 5
51 31 270 218 143
8 8 14
80 10 92 45 271 293 223 179 176 198 226 164 202 29
7 13 13
168 187 174 16 97 232 145 121 178 106 63 153 167
3 8 14
165 126 155 195 138 163 68 297 228 140 136 35 282 13
4 5 15
250 107 57 176 187 160 21 43 72 242 30 60 162 40 247
2 15 4
123 76 72 29
2 12 12
198 71 69 269 3 172 215 217 163 127 66 84
6 11 12
100 216 269 107 75 174 138 209 118 172 294 290
4 5 6
297 289 18 171 63 146
5 12 8
146 210 35 266 144 232 46 136
2 6 3
262 46 174
5 4 8
36 66 15 119 162 207 97 143
5 18 13
80 71 297 142 0 280 194 251 235 249 103 76 288
2 3 3
291 11 190
3 20 5
28 153 148 216 190
6 12 10
200 76 15 257 294 6 287 260 213 220
1 19 6
128 80 172 231 283 152
1 2 9
185 28 295 172 65 9 114 227 26
3 15 9
182 66 6 263 15 229 246 153 37
8 5 15
79 175 58 25 297 204 132 217 17 53 26 220 147 124 251
1 19 4
161 174 44 96
3 10 10
39 186 7 271 18 189 12 182 16 94
2 5 8
118 184 13 158 277 223 180 291
2 8 5
162 193 194 118 232
2 18 5
262 269 28 273 45
2 14 13
44 268 192 215 109 209 78 160 269 191 14 51 224
1 19 2
19 267
5 3 13
240 89 100 280 180 132 154 108 58 77 27 282 284
2 15 5
63 165 50 232 264
3 4 6
263 113 181 203 89 219
5 20 13
138 184 85 1 0 116 127 179 155 214 166 52 195
2 15 3
47 68 231
1 1 2
0 15
2 13 3
35 8 160
3 1 11
297 221 187 38 78 135 197 179 274 47 151
4 3 6
294 199 251 225 285 274
3 20 8
10 203 186 141 288 172 259 45
7 7 11
88 89 37 56 32 172 190 100 221 126 226
2 3 3
191 148 18
4 16 13
229 277 4 28 12 158 175 84 168 291 14 70 17
3 19 13
177 62 166 106 15 168 115 256 98 255 9 24 42
6 18 14
221 201 92 44 171 139 151 234 23 192 242 37 9 43
1 10 14
188 27 295 260 204 22 211 0 281 128 258 24 284 31
1 7 5
95 17 205 187 138
1 12 10
128 76 56 183 181 230 37 171 165 201
2 20 3
195 167 133
3 17 8
290 81 180 122 105 217 74 176
4 8 7
21 90 253 104 110 213 298
2 6 11
245 268 136 147 131 189 292 13 107 165 258
5 12 8
79 153 220 192 13 262 140 119
1 5 9
51 138 228 251 246 89 214 240 14
7 1 13
234 151 170 80 86 238 199 70 140 33 269 173 81
2 17 8
124 261 74 210 11 162 255 41
1 16 5
100 60 229 198 156
4 11 7
290 179 147 34 187 132 253
7 5 14
46 112 129 153 79 274 111 77 285 145 227 4 273 161
4 14 9
35 164 253 254 234 237 67 208 101
1 19 13
58 78 252 94 65 12 34 137 9 258 35 287 218
3 9 5
185 280 207 287 298
4 8 14
199 193 186 250 260 154 48 89 16 46 58 279 270 7
7 20 13
181 223 104 44 125 111 295 164 147 249 254 186 78
1 2 2
51 94
6 18 13
4 236 274 183 204 148 185 114 243 264 62 241 153
2 11 4
131 89 152 62
1 16 9
118 50 9 35 17 264 269 236 200
1 8 2
208 147
8 9 13
177 134 109 270 84 276 34 171 145 295 49 111 151
1 9 3
261 233 184
6 10 13
52 32 291 176 180 25 195 44 101 40 68 281 254
1 13 3
64 244 120
2 16 11
201 265 147 221 251 70 127 280 275 215 81
8 9 13
196 216 262 188 125 250 286 222 26 291 56 148 160
2 7 4
263 79 136 259
5 20 9
88 217 105 236 279 239 246 52 196
9 9 14
220 153 171 43 152 141 292 49 289 52 98 283 55 86
6 4 12
150 184 34 118 165 27 139 130 179 48 209 63
4 20 12
146 203 36 180 123 14 56 169 9 83 76 252
3 7 7
25 231 293 123 245 81 188
2 17 4
152 79 287 49
5 16 9
1 72 244 38 43 188 144 255 129
5 5 12
279 141 54 149 127 221 115 91 270 101 53 189
3 19 5
204 68 72 102 85
7 14 14
19 64 228 180 152 144 137 49 122 159 207 165 33 18
1 17 2
237 235
2 5 5
275 32 190 148 81
2 1 4
224 237 245 171
5 11 12
32 167 21 38 193 1 160 176 233 84 158 280
2 11 3
224 254 297
2 16 3
236 250 262
1 2 3
140 123 149
2 9 9
299 227 66 79 156 213 163 196 268
6 20 9
126 27 10 158 120 227 166 60 59
7 9 12
0 288 198 67 40 30 153 154 132 239 286 254
5 20 8
135 297 243 214 173 117 191 97
1 6 4
121 140 281 27
1 7 2
263 102
1 6 3
57 222 34
1 8 7
201 197 185 10 205 96 5
2 16 3
62 58 2
7 10 11
208 264 272 163 240 225 126 85 23 265 114
3 8 12
17 271 194 149 176 227 216 268 125 230 280 248
2 11 3
85 259 70
3 18 10
155 6 214 184 269 286 133 169 71 285
1 20 2
35 295
6 18 13
247 155 275 288 60 197 265 73 143 134 294 76 188
1 15 2
159 164
4 5 8
162 151 214 295 13 96 264 105
4 13 14
176 102 68 263 92 212 225 145 36 167 194 40 19 185
3 15 8
173 201 84 94 56 277 60 82
3 8 7
67 179 21 264 287 84 44
3 13 6
13 65 128 293 132 25
3 14 5
71 42 187 282 73
2 5 5
234 11 106 95 57
2 2 15
136 190 68 90 71 78 64 61 215 179 129 202 145 106 83
1 19 2
10 86
2 17 9
215 246 230 281 64 100 138 67 47
1 2 2
203 232
5 12 11
263 202 26 108 180 5 254 138 242 283 224
1 12 7
131 285 237 212 155 19 65
5 1 14
113 263 169 192 84 128 182 6 60 79 86 7 210 254
1 11 11
223 216 109 151 6 207 40 286 169 122 34
2 20 4
31 14 47 76
1 13 9
66 30 60 155 55 198 295 253 282
1 19 2
6 99
1 17 5
67 273 244 59 180
2 2 7
59 141 257 199 58 144 95
2 15 9
23 103 290 73 176 182 95 48 179
6 13 10
29 235 34 47 269 226 175 54 32 164
6 8 11
12 209 221 274 240 152 171 290 7 73 189
3 12 5
59 149 152 232 73
2 6 13
96 223 230 232 205 214 280 272 261 65 49 254 110
5 12 15
140 152 238 118 56 63 267 62 93 184 261 113 115 70 292
7 3 15
51 294 240 32 247 152 164 33 167 115 94 182 120 101 22
2 13 6
8 257 288 112 115 205
1 17 5
95 139 67 186 295
1 10 11
45 81 126 194 240 259 296 93 139 49 141
6 17 12
140 77 137 142 76 271 186 207 22 185 139 165
3 19 5
18 33 62 74 138
2 2 5
4 257 232 55 104
1 2 4
23 4 243 64
1 7 2
90 104
1 5 3
3 150 42
3 15 5
128 242 159 43 243
9 14 15
116 115 225 247 6 203 117 132 99 167 237 243 18 240 110
2 20 6
45 107 34 203 239 218
1 15 11
107 268 293 264 178 153 108 208 286 41 96
10 16 15
91 131 15 132 120 220 25 221 102 16 279 114 60 76 254
1 12 7
257 11 100 168 24 130 173
8 19 13
18 63 285 221 278 243 33 109 189 52 121 159 281
5 19 13
141 26 89 266 116 201 94 268 285 208 17 131 258
1 19 8
80 96 214 282 293 238 53 101
7 2 11
189 191 181 24 260 136 111 8 165 223 88
1 6 11
170 131 255 49 157 19 234 232 45 79 187
6 5 10
213 266 51 52 211 196 109 3 4 41
2 2 3
240 129 256
3 14 11
271 64 9 154 149 61 234 123 67 13 41
2 6 14
273 294 197 1 83 68 249 125 155 288 4 134 290 224
3 13 9
48 274 256 170 107 8 111 184 0
3 11 12
24 298 20 278 56 252 268 127 294 211 191 106
2 2 4
210 79 32 50
4 11 12
242 235 37 156 87 131 206 7 149 76 53 111
1 16 2
208 140
1 12 2
265 206
1 16 2
36 161
3 11 15
274 77 288 298 41 279 159 233 294 149 92 31 79 155 38
2 13 3
56 73 192
5 10 8
224 243 273 57 47 62 219 190
1 13 3
130 188 183
8 19 14
258 193 146 231 191 173 136 150 224 259 140 189 30 92
6 6 12
20 275 243 102 80 238 182 219 200 1 161 177
6 2 15
109 73 275 209 22 246 124 72 157 107 13 15 32 215 230
4 13 6
253 244 70 291 196 155
7 1 11
118 275 85 80 225 97 268 147 255 38 180
2 8 10
160 255 233 76 266 198 21 37 208 111
5 11 8
11 6 75 256 208 236 192 1
3 18 7
207 89 22 196 53 51 257
3 14 5
99 273 214 288 137
3 14 13
76 27 85 22 195 81 134 172 151 155 98 273 140
3 9 7
287 288 217 114 252 159 103
2 18 7
135 274 154 178 258 241 132
3 12 9
121 89 103 6 138 125 126 73 293
3 13 10
121 157 220 57 187 110 89 142 51 194
1 10 4
1 269 162 38
4 17 11
128 149 199 75 212 297 57 168 232 15 255
8 4 12
271 259 79 54 30 8 202 86 39 0 46 287
2 6 10
140 38 47 17 254 230 146 77 188 211
2 8 11
234 58 180 198 162 196 187 244 42 157 97
2 7 10
236 86 165 49 101 256 166 102 97 194
1 20 8
30 247 135 37 170 108 63 150
1 20 4
269 55 20 172
3 6 5
1 172 163 40 51
1 3 2
50 169
1 8 4
202 214 292 273
4 13 8
284 273 92 159 62 203 222 192
3 5 5
28 185 110 76 181
3 15 5
105 293 148 295 166
1 18 9
238 267 269 54 12 276 217 100 165
3 8 6
222 123 110 226 2 52
4 9 6
187 268 298 88 248 40
1 13 2
158 288
6 10 9
202 95 158 195 125 204 148 224 121
3 12 5
187 114 279 94 174
8 17 14
130 36 68 277 99 225 250 32 122 123 29 113 2 59
4 20 10
29 47 118 236 128 105 23 16 214 222
7 8 12
116 294 117 195 259 291 32 251 71 33 97 170
6 6 14
22 293 55 166 29 241 11 109 290 158 186 124 110 168
1 9 4
195 50 126 238
1 17 6
261 54 237 247 156 225
7 13 12
41 221 128 135 233 259 115 166 264 143 49 116
6 10 10
123 186 204 255 91 115 27 76 282 162
6 15 14
37 193 187 111 237 36 113 154 32 86 57 169 287 246
6 12 13
285 142 169 264 129 192 152 276 69 18 177 244 200
1 19 2
292 245
1 7 2
200 279
2 14 4
94 130 167 185
1 11 3
92 115 69
9 3 14
136 61 56 34 275 82 187 145 180 247 46 35 185 62
1 9 2
283 203
2 15 6
195 242 289 135 115 108
1 1 2
138 62
6 18 12
250 6 258 294 192 195 50 11 70 214 115 145
1 5 7
236 34 254 138 103 81 189
6 9 10
299 256 226 73 268 109 161 237 183 215
4 5 7
221 17 217 287 213 242 126
3 5 15
219 275 48 102 59 73 153 279 289 109 216 187 4 199 186
4 13 9
87 118 158 14 23 95 83 209 29
1 20 4
129 40 222 153
9 20 14
220 141 52 42 169 152 58 268 237 75 232 214 282 233
1 18 6
17 13 128 272 14 117
2 1 3
62 232 73
1 3 4
237 164 128 170
1 17 14
133 73 247 170 178 269 185 29 127 137 78 123 41 102
5 15 11
172 28 280 161 99 137 37 67 41 255 27
2 5 8
192 11 110 204 71 93 242 41
2 8 10
134 85 211 164 18 170 79 274 284 14
5 7 15
78 252 72 23 209 24 235 54 98 220 230 201 249 274 289
1 11 4
199 292 276 121
1 1 2
16 200
3 16 12
82 256 101 72 190 260 130 133 81 146 54 115
2 9 8
22 286 240 197 125 245 159 203
2 16 4
40 95 28 290
7 19 15
78 58 152 188 23 54 159 135 244 123 220 178 202 121 17
3 4 5
190 4 19 161 23
8 2 15
134 91 195 104 287 294 264 148 282 225 266 179 6 136 140
2 14 7
138 175 63 242 8 112 289
1 9 3
231 137 264
6 6 15
263 149 175 84 189 174 295 114 30 88 96 155 101 235 105
5 8 10
183 2 223 61 60 214 240 115 150 171
1 2 2
204 172
4 4 15
5 111 269 185 192 234 206 167 275 147 157 193 98 132 223
5 14 11
81 128 72 67 40 289 29 8 150 240 227
1 11 5
176 179 120 239 147
1 13 13
252 3 142 168 49 40 78 166 51 99 294 22 38
3 1 12
21 150 165 146 71 272 26 213 112 122 124 254
4 7 12
86 79 289 284 93 242 278 43 176 170 258 184
6 17 9
196 138 142 209 255 215 165 20 77
2 4 4
57 25 237 82
2 2 5
272 218 213 297 207
1 4 3
136 56 243
2 7 9
260 38 65 116 113 20 245 282 240
1 1 8
41 204 160 1 123 64 218 118
8 20 12
246 167 87 92 40 25 231 176 234 11 75 50
3 8 6
133 25 292 262 11 30
2 18 4
163 275 205 278
2 8 4
16 2 27 206
2 19 3
157 269 116
3 14 8
20 283 78 284 198 120 121 83
1 7 2
32 41
3 2 7
286 181 272 103 192 99 134
4 8 14
293 52 62 256 0 189 143 108 93 197 182 23 40 175
4 17 6
244 169 252 25 189 257
7 16 12
48 247 202 199 24 93 159 99 166 152 207 85
1 2 2
169 294
2 5 13
95 184 67 118 88 5 105 48 266 175 188 84 144
5 5 9
48 9 146 117 3 162 0 112 130
8 2 15
255 216 259 262 30 295 68 127 119 177 171 161 16 60 93
1 13 8
54 258 18 35 146 149 286 182
1 13 11
221 262 141 240 285 81 186 55 234 189 2
1 14 2
139 207
2 13 4
195 18 88 188
6 19 13
267 55 278 80 21 37 5 186 28 125 35 288 46
7 6 15
94 286 172 227 155 7 30 206 67 120 61 51 85 70 50
1 1 5
199 120 258 273 254
4 5 6
24 183 243 2 216 170
4 7 10
27 234 51 258 8 100 134 154 156 215
3 11 6
142 262 56 48 139 168
2 16 6
43 108 59 104 146 158
1 8 2
234 87
4 2 14
89 18 250 222 109 134 283 49 256 151 122 82 31 52
9 20 14
31 106 204 150 288 117 118 185 160 40 149 284 220 289
2 3 5
275 281 42 258 245
2 4 3
128 27 221
2 11 4
61 299 263 155
3 9 11
267 8 178 296 211 94 289 140 295 52 261
6 15 10
53 2 286 152 210 250 225 229 259 58
2 15 3
107 227 237
2 7 3
81 39 161
2 16 3
71 140 50
1 14 2
111 23
4 14 11
85 99 15 281 181 228 23 185 179 193 172
2 3 4
149 255 176 250
4 16 6
108 123 194 50 118 22
4 18 8
260 135 87 100 158 70 64 82
1 1 3
279 44 267
2 4 4
201 94 5 223
2 6 6
246 198 222 166 195 293
5 3 9
273 150 235 77 289 115 262 266 171
2 18 6
188 52 281 201 78 86
1 12 2
70 83
2 16 5
6 205 110 98 182
2 15 3
4 256 255
2 12 3
13 266 290
1 5 5
220 138 91 228 278
6 7 12
39 219 58 36 191 93 113 80 157 43 230 60
1 9 2
196 259
1 8 6
182 93 278 83 135 2
8 16 15
158 274 257 19 9 143 102 213 0 62 280 203 148 154 152
1 8 4
178 275 78 293
4 20 12
26 89 211 158 137 274 165 196 215 29 195 246
1 19 10
114 140 223 194 217 110 220 121 99 281
5 7 10
61 87 140 84 139 43 181 238 29 208
6 14 12
220 151 185 42 257 138 298 297 144 251 44 204
4 5 8
41 54 143 110 275 69 190 213
2 16 3
86 151 51
3 4 10
51 6 86 250 129 118 81 99 166 50
3 14 14
296 138 60 140 17 40 188 270 42 90 73 99 11 29
2 6 13
107 248 130 112 196 283 159 255 54 243 109 73 239
2 17 5
10 111 223 277 54
6 4 11
297 39 270 271 8 23 299 239 257 292 26
3 4 13
40 48 286 5 101 90 257 136 243 207 30 27 173
9 8 14
259 157 53 156 117 298 67 183 186 125 149 229 35 190
3 9 15
15 122 233 82 2 62 119 185 217 117 87 12 216 145 170
3 8 9
114 208 194 153 98 174 145 186 173
1 20 3
8 195 15
6 8 10
59 253 45 43 291 9 277 156 100 213
2 6 14
121 2 52 172 153 183 98 126 27 60 22 106 181 24
2 19 6
118 46 93 195 257 219
6 7 13
200 110 108 144 63 2 33 178 179 57 132 281 201
5 5 14
136 137 76 202 272 127 293 187 267 3 69 117 169 237
1 1 8
37 47 264 15 163 13 224 84
1 16 10
25 247 12 177 70 42 281 20 262 261
6 12 12
50 126 143 223 212 22 5 6 268 128 174 189
1 11 12
278 257 32 195 296 207 283 156 98 35 239 219
6 16 9
64 76 74 149 89 22 158 217 126
8 10 14
228 141 59 127 202 182 121 199 206 164 226 295 25 161
5 18 10
166 162 200 159 255 7 190 212 291 5
1 2 7
69 196 180 151 254 192 269
2 8 4
267 123 265 117
2 8 10
17 124 41 231 1 140 74 266 139 62
7 19 11
58 83 96 217 202 262 73 259 176 79 2
5 8 10
122 210 76 61 89 187 127 150 177 92
1 5 8
246 277 226 170 7 24 237 265
7 4 11
249 235 93 205 174 254 156 36 117 138 253
4 19 7
232 5 39 108 67 34 181
4 8 11
37 170 127 60 187 213 162 1 135 53 267
4 1 13
179 177 32 53 12 236 154 149 14 59 187 30 195
1 3 7
262 288 279 111 244 164 63
4 6 8
104 0 58 215 159 98 149 219
1 12 8
62 158 77 70 151 131 100 173
2 2 6
204 213 50 292 113 235
2 17 10
103 22 33 211 266 258 271 63 168 111
2 20 9
191 292 279 58 82 146 240 97 105
4 16 8
54 124 285 121 58 14 78 141
6 15 15
272 217 95 54 269 139 250 12 3 223 53 211 258 34 77
5 8 9
9 267 16 163 155 3 241 131 140
3 3 10
219 45 292 256 288 117 247 196 104 240
1 3 2
182 205
2 8 7
24 64 288 139 121 226 46
3 19 10
159 13 154 99 242 277 249 23 282 89
3 15 8
203 139 218 37 217 282 117 182
1 11 2
62 16
1 2 10
277 21 288 213 249 157 240 81 41 275
4 12 13
3 49 281 91 228 193 216 285 84 135 194 202 162
6 3 10
203 94 279 256 291 135 188 146 227 210
5 15 9
232 21 86 216 294 170 147 249 12
1 9 10
211 129 81 92 166 202 234 285 122 82
2 16 3
11 30 257
8 7 14
6 243 272 50 144 196 138 7 75 37 160 35 118 19
1 7 4
257 84 243 280
8 14 14
0 226 127 24 221 66 10 246 37 46 48 102 199 213
7 16 13
257 47 20 157 239 163 26 16 194 238 22 181 98
1 4 13
152 87 209 117 153 204 299 81 7 262 57 124 131
4 15 8
51 294 117 298 170 100 166 238
8 6 15
26 44 128 88 245 21 174 120 247 168 157 0 257 234 33
4 19 14
28 173 30 62 118 260 202 14 44 209 21 69 143 286
2 15 14
114 245 18 152 29 214 241 151 219 244 191 57 268 112
1 4 6
46 41 89 140 29 156
1 6 4
243 187 162 138
7 4 11
133 221 195 220 122 291 58 164 117 4 299
4 12 11
166 49 156 97 89 252 133 15 44 143 154
2 1 4
123 214 194 56
3 18 13
205 164 1 194 72 129 48 82 225 10 66 200 235
2 3 7
183 60 25 278 216 211 212
2 1 4
7 259 118 1
5 5 11
242 147 136 0 95 294 125 12 109 30 190
3 2 8
284 87 293 81 54 252 143 67
1 20 5
296 165 36 280 78
3 17 14
133 109 32 196 261 297 253 7 129 81 128 255 74 8
2 18 15
40 23 144 3 100 278 246 88 66 256 109 168 26 232 11
1 1 9
65 201 21 298 273 176 160 232 29
3 8 7
56 41 280 225 256 71 233
1 15 2
97 288
2 19 12
221 8 1 129 56 246 147 54 74 127 182 280
6 14 14
128 278 83 248 82 126 156 139 46 209 299 122 16 60
4 13 6
79 160 222 89 249 55
2 17 3
209 215 13
3 5 5
69 58 41 277 12
4 11 12
145 187 257 140 108 151 251 170 296 74 290 265
9 8 14
192 85 160 62 242 81 44 76 16 15 163 92 25 270
3 6 8
99 136 124 187 199 149 186 30
1 8 8
146 140 18 191 153 34 298 65
3 7 9
71 198 248 31 11 299 156 105 180
1 3 4
222 94 162 73
2 15 11
206 282 12 126 229 221 110 31 163 190 270
2 9 11
86 281 120 39 48 288 145 26 137 251 285
1 4 6
209 80 111 39 105 206
3 10 9
219 178 109 92 164 255 171 65 170
1 8 2
237 142
1 10 4
153 22 93 14
2 1 10
32 133 152 185 217 194 235 147 0 94
9 1 14
278 143 189 15 221 260 169 204 241 236 162 34 288 164
2 10 10
231 180 278 272 129 83 273 172 137 287
3 9 7
267 30 188 270 230 121 143
1 4 2
60 139
5 8 10
150 60 172 65 262 13 224 92 120 10
2 9 5
38 152 243 121 220
2 4 15
220 146 62 184 90 103 163 111 207 247 59 101 222 277 217
2 14 3
291 251 261
6 13 13
140 257 128 109 230 210 87 150 240 91 11 239 226
5 16 8
149 166 274 229 249 48 290 85
2 12 11
14 132 223 19 222 216 122 145 299 67 192
1 10 8
136 205 29 116 145 241 35 217
2 15 11
78 286 208 199 294 284 229 214 70 10 240
3 15 6
194 217 147 41 35 72
2 10 14
27 276 41 294 240 195 157 176 207 186 173 220 24 188
3 2 5
251 192 99 230 25
2 3 11
107 148 259 254 144 109 217 48 268 57 170
1 14 5
233 39 108 83 41
3 3 13
130 219 31 79 253 66 288 274 86 183 36 71 175
4 4 11
236 62 79 268 120 289 264 127 234 286 149
1 7 2
234 239
5 3 8
211 89 261 273 184 38 199 182
1 17 4
248 292 179 223
4 3 13
229 98 49 221 108 33 209 145 46 217 290 66 22
1 18 10
82 260 111 172 108 40 209 101 198 144
5 2 11
52 206 263 232 246 76 292 213 280 109 186
1 13 9
206 240 286 134 179 176 190 238 70
8 3 12
55 284 277 116 70 217 285 186 16 97 155 129
4 18 13
50 70 136 177 289 160 249 144 201 59 147 68 145
1 6 4
90 269 111 200
2 13 3
39 127 113
2 19 3
253 269 267
3 17 10
107 279 118 122 222 18 181 91 238 156
4 18 15
39 24 6 277 132 80 280 181 182 74 268 79 83 120 104
6 11 9
77 34 104 221 249 290 12 65 20
5 17 9
43 172 108 61 78 294 96 141 203
5 4 8
42 33 182 287 222 217 163 74
1 13 6
129 194 216 10 220 9
5 8 15
14 24 42 121 239 153 45 113 254 11 81 248 36 295 152
1 10 11
112 292 295 289 98 38 280 157 56 44 221
2 2 12
248 130 194 91 234 244 105 118 102 224 52 54
4 13 9
71 190 1 53 164 49 260 181 273
2 10 5
173 151 220 247 178
3 1 11
279 64 74 71 280 129 158 223 76 60 204
9 16 14
198 126 164 1 32 282 245 224 220 250 253 163 210 9
5 18 9
3 133 180 172 174 255 290 289 190
2 4 3
254 210 105
3 18 5
150 109 89 66 196
2 4 6
34 33 10 247 280 129
1 6 2
208 7
2 13 12
0 93 228 274 40 266 185 151 177 18 59 158
1 16 2
259 4
1 18 4
48 263 250 93
9 5 14
9 263 224 274 100 295 267 181 194 147 144 62 244 153
1 2 2
202 16
1 13 13
8 213 101 279 174 202 32 229 263 117 19 149 44
3 11 14
55 212 110 190 217 40 18 293 269 254 116 59 1 264
1 7 2
105 281
2 7 7
110 19 189 122 121 21 11
2 13 4
250 76 238 39
9 5 14
181 2 116 204 43 0 99 193 142 17 202 117 83 44
2 13 4
107 73 74 5
3 17 6
143 219 146 17 297 41
2 17 5
253 158 119 78 40
1 2 2
112 119
3 9 5
247 67 74 66 180
1 11 4
16 109 132 64
1 1 6
157 168 284 202 118 232
9 19 15
95 49 210 286 0 32 276 164 224 257 237 136 60 207 45
2 1 4
14 181 259 291
2 7 7
200 127 1 58 128 267 216
2 5 9
296 220 84 45 236 208 70 24 180
2 5 13
177 201 94 269 56 0 12 136 46 281 235 270 149
2 15 3
218 47 41
2 13 4
50 296 193 125
5 1 14
182 196 282 287 64 17 115 86 69 238 42 37 234 153
3 16 14
146 102 52 73 2 177 264 244 140 289 3 280 271 68
3 9 5
91 294 77 166 221
5 19 11
183 12 192 110 55 179 251 153 286 274 62
1 5 3
15 23 245
1 13 4
298 174 299 183
2 2 7
90 181 207 100 15 33 83
7 1 12
286 217 76 131 2 251 166 42 262 54 209 0
1 8 3
187 46 228
5 5 8
274 215 110 45 237 112 93 221
1 16 5
250 11 269 21 108
1 9 4
266 92 48 235
5 15 10
198 113 132 116 120 279 258 99 144 44
4 13 9
161 65 113 106 131 277 114 17 286
1 5 2
78 277
3 15 6
69 45 189 279 111 88
5 16 11
181 161 258 212 70 294 242 56 195 262 141
4 14 7
13 123 184 56 296 2 292
4 6 8
25 218 159 179 254 187 293 262
2 2 3
102 226 108
1 6 5
20 79 10 46 133
4 2 13
221 99 208 104 172 90 52 79 190 247 219 39 178
8 17 15
188 43 100 113 133 55 257 177 229 31 234 25 295 149 179
2 3 9
161 208 295 207 4 231 246 180 3
7 15 12
40 144 36 233 103 265 18 60 270 99 245 234
1 9 4
157 151 38 168
1 9 14
18 126 170 158 288 131 231 128 137 184 7 82 61 280
3 6 6
93 109 30 255 162 207
4 2 7
100 26 18 66 165 2 63
1 16 2
52 193
7 13 11
67 120 65 261 244 80 9 200 73 25 163
3 5 6
92 32 198 85 263 130
7 19 13
91 49 109 166 142 98 196 259 77 156 199 240 231
1 15 3
47 160 68
1 3 5
67 47 255 97 226
1 7 9
21 278 189 120 71 67 89 160 146
1 5 7
87 65 170 93 103 290 182
4 10 11
92 32 269 73 24 145 13 276 103 234 58
1 12 9
222 280 22 256 118 203 201 79 292
2 8 3
204 214 185
4 1 15
195 262 64 254 259 188 40 199 107 81 139 128 52 149 115
2 13 3
206 92 236
2 12 3
198 38 155
6 6 11
234 177 5 49 71 123 226 43 266 30 194
2 4 7
195 125 191 8 160 236 133
4 12 14
290 121 60 222 76 254 210 230 97 207 134 147 295 113
8 17 13
177 231 112 136 180 19 149 193 253 101 292 63 11
4 8 11
296 71 265 196 251 121 58 69 40 59 193
4 15 6
193 27 13 96 32 160
6 18 10
202 187 230 65 147 8 240 183 196 181
4 3 14
37 11 201 264 129 16 43 123 174 18 83 239 112 254
3 11 6
126 65 42 54 74 159
2 1 5
64 200 59 151 18
1 13 12
261 247 239 24 185 139 162 76 125 147 106 279
2 8 3
177 3 163
3 4 6
104 100 253 80 99 274
6 2 9
15 123 102 58 296 271 73 1 170
1 4 4
32 256 25 102
7 11 12
71 263 110 14 297 145 28 146 115 30 177 84
2 3 4
233 121 268 201
4 13 15
97 18 166 209 246 256 281 242 56 112 95 286 184 35 45
6 7 15
237 154 62 284 171 27 299 232 185 142 150 157 210 63 96
2 3 11
107 206 130 151 46 8 165 113 164 144 235
4 17 10
71 150 77 23 103 126 162 27 30 31
2 2 3
270 133 250
4 1 7
181 121 43 82 155 46 211
1 8 2
268 183
3 1 7
147 30 82 206 96 182 277
1 17 2
47 134
2 15 10
57 185 179 105 123 147 119 205 168 170
6 15 15
117 146 39 269 75 0 58 70 225 47 63 53 142 46 12
1 9 4
65 139 36 179
6 18 11
65 104 135 298 49 154 235 82 271 195 14
1 17 2
95 86
2 2 6
101 83 85 233 116 21
8 11 12
95 274 238 187 265 42 206 27 43 169 190 163
8 18 13
136 140 182 190 76 44 40 250 42 137 188 47 285
1 12 8
188 38 179 247 292 278 46 260
3 2 6
57 45 187 47 18 78
3 9 10
107 202 83 60 15 40 224 69 177 20
2 1 7
282 197 73 50 125 137 116
2 11 10
134 180 249 36 294 24 226 55 202 131
6 13 10
111 99 100 288 149 187 87 112 180 30
6 11 10
112 154 170 37 169 115 264 193 165 204
1 9 4
280 51 62 200
1 19 2
180 251
2 12 5
289 121 276 294 1
5 7 13
298 123 285 118 29 88 261 144 40 210 274 132 78
2 5 14
247 147 186 163 9 171 235 238 98 234 261 141 182 236
8 8 15
51 61 144 80 236 135 205 148 1 121 21 149 161 58 299
6 5 12
205 107 8 276 52 185 163 62 220 229 144 218
4 15 15
290 281 208 97 118 185 45 105 274 188 81 38 206 111 165
2 1 4
199 224 261 155
4 11 8
201 27 295 135 129 286 38 146
1 18 12
203 216 45 213 134 15 175 190 61 14 164 28
4 12 11
67 35 96 233 223 60 260 243 193 231 76
2 2 7
2 122 105 256 214 111 56
4 3 10
28 188 162 57 108 84 76 262 52 115
4 2 12
9 150 164 220 219 12 252 299 228 117 211 37
1 16 3
267 107 9
2 8 5
95 253 226 140 5
10 10 15
263 90 176 51 24 175 296 190 104 169 21 132 123 232 22
2 17 5
225 270 298 187 86
7 20 11
266 117 29 166 191 254 208 131 286 96 25
3 15 12
85 101 250 235 16 80 42 159 19 290 152 72
2 7 10
285 237 75 296 157 199 227 122 269 205
6 18 11
18 290 247 101 143 97 118 226 212 169 52
6 12 12
112 215 232 265 91 222 120 247 92 72 159 202
3 7 10
197 172 138 15 5 182 16 18 244 251
1 20 7
295 148 112 25 269 190 268
2 5 15
86 125 226 107 289 89 72 170 163 52 1 22 171 234 242
1 1 5
193 259 148 2 292
1 10 7
205 143 279 226 14 239 32
10 1 15
4 164 177 216 90 210 252 2 236 254 83 200 182 50 175
4 14 12
200 100 250 66 222 138 299 110 49 258 93 55
6 7 14
116 183 66 207 144 136 34 74 220 193 214 265 89 83
2 19 7
212 156 60 270 54 74 86
2 20 14
104 87 69 286 45 220 83 89 88 78 26 58 223 112
1 15 2
45 135
3 11 5
110 146 224 171 274
1 5 4
61 168 124 183
8 1 13
159 294 67 149 166 135 73 243 4 222 208 296 280
2 20 10
241 202 147 15 289 113 217 247 56 32
2 15 9
73 225 159 3 209 95 278 68 261
1 11 2
228 21
4 19 6
212 248 87 131 204 65
1 7 5
268 273 96 153 286
6 4 11
76 34 16 20 243 208 231 194 18 103 284
4 20 8
196 41 222 256 52 160 295 1
2 2 11
247 234 171 135 109 88 9 151 141 27 188
2 7 11
57 223 22 166 283 87 195 26 226 162 128
2 2 14
190 12 253 45 48 62 13 22 16 213 52 88 192 165
7 17 14
8 273 203 166 262 15 84 232 76 168 279 21 4 41
4 13 7
65 219 147 285 1 59 202
3 9 15
82 12 119 19 96 3 171 94 276 192 284 70 190 105 227
2 12 3
251 12 213
8 12 15
82 182 1 201 294 215 195 165 61 278 225 208 298 141 123
7 18 14
251 73 133 202 41 261 15 56 100 22 95 50 65 42
2 19 6
149 31 188 32 72 296
6 3 15
132 157 66 65 120 23 143 131 93 141 239 2 4 0 42
5 15 14
259 55 262 150 236 282 88 29 146 168 18 92 52 219
1 1 15
234 282 61 228 63 110 7 105 120 102 273 134 92 44 255
3 11 6
243 231 209 95 89 20
2 5 12
46 273 94 44 106 174 202 36 120 281 9 223
5 5 11
278 175 45 260 0 266 228 3 52 269 100
1 14 9
148 219 192 174 281 275 284 121 296
6 10 10
208 126 272 240 24 264 242 21 276 197
8 14 14
69 125 154 4 244 112 247 278 37 95 67 279 258 133
1 15 5
258 104 75 65 250
1 3 3
121 243 58
4 16 8
232 84 201 289 292 51 73 180
1 4 6
38 171 31 76 18 75
4 10 13
92 160 1 217 71 202 144 249 43 98 228 39 131
8 9 13
121 251 80 208 126 11 2 90 154 60 37 191 20
7 4 11
248 244 297 292 66 72 214 202 79 92 69
1 9 7
212 63 296 256 191 149 170
7 2 14
149 165 242 283 179 219 288 221 63 197 38 76 201 146
1 3 2
273 6
3 1 12
52 279 204 84 60 11 33 166 264 277 216 287
4 2 10
52 27 199 8 196 167 176 172 256 42
1 5 7
291 96 115 132 120 23 61
3 1 13
103 36 183 143 54 228 219 87 25 154 37 211 229
4 12 6
185 60 298 73 165 172
1 11 2
151 70
3 5 11
64 158 105 208 198 146 106 101 245 252 112
2 16 14
271 193 49 195 110 245 92 279 68 125 137 206 151 19
3 9 14
80 105 272 248 145 236 184 206 144 76 293 94 89 168
1 14 3
296 52 199
4 7 9
94 18 207 79 231 241 299 218 30
2 14 14
112 139 25 204 209 253 126 70 98 136 278 173 260 55
1 10 7
177 237 290 97 239 121 211
7 11 14
255 58 25 173 158 134 171 178 94 169 214 205 189 196
1 13 2
173 182
8 11 13
23 223 119 110 211 97 49 108 111 289 12 299 208
2 18 5
298 159 198 131 168
7 19 14
194 192 77 262 273 250 260 117 145 149 157 168 170 185
1 15 4
85 280 247 28
2 14 4
254 97 240 4
1 8 8
73 150 236 2 271 194 241 53
4 7 10
247 141 25 192 193 271 232 118 197 162
4 13 13
146 222 110 5 201 205 19 185 257 241 67 231 121
3 11 7
260 124 195 206 177 216 102
1 12 2
169 236
2 18 3
236 169 35
3 6 11
77 33 79 162 261 39 166 20 13 61 246
1 18 7
150 291 154 136 72 265 29
4 11 8
212 233 277 61 82 46 198 282
1 4 3
81 272 130
1 17 3
128 242 100
6 7 12
296 106 293 109 159 35 130 203 22 76 269 118
6 8 10
125 85 286 242 276 64 31 170 205 120
2 16 15
55 175 36 176 255 240 133 73 238 126 228 216 28 169 89
1 13 3
175 64 1
2 14 15
81 271 17 101 209 52 5 249 114 288 238 104 59 85 263
3 10 15
240 154 12 197 244 125 235 210 223 212 44 254 216 237 0
4 14 7
243 95 127 4 115 8 173
1 2 5
79 56 127 47 180
2 9 6
35 134 144 149 117 210
5 4 9
83 284 279 154 65 47 59 260 224
5 4 10
248 269 10 109 182 124 167 183 208 19
4 15 7
95 30 277 250 125 50 66
7 2 12
73 21 222 206 153 271 279 211 265 193 3 250
5 18 14
115 262 29 171 55 179 135 202 168 16 108 198 269 155
1 7 4
20 2 290 199
1 1 2
263 38
10 20 15
269 89 33 138 41 248 266 274 192 107 49 280 187 18 82
1 3 2
291 154
1 7 2
233 3
4 17 7
98 25 226 99 286 31 122
1 17 2
214 165
4 13 9
105 106 265 213 249 178 146 20 26
4 13 12
203 291 17 86 163 278 110 67 135 219 124 125
1 11 4
61 123 136 258
2 12 5
76 94 111 71 168
6 10 12
72 150 242 282 167 68 251 271 119 93 84 114
1 9 5
209 12 269 210 251
2 16 7
124 281 158 258 184 43 44
2 2 15
224 268 113 208 67 183 191 4 15 23 77 47 254 271 272
3 6 13
10 100 73 223 110 40 233 14 57 247 218 291 175
3 9 14
159 212 30 80 258 257 57 274 38 231 152 171 181 114
7 3 12
73 247 127 295 56 240 281 261 29 193 254 91
2 13 3
90 273 219
1 6 5
39 179 21 46 260
6 14 11
117 147 209 268 262 152 161 213 133 40 276
2 3 4
286 164 156 128
6 14 11
228 227 248 151 157 92 147 21 281 0 204
6 9 9
101 283 143 5 59 80 222 232 210
2 5 3
86 270 88
1 7 4
252 112 80 18
9 12 15
225 187 198 271 142 172 244 203 74 80 10 253 77 202 86
3 7 6
244 113 0 9 124 21
3 18 7
65 155 113 152 44 222 114
2 4 7
46 275 229 29 74 20 76
7 7 15
280 125 190 209 92 99 175 286 89 68 179 122 244 173 235
1 14 4
134 70 96 119
3 20 5
123 255 28 205 170
2 10 3
77 83 135
1 10 13
136 8 244 2 29 182 154 33 191 117 4 231 84
2 13 7
91 250 186 232 195 15 180
3 20 7
18 277 253 205 290 280 299
3 9 13
30 25 209 106 271 293 7 195 168 180 288 224 40
3 4 7
185 103 151 52 129 157 81
3 16 5
28 142 164 153 46
6 9 10
258 227 93 222 296 122 135 56 80 248
1 3 12
55 249 140 170 6 165 222 71 13 188 134 244
2 19 4
210 200 240 299
2 11 8
47 219 263 70 13 215 269 264
1 9 2
241 151
1 6 5
170 79 199 181 261
2 17 15
194 176 125 241 36 161 227 31 234 53 137 81 259 205 148
1 1 9
24 294 163 277 265 258 268 255 158
3 2 11
20 121 288 151 82 21 94 250 54 97 25
1 16 15
237 208 229 285 231 56 38 73 155 144 57 12 119 98 113
2 13 3
206 118 207
5 20 9
161 94 260 51 176 265 4 67 207
6 16 9
41 94 69 213 246 188 82 18 242
1 15 3
131 15 35
2 12 9
88 266 24 298 154 254 106 109 42
2 8 7
178 103 228 211 63 218 154
2 9 13
125 90 292 220 155 264 180 176 11 43 71 135 266
2 11 10
270 35 73 51 154 41 164 268 4 269
8 1 15
259 138 273 147 103 23 35 12 157 286 250 31 236 121 42
2 3 3
273 87 89
3 18 5
150 271 219 41 60
2 11 6
200 172 203 253 219 115
3 19 14
187 175 43 219 189 30 2 22 223 89 293 153 40 58
6 1 12
1 104 43 126 253 267 211 283 44 222 7 298
4 10 9
148 21 159 59 91 173 102 175 82
3 3 8
256 248 221 89 253 87 245 46
6 6 10
109 144 218 133 172 251 10 191 82 231
3 16 9
284 164 261 31 4 217 151 120 265
2 6 4
163 210 110 262
1 2 10
150 148 73 276 100 77 129 15 278 178
1 10 12
54 272 243 40 137 265 103 285 113 286 257 162
3 12 15
176 37 272 196 123 217 56 225 79 215 60 91 117 280 4
3 2 5
122 268 20 162 247
2 7 5
164 115 51 161 102
5 6 9
161 168 155 296 258 169 202 129 135
1 7 3
60 220 131
9 9 14
40 229 159 28 80 181 118 197 214 43 261 298 81 179
1 6 6
0 292 287 223 183 286
2 8 6
254 243 204 13 112 121
2 8 8
270 244 132 50 134 19 184 71
6 2 14
28 0 291 44 6 152 222 212 20 36 273 170 168 149
6 17 14
230 55 76 203 209 218 143 83 56 205 193 262 260 4
2 8 15
226 262 128 68 151 114 229 7 253 143 27 165 242 283 259
5 9 8
64 87 119 223 15 35 5 162
2 18 10
253 122 216 91 245 85 151 179 168 150
7 9 11
220 154 210 227 221 36 65 99 266 70 187
4 16 12
272 134 66 227 124 226 56 288 208 8 79 245
7 16 14
53 48 50 268 69 272 289 158 45 81 18 109 31 210
4 13 6
47 188 93 283 179 230
2 5 4
223 90 160 77
8 15 12
6 198 26 208 240 269 82 209 136 30 54 146
2 4 3
13 284 120
1 15 13
2 160 208 260 182 201 196 277 5 157 151 130 241
4 2 8
240 117 287 257 283 90 142 88
3 1 7
212 177 298 19 279 193 171
2 2 6
182 173 62 282 61 4
2 2 3
148 102 159
2 18 4
54 3 259 36
6 6 14
124 208 102 189 237 117 236 255 51 21 156 184 292 176
8 6 14
246 65 266 286 59 115 198 50 242 160 55 270 192 164
k 20
