300 900 465
11 18 26 18 33 22 40 40 15 14 11 40 20 28 16 27 21 29 34 11 11 16 19 32 12 14 19 16 12 34 36 15 36 14 17 11 17 31 40 22 28 19 19 25 34 30 26 18 20 32 31 21 33 17 14 38 37 38 36 16 30 14 29 22 17 37 33 40 14 26 37 32 11 17 30 34 39 14 21 29 37 32 25 31 15 38 29 30 27 28 25 20 11 27 11 27 27 27 17 23 38 13 15 27 30 37 36 26 18 38 24 38 16 22 21 40 36 33 40 19 31 21 11 25 40 37 31 25 24 22 21 17 28 30 17 20 20 13 25 24 20 28 21 33 19 31 34 34 16 18 31 35 26 39 39 16 21 12 33 29 32 37 28 20 40 31 15 20 22 35 20 33 36 22 20 22 31 35 19 20 11 18 21 11 14 24 39 13 36 22 12 39 36 23 15 37 33 25 26 27 13 26 28 38 32 34 17 30 40 34 24 24 23 18 37 25 20 14 20 14 34 38 34 28 27 22 12 26 23 33 36 25 31 33 11 26 16 24 26 18 31 28 12 17 37 24 30 21 24 28 28 21 12 35 33 30 32 27 31 38 25 19 17 37 11 40 31 37 13 19 37 26 11 39 29 30 24 16 21 29 24 20 32 14 28 17 23 17 26 31 21 23 31 31 28 16 28 34 38 22
1 8 16 8 23 12 30 30 5 4 1 30 10 18 6 17 11 19 24 1 1 6 9 22 2 4 9 6 2 24 26 5 26 4 7 1 7 21 30 12 18 9 9 15 24 20 16 8 10 22 21 11 23 7 4 28 27 28 26 6 20 4 19 12 7 27 23 30 4 16 27 22 1 7 20 24 29 4 11 19 27 22 15 21 5 28 19 20 17 18 15 10 1 17 1 17 17 17 7 13 28 3 5 17 20 27 26 16 8 28 14 28 6 12 11 30 26 23 30 9 21 11 1 15 30 27 21 15 14 12 11 7 18 20 7 10 10 3 15 14 10 18 11 23 9 21 24 24 6 8 21 25 16 29 29 6 11 2 23 19 22 27 18 10 30 21 5 10 12 25 10 23 26 12 10 12 21 25 9 10 1 8 11 1 4 14 29 3 26 12 2 29 26 13 5 27 23 15 16 17 3 16 18 28 22 24 7 20 30 24 14 14 13 8 27 15 10 4 10 4 24 28 24 18 17 12 2 16 13 23 26 15 21 23 1 16 6 14 16 8 21 18 2 7 27 14 20 11 14 18 18 11 2 25 23 20 22 17 21 28 15 9 7 27 1 30 21 27 3 9 27 16 1 29 19 20 14 6 11 19 14 10 22 4 18 7 13 7 16 21 11 13 21 21 18 6 18 24 28 12
3 7 7
117 192 235 206 240 112 237
3 12 14
81 82 187 56 35 46 108 33 39 85 235 175 204 181
5 10 10
284 1 112 281 294 219 111 233 292 217
2 2 4
282 127 186 161
1 20 6
49 224 133 285 136 242
6 11 11
243 46 55 283 218 236 267 133 83 201 125
2 7 5
169 47 202 71 283
4 6 9
257 34 268 1 191 281 12 203 108
8 13 13
44 89 250 91 116 96 228 58 296 69 160 37 214
4 3 6
5 28 213 192 23 260
4 11 12
30 298 142 231 232 204 151 91 6 0 51 218
5 14 14
141 236 224 222 44 154 49 261 127 249 52 242 5 57
6 5 10
87 107 49 183 215 123 140 97 55 59
1 16 2
298 247
6 1 10
167 96 267 37 71 87 105 127 17 232
3 8 5
74 23 286 234 142
3 20 6
96 23 279 135 223 295
7 7 14
118 162 85 9 157 193 22 97 158 55 275 121 216 262
9 13 14
262 18 236 27 229 178 23 71 288 79 208 126 199 196
2 16 6
128 266 271 150 246 106
3 19 5
285 85 83 58 50
1 8 2
7 147
3 10 7
183 92 22 105 109 260 192
7 8 11
81 125 276 256 222 191 106 102 1 151 22
3 5 11
257 57 230 297 107 156 188 134 173 189 243
8 12 12
162 99 127 23 78 14 276 1 106 52 115 235
2 1 15
172 116 67 246 98 156 49 260 188 59 299 87 84 117 261
3 13 5
260 180 17 85 235
2 3 11
136 197 156 175 89 157 257 174 8 108 169
3 19 10
242 202 200 111 27 45 286 214 254 174
6 11 9
80 9 234 127 117 221 181 63 74
2 11 13
197 64 272 196 86 170 24 55 125 136 258 154 56
2 9 4
151 66 109 77
6 11 13
149 203 105 43 109 113 56 257 69 59 273 142 91
1 10 2
10 124
4 20 7
9 223 66 228 167 19 181
7 16 12
138 295 220 85 292 293 174 168 104 123 158 83
2 19 4
136 231 204 6
5 15 8
40 184 274 129 201 22 158 173
3 4 7
148 30 101 261 72 186 184
4 19 9
177 241 59 21 43 52 257 179 205
2 11 11
75 266 161 200 35 237 9 149 249 62 38
3 11 9
9 8 276 243 195 44 64 234 260
4 18 11
184 292 166 171 84 23 186 7 203 231 87
4 12 14
39 179 153 190 172 148 47 44 243 94 164 18 247 136
4 20 11
255 173 220 86 282 104 51 112 194 59 29
2 16 5
181 129 48 204 152
5 4 15
86 285 74 205 278 35 36 121 138 146 175 76 92 116 37
3 7 7
8 10 17 73 228 145 191
2 19 7
90 188 103 276 155 27 2
1 14 9
204 239 55 15 90 166 189 248 254
2 7 4
16 67 269 50
2 18 15
229 101 34 294 39 53 19 82 270 214 195 75 215 201 281
1 16 4
231 67 258 155
5 4 10
230 63 98 226 76 52 203 50 283 286
3 9 9
176 6 34 227 155 78 292 214 180
1 19 5
236 229 256 189 125
1 2 2
144 232
1 8 11
175 87 61 206 108 14 151 185 203 281 212
1 7 11
274 60 18 220 63 292 236 168 11 268 226
3 6 5
154 33 119 128 213
1 3 7
257 272 78 262 72 91 242
2 7 4
12 261 268 70
4 5 8
30 292 40 132 102 38 104 185
1 3 2
274 122
1 15 3
216 182 73
9 20 14
258 84 38 137 10 42 218 257 239 245 67 197 152 41
2 19 5
141 264 161 108 97
5 3 9
250 107 293 110 13 269 90 52 113
7 13 13
161 41 131 132 135 151 12 210 129 48 80 275 94
7 3 12
73 188 24 266 74 35 225 172 116 184 58 105
2 19 10
88 262 226 165 196 155 166 292 203 233
6 11 15
151 148 82 141 103 299 75 91 198 9 296 122 297 178 56
3 15 6
273 21 69 91 179 154
1 4 2
229 268
3 18 9
223 186 214 43 47 160 65 205 29
7 11 13
64 51 196 182 75 59 217 199 140 143 11 234 77
2 5 9
162 35 149 89 277 230 52 148 296
1 2 5
131 284 259 118 197
2 16 3
13 190 233
6 13 9
36 134 240 160 166 281 111 102 214
3 20 8
177 261 87 161 281 160 250 208
1 14 12
25 217 80 22 198 51 293 18 99 179 16 27
7 10 12
54 284 154 55 58 81 40 280 204 237 34 101
10 9 15
269 33 211 264 221 69 8 272 130 84 15 158 114 238 78
1 13 3
58 241 83
1 10 12
280 237 34 132 112 21 274 69 50 62 206 123
1 6 4
198 69 263 34
5 17 8
254 204 71 88 4 195 8 139
6 19 12
107 163 134 76 222 242 95 53 103 176 89 44
4 11 7
242 296 137 123 290 168 103
2 15 5
81 286 7 68 276
1 14 2
46 152
1 18 3
69 287 283
7 15 12
150 196 256 4 3 163 71 185 250 149 294 88
1 5 4
147 229 161 242
6 20 12
19 129 232 122 237 209 206 193 62 36 278 46
3 10 7
239 231 158 145 186 216 65
5 8 14
45 2 69 30 270 272 114 226 168 82 242 52 50 139
3 7 9
51 203 166 32 283 211 122 173 139
3 9 9
281 222 18 167 35 295 260 127 48
3 9 13
126 53 93 29 21 283 145 116 55 266 89 157 31
2 11 15
256 239 219 133 121 69 187 287 64 258 235 71 241 105 108
3 2 11
135 72 181 141 160 234 193 296 47 245 95
1 3 2
280 99
8 15 13
91 228 117 284 169 122 59 110 211 293 289 116 148
6 8 15
142 241 61 170 260 224 33 120 50 116 204 211 181 278 37
2 7 3
22 263 282
2 9 10
60 54 141 3 274 69 287 187 294 37
6 4 12
40 68 25 135 219 232 248 102 132 10 13 220
2 13 5
209 123 8 122 226
2 10 3
8 283 109
4 19 11
58 14 113 171 155 267 13 295 51 45 191
7 17 14
242 250 126 38 62 119 101 219 163 217 34 262 190 13
2 4 8
129 135 73 142 250 32 178 152
1 16 2
67 205
2 12 10
227 12 299 139 152 88 245 232 78 218
5 9 13
290 234 28 187 245 98 193 206 135 39 233 106 100
1 18 5
100 151 90 174 36
5 3 9
181 221 283 40 195 267 290 36 80
3 1 10
220 42 128 290 59 272 24 176 47 33
5 7 8
104 237 23 116 15 52 248 132
2 10 4
2 158 6 46
3 18 6
205 288 256 53 183 14
1 16 2
87 170
5 4 9
209 215 187 273 298 20 268 138 55
3 10 7
1 214 93 279 215 150 109
3 20 12
218 42 88 130 142 293 76 286 250 244 11 174
1 6 14
247 8 164 12 229 2 82 1 120 159 235 266 222 161
5 9 10
19 159 265 22 286 181 224 126 5 207
4 8 10
232 204 235 34 2 127 116 156 102 32
6 9 14
61 31 7 21 131 150 204 273 139 81 127 90 172 86
1 2 10
185 48 228 249 288 156 172 117 150 240
1 4 3
81 4 157
6 10 10
215 255 274 132 275 143 54 152 290 147
3 2 11
196 127 269 66 250 124 19 26 155 264 291
4 15 11
243 128 37 100 13 193 289 202 158 6 140
3 7 7
140 159 95 184 147 1 153
4 12 6
253 94 247 269 155 171
1 12 2
19 119
9 16 14
162 35 5 181 196 58 142 248 114 145 61 100 147 189
1 4 8
54 235 220 106 210 4 203 175
1 19 2
220 287
2 18 3
115 62 124
4 2 7
23 204 289 178 106 189 34
6 13 11
236 210 5 57 148 259 202 181 19 231 28
1 13 13
135 192 55 146 15 159 273 157 8 209 215 121 267
2 20 14
156 190 55 171 160 6 203 248 76 126 15 292 225 299
3 2 6
230 51 217 214 191 287
4 11 12
127 159 0 109 254 245 244 94 156 68 221 203
5 2 14
267 1 88 110 75 295 120 49 170 125 289 278 54 39
3 19 8
258 190 273 210 172 15 111 146
2 6 7
118 256 125 181 95 281 169
6 8 12
160 88 158 76 267 181 298 94 107 251 96 207
3 14 15
187 121 229 144 115 238 118 155 127 201 233 167 20 211 241
6 18 10
139 274 236 94 190 250 155 273 0 184
2 19 5
265 169 208 26 114
1 8 5
152 137 273 73 246
1 6 6
19 136 45 182 119 279
1 5 5
295 167 89 245 74
1 12 14
140 285 209 184 6 282 58 181 3 134 127 77 194 238
6 16 9
126 178 58 272 95 88 54 298 96
2 5 13
39 23 293 258 47 228 225 206 136 10 99 173 286
3 17 8
161 222 93 25 32 59 3 68
2 14 11
247 102 96 54 9 42 211 155 213 63 288
8 11 12
2 154 235 123 29 165 134 3 127 246 181 205
3 14 9
61 144 220 157 257 37 96 75 194
3 3 14
16 137 94 118 89 203 153 167 102 63 195 166 221 255
5 12 9
52 47 212 244 226 241 182 30 123
7 4 12
277 55 212 154 169 172 101 16 288 28 249 93
8 12 14
24 274 254 71 20 17 113 199 93 151 94 279 155 15
7 3 15
37 293 106 118 233 27 125 98 50 167 38 186 139 23 180
4 19 10
2 22 23 229 97 259 13 59 253 162
1 9 5
274 28 104 75 238
6 5 9
17 5 252 94 47 69 59 50 181
4 20 6
216 181 218 241 209 226
2 15 7
221 184 13 111 273 2 159
1 2 4
222 103 146 271
5 17 14
61 181 101 2 254 256 150 168 174 250 198 147 153 284
6 17 9
182 237 79 68 282 254 125 3 192
3 11 7
272 26 9 32 108 203 90
4 20 6
245 148 3 92 193 210
5 20 10
148 35 223 254 283 164 115 108 66 225
1 20 11
225 64 182 49 61 89 119 70 198 292 136
5 9 10
25 260 181 189 187 213 164 104 134 160
3 10 5
177 84 240 133 72
3 2 9
112 84 19 178 9 241 86 54 172
2 17 13
62 51 122 133 173 40 190 73 141 181 77 140 245
1 17 2
236 93
1 10 4
186 140 223 104
6 11 11
10 13 82 281 117 85 190 138 61 98 65
1 15 2
57 32
1 14 2
116 291
3 20 14
40 116 58 105 264 241 187 186 253 36 160 201 287 289
1 14 7
262 214 243 33 6 85 259
4 7 8
194 140 190 214 98 241 94 35
2 12 4
37 200 0 98
3 20 7
242 237 138 35 120 149 71
10 1 15
281 236 85 260 93 94 186 49 232 265 241 31 86 229 182
1 13 3
276 191 55
1 3 4
259 221 159 73
1 15 8
59 115 97 246 26 289 167 195
3 18 7
84 249 285 20 168 158 22
1 16 6
181 37 166 184 89 119
6 10 9
297 106 5 265 182 28 80 295 196
1 17 10
141 277 22 264 68 38 5 266 148 178
2 16 4
284 285 232 191
1 15 5
241 143 178 37 155
4 16 12
204 128 98 0 110 25 30 146 119 86 105 242
8 14 15
49 62 259 258 198 164 275 194 228 285 140 17 34 170 240
2 7 14
176 29 201 156 163 216 160 43 143 234 292 181 89 193
5 10 14
260 47 285 41 105 107 202 98 60 157 132 232 137 90
2 20 4
144 142 251 41
4 5 12
152 107 76 13 256 6 180 254 43 135 53 238
1 6 7
189 129 58 82 170 37 46
6 5 10
148 26 96 292 219 145 88 282 273 136
2 17 3
50 58 177
1 9 5
247 292 230 232 182
4 2 7
93 48 211 88 274 225 212
2 1 4
37 114 283 249
5 6 11
157 257 261 176 296 174 181 185 269 83 279
1 1 3
145 18 0
3 1 7
192 45 240 171 15 180 148
5 6 10
65 280 60 10 13 168 30 209 272 268
1 15 5
175 283 224 61 54
2 12 4
238 164 122 105
3 19 5
127 219 266 190 220
4 2 13
208 89 209 143 226 62 132 299 140 290 136 267 74
2 13 11
108 273 98 250 93 76 292 77 30 171 37
1 3 6
15 174 116 288 24 265
6 3 13
47 105 200 148 158 180 288 223 143 246 112 227 174
2 11 6
123 125 251 222 242 38
1 16 3
186 66 230
6 5 14
175 43 218 120 137 86 197 259 38 188 229 5 176 159
3 17 7
280 114 91 239 18 96 136
8 17 12
296 17 272 96 24 244 112 123 55 187 86 251
1 1 13
126 66 295 93 274 88 22 44 86 78 50 226 203
6 10 14
148 265 36 21 12 157 109 131 107 224 126 108 248 176
3 17 11
288 212 55 61 56 46 224 106 30 223 79
3 9 6
80 79 114 211 66 186
1 8 2
52 163
5 6 12
261 109 266 256 273 250 196 215 274 198 155 121
2 5 12
252 241 184 110 124 109 88 13 102 270 66 171
1 2 3
276 85 39
5 6 10
109 56 64 69 224 11 62 266 92 148
3 9 7
110 149 90 68 27 282 42
1 2 2
283 157
2 1 7
209 297 126 243 179 135 178
7 6 13
59 195 12 103 258 234 15 238 247 82 256 140 186
3 14 5
198 155 163 265 240
4 15 8
231 158 124 238 33 42 206 20
1 18 9
265 240 83 2 62 177 46 178 135
10 2 15
251 6 257 124 205 45 192 125 142 12 260 122 117 86 82
2 9 3
230 80 51
5 15 9
154 158 289 226 202 152 78 52 57
7 15 14
78 35 192 127 103 91 263 135 153 41 65 207 100 213
2 8 6
208 136 255 241 252 199
1 10 13
278 38 156 279 39 231 169 269 92 287 245 1 89
1 2 2
116 254
2 19 3
32 157 245
2 14 12
35 286 220 157 24 49 192 287 154 275 225 55
2 8 4
131 57 70 234
2 15 12
159 64 215 255 245 42 205 264 27 109 237 163
3 13 9
116 228 61 197 68 132 270 292 134
6 19 10
263 40 266 198 297 189 295 117 209 64
2 2 3
104 122 256
2 6 6
129 20 166 31 2 10
1 1 3
73 161 95
4 4 8
138 40 72 228 298 241 237 202
2 1 6
234 173 233 228 65 101
1 10 2
110 185
2 7 8
37 142 165 141 132 25 133 246
6 2 12
159 248 108 27 32 94 158 4 214 0 24 242
6 9 11
241 51 284 199 153 224 278 102 208 171 119
2 14 4
240 201 86 285
2 4 11
50 257 196 278 261 132 15 223 49 211 180
1 18 2
62 127
5 19 8
5 213 204 268 152 137 85 9
3 13 5
266 290 211 129 280
1 2 2
110 197
8 14 13
107 161 187 6 188 196 7 208 121 112 221 217 149
2 15 4
183 36 206 124
1 4 3
191 175 269
3 6 8
110 145 97 192 159 29 143 169
8 13 13
228 258 41 202 34 105 196 242 275 142 239 203 138
2 13 11
211 72 8 266 167 206 114 281 1 290 103
3 6 7
231 270 3 98 93 4 299
4 17 9
53 270 25 87 5 274 101 9 216
1 1 7
74 167 65 59 83 218 125
5 3 11
174 37 274 12 54 207 78 283 23 196 128
1 20 11
230 225 43 238 111 227 117 245 259 106 166
1 7 5
79 282 132 246 284
8 6 12
24 12 135 129 190 170 67 86 176 92 287 251
7 17 13
284 190 30 1 85 279 83 75 286 166 5 161 56
2 5 7
174 23 103 250 178 231 143
4 1 6
42 253 246 139 108 192
1 7 2
267 294
3 7 13
224 135 106 81 4 250 64 7 227 123 207 157 172
5 15 10
288 217 242 209 121 261 166 95 192 254
1 16 13
115 36 209 49 8 56 121 228 193 285 204 113 106
1 8 3
299 91 89
3 5 5
274 163 14 248 231
3 10 8
82 125 31 146 233 116 237 60
1 8 2
52 235
7 6 11
200 145 6 86 20 193 204 108 289 179 57
7 9 13
35 28 133 147 275 228 74 232 30 102 268 117 286
5 6 15
196 212 42 160 252 227 77 32 158 86 213 148 287 36 51
3 17 12
207 144 267 38 231 34 232 258 19 166 218 0
1 2 2
294 242
7 5 13
272 172 89 104 233 203 80 276 34 212 176 291 299
4 12 15
223 180 176 242 59 237 261 143 38 276 140 191 153 148 202
3 20 15
61 277 111 22 89 10 115 44 35 141 144 243 150 168 137
9 13 14
36 101 43 227 115 86 2 195 87 92 213 146 11 35
3 13 5
173 230 80 86 256
2 9 8
33 283 11 61 95 226 293 277
2 2 6
72 246 130 251 182 174
4 6 6
281 49 227 237 62 54
4 13 9
27 77 291 249 20 2 89 68 130
2 16 3
73 281 225
1 6 9
106 138 30 146 144 296 62 45 140
1 4 7
183 37 46 32 187 86 157
1 16 11
101 112 77 215 248 120 5 128 269 66 255
1 1 3
202 180 267
2 20 7
38 101 161 169 196 8 64
1 2 4
193 39 30 233
5 16 8
277 132 84 22 265 107 142 114
6 4 14
115 198 163 249 276 256 65 235 287 34 17 89 191 224
2 3 11
102 142 232 289 246 0 258 270 137 267 282
1 4 3
68 277 194
1 12 2
114 19
9 17 14
249 0 78 188 30 43 158 174 80 260 173 71 101 270
5 17 10
40 241 168 36 99 253 273 191 132 84
1 10 3
113 271 191
1 8 14
246 162 187 110 50 205 192 182 298 30 124 198 65 66
3 3 15
93 1 135 115 279 4 286 112 104 66 3 288 146 270 72
1 16 2
198 83
4 4 6
238 258 181 161 252 297
1 18 13
18 220 111 34 68 208 256 53 14 96 198 171 233
1 11 2
233 274
7 12 12
17 70 141 150 270 132 238 100 298 0 89 108
1 16 4
223 36 178 247
1 6 5
4 155 16 241 192
3 2 13
73 185 230 127 171 253 260 241 288 0 203 41 246
3 1 10
157 4 19 2 117 293 92 78 264 183
1 3 6
197 55 107 149 195 27
8 7 12
208 76 231 265 75 84 47 10 162 67 73 238
3 14 5
119 120 97 46 58
3 6 8
119 211 66 290 275 244 256 282
4 16 9
149 275 40 238 150 69 119 252 244
2 4 8
96 29 114 228 39 73 119 202
2 10 6
11 48 66 54 174 270
1 11 2
115 133
3 11 6
290 298 155 245 77 181
1 6 5
252 250 63 131 269
7 3 11
90 65 142 282 62 223 278 173 23 18 213
1 6 4
208 185 68 176
2 14 6
212 0 219 225 127 129
2 14 14
163 229 158 95 161 155 199 157 134 76 129 127 221 143
8 2 15
209 240 47 217 220 143 13 292 167 6 1 76 95 128 44
3 12 5
147 150 68 152 47
5 13 14
87 31 20 97 100 252 9 29 59 277 207 202 19 199
1 19 2
39 106
3 19 11
22 71 247 182 101 188 9 283 3 210 20
2 12 13
197 97 66 50 204 214 10 34 1 15 299 37 48
1 11 11
13 269 203 222 109 2 162 75 14 208 233
6 9 11
42 118 71 83 188 292 133 4 135 221 252
5 8 14
243 221 174 285 66 217 25 214 76 154 182 79 3 263
7 10 11
115 137 53 61 185 199 259 215 19 24 284
5 6 11
261 141 246 33 59 36 298 197 137 278 40
1 18 6
35 219 49 290 46 120
4 9 9
39 103 18 203 248 184 11 215 90
5 18 13
107 90 31 58 20 91 155 48 221 126 5 258 25
3 2 10
195 73 254 220 99 1 16 229 286 22
1 18 10
18 190 82 133 261 278 130 134 98 178
2 6 5
42 226 95 60 17
4 5 11
168 116 223 80 43 256 299 106 155 180 201
1 13 6
293 171 227 14 159 161
2 16 4
230 184 123 8
1 19 3
146 266 167
1 20 2
72 17
1 12 2
245 299
2 7 7
67 162 117 179 111 108 282
6 8 10
134 221 241 155 290 163 257 46 23 244
2 2 3
283 189 282
2 11 11
244 262 49 11 210 152 255 114 106 172 91
6 20 11
266 238 108 257 83 188 233 137 230 210 271
3 9 6
115 71 247 133 201 231
4 1 14
39 148 118 11 152 131 22 149 213 42 61 162 17 20
3 19 13
117 191 123 15 220 260 78 142 139 13 227 169 143
3 16 15
156 180 1 296 31 159 32 16 215 93 148 72 28 204 269
1 6 2
239 3
5 4 13
91 193 259 197 33 256 246 131 214 221 139 188 279
6 16 11
91 157 196 105 140 250 169 256 197 111 232
2 17 10
238 280 97 87 268 38 67 248 207 190
1 5 3
114 7 280
1 2 6
170 217 37 190 212 149
1 11 14
292 70 141 214 211 220 109 91 129 190 271 90 249 175
1 6 5
198 23 1 235 154
1 13 5
2 106 298 190 245
4 16 7
83 281 17 283 124 272 10
2 1 4
246 75 211 171
1 10 2
117 213
3 6 9
114 215 263 60 169 199 152 156 115
2 12 7
105 296 219 83 185 153 133
5 2 11
80 57 215 207 276 107 53 12 225 84 249
3 11 7
109 253 42 207 236 156 40
2 2 7
141 277 69 243 147 177 94
8 14 13
46 189 182 28 197 18 114 273 207 17 95 88 232
3 3 5
84 209 273 297 181
1 17 2
197 6
1 17 15
183 39 172 128 245 237 191 203 42 174 292 32 61 113 280
7 17 11
35 106 6 13 86 237 58 245 153 299 222
5 4 10
10 297 70 40 235 142 14 227 83 1
4 20 6
10 84 45 195 290 47
2 5 4
140 27 36 32
2 8 10
204 48 269 113 97 153 16 91 286 11
1 14 3
168 147 85
3 10 9
288 269 243 279 220 95 29 18 227
3 19 13
97 34 120 96 287 284 115 232 230 128 288 273 184
3 8 5
83 177 21 248 199
2 19 3
250 275 29
2 18 7
88 259 188 40 205 83 236
1 20 2
145 288
9 12 14
92 210 26 85 46 34 196 160 197 76 60 233 279 110
1 19 3
240 10 82
4 8 6
32 171 59 48 17 177
3 11 11
118 84 266 207 291 94 129 245 69 49 180
2 20 10
0 167 292 295 233 74 185 231 200 290
7 18 11
21 216 265 189 152 35 40 242 159 247 71
3 13 8
184 299 186 90 4 65 108 241
1 20 6
284 209 157 273 1 286
5 19 8
213 86 21 233 17 189 16 230
7 1 13
69 129 76 154 227 136 184 15 26 42 23 113 50
8 19 13
4 263 31 41 68 276 2 9 295 43 211 225 8
4 1 11
209 64 296 232 269 130 30 117 4 170 100
1 6 4
73 113 230 216
2 17 7
207 137 184 188 238 221 173
1 16 6
131 149 235 152 101 34
3 11 12
140 100 119 112 231 39 279 96 273 297 164 102
4 11 11
225 161 12 255 137 296 215 40 201 134 24
8 20 12
297 1 68 118 4 202 289 263 24 232 0 28
3 20 10
47 245 167 38 23 141 267 79 204 228
1 4 2
76 176
1 8 2
81 132
1 12 2
35 215
4 4 10
275 177 1 218 4 175 111 57 237 186
2 4 7
6 30 106 76 218 137 154
2 18 5
84 109 264 210 143
4 6 13
179 164 168 248 297 0 111 18 172 173 245 234 241
2 13 5
152 238 186 143 276
4 17 6
90 220 189 168 211 213
8 9 12
179 101 61 153 173 171 29 4 99 69 239 221
2 9 8
89 193 221 78 196 237 139 183
2 13 5
171 262 93 66 214
5 13 12
169 122 279 24 158 82 16 110 178 156 241 224
5 4 8
56 116 38 11 55 12 10 20
6 11 15
59 120 205 195 84 200 85 154 186 80 5 228 17 42 236
1 18 2
86 292
5 4 10
77 297 186 117 194 251 24 162 2 71
5 3 9
144 290 215 63 84 160 71 297 111
2 11 3
153 144 121
2 1 10
160 136 209 225 60 48 187 255 67 19
4 1 6
296 167 198 63 268 3
3 11 15
179 234 57 48 228 64 77 189 37 293 226 41 258 240 121
1 6 8
168 73 65 208 85 274 298 128
5 6 9
191 202 146 269 216 241 59 198 65
5 1 13
248 162 194 213 280 263 38 131 242 17 52 216 239
1 4 2
151 17
4 10 7
63 99 198 193 112 61 296
1 5 6
263 205 20 113 78 94
1 15 7
17 10 102 25 299 197 90
4 20 10
265 2 114 243 27 21 130 184 222 63
1 10 7
23 199 247 46 234 210 94
1 19 11
237 49 90 120 249 256 55 190 195 81 212
6 17 12
270 146 226 3 278 128 234 213 54 276 203 285
3 12 10
151 26 175 286 10 110 114 29 157 147
3 1 7
193 228 30 20 84 158 169
6 6 9
25 150 67 175 116 101 162 155 185
6 7 14
113 20 255 118 134 216 152 209 66 117 179 21 51 271
1 9 13
171 176 200 157 8 111 109 293 9 154 172 197 79
3 7 7
104 161 153 8 143 82 245
5 18 11
65 192 158 70 218 122 172 273 135 246 56
4 7 7
4 151 193 257 35 157 126
2 6 11
268 241 63 293 27 54 71 50 61 126 191
4 1 14
23 282 156 136 262 146 175 42 85 201 290 269 220 286
1 10 2
4 132
4 5 9
92 122 44 119 288 264 268 106 22
8 18 13
281 53 67 208 89 178 257 8 90 56 2 4 63
2 3 8
139 188 213 30 260 60 271 52
9 16 14
185 155 27 126 2 257 246 131 11 231 154 59 85 49
2 10 5
230 38 87 253 39
9 15 14
26 131 170 118 119 272 25 54 34 156 142 67 123 40
1 13 2
34 155
3 10 14
23 193 117 56 268 14 147 207 265 15 38 68 198 81
9 10 15
172 229 252 106 165 260 246 299 212 257 244 182 223 101 43
2 10 3
87 285 21
6 10 9
268 161 4 211 239 197 129 234 45
1 6 8
48 36 76 196 94 200 220 141
5 8 15
149 180 101 211 124 103 155 59 127 25 44 170 146 43 292
4 6 10
225 86 83 276 153 228 128 169 65 55
1 11 4
227 115 196 31
7 15 15
255 25 216 113 228 180 234 41 155 257 168 236 299 84 50
4 10 13
278 215 299 185 205 142 280 124 140 264 18 221 129
6 3 12
164 142 235 278 190 135 19 133 56 61 175 195
2 5 12
40 201 150 76 271 170 288 227 250 15 171 46
1 4 4
103 135 72 50
2 16 13
272 245 123 79 118 158 295 286 58 40 30 179 60
4 10 15
269 163 90 107 57 162 146 230 194 126 61 4 35 246 249
3 13 10
236 182 238 270 176 124 86 48 197 131
8 16 15
109 42 15 163 75 127 80 260 215 86 297 210 191 88 201
1 5 6
88 154 246 252 231 232
5 16 13
11 165 141 182 41 177 7 291 146 155 12 55 172
5 8 8
111 28 241 105 74 210 91 44
2 12 10
13 132 5 42 175 122 15 56 80 149
1 16 15
187 128 160 90 25 197 12 72 242 285 46 209 44 211 114
1 15 2
198 264
6 4 10
278 261 156 291 158 262 248 182 16 30
7 20 12
57 270 9 240 273 258 114 269 290 28 234 66
4 10 15
60 228 215 298 124 22 182 44 245 229 189 187 163 151 118
1 12 3
289 172 162
9 4 14
91 273 212 264 32 220 208 120 17 83 191 63 100 142
1 15 2
141 62
1 14 11
263 41 19 121 37 133 125 59 33 256 16
2 6 14
274 61 254 101 289 295 260 218 23 144 126 197 236 96
5 17 8
243 122 16 35 102 52 12 208
1 3 6
35 71 125 93 295 173
3 16 6
11 43 244 261 8 83
4 20 10
221 158 161 138 123 135 209 189 54 129
1 8 4
1 4 295 210
2 10 4
172 171 272 219
2 13 3
133 178 205
3 14 5
253 109 112 96 67
1 2 5
193 151 250 153 45
5 14 15
291 157 225 242 168 131 130 185 195 50 15 189 254 214 55
3 9 10
270 221 69 146 179 271 53 256 290 287
1 6 11
36 225 222 175 33 5 258 287 221 14 90
5 14 11
24 131 149 46 81 21 176 193 101 143 214
2 12 14
239 220 173 42 148 49 69 109 60 142 128 45 38 48
1 20 2
79 136
3 16 11
32 145 78 148 170 96 39 131 277 197 207
1 5 11
168 53 215 93 267 165 22 79 140 28 274
1 10 3
192 0 14
1 12 6
273 286 126 108 140 97
2 20 3
203 276 67
4 20 14
91 156 17 81 197 51 229 161 160 48 268 15 42 196
2 11 4
291 111 43 16
3 3 10
100 185 272 233 152 203 3 114 87 66
2 13 11
91 177 160 185 103 208 237 205 68 101 96
4 5 8
211 58 217 99 126 13 264 128
6 8 11
89 5 162 244 10 20 0 190 242 43 108
2 2 14
67 86 175 137 290 296 111 165 63 31 116 239 180 272
9 12 14
39 114 228 208 190 49 69 2 8 124 44 64 244 6
4 6 12
210 229 217 212 203 68 146 15 133 298 204 214
1 1 3
193 142 20
7 8 11
67 196 46 272 144 223 278 297 89 220 63
2 7 14
145 98 259 149 246 276 30 131 173 293 162 123 164 210
2 8 15
190 4 48 67 261 97 33 57 195 175 126 208 74 89 163
7 3 13
171 269 201 2 159 206 115 0 16 258 194 117 25
6 19 15
29 31 230 81 287 162 146 117 166 94 4 209 193 115 129
2 18 9
187 258 177 109 42 260 219 179 250
1 8 4
218 225 200 8
1 2 12
83 175 282 203 107 95 75 212 156 202 264 74
1 16 2
161 214
1 2 12
263 153 33 94 237 125 188 118 52 150 28 67
1 11 5
280 47 116 165 206
4 16 15
163 23 124 135 152 293 281 262 116 42 46 294 61 47 282
2 10 8
150 238 207 237 170 235 178 220
1 14 2
57 30
10 20 15
164 156 29 40 49 215 285 94 11 234 260 283 69 209 144
3 20 7
71 47 250 147 76 89 118
6 18 13
245 296 143 21 84 184 13 32 280 71 14 279 74
9 16 15
273 48 190 158 36 156 57 170 171 125 138 38 80 183 203
2 9 14
243 1 38 150 213 102 107 162 282 112 22 144 122 286
1 9 5
95 250 89 83 123
8 6 12
8 295 206 17 153 95 240 70 207 54 195 67
2 10 3
287 236 27
1 10 10
283 185 225 242 30 64 49 228 105 240
4 2 9
90 211 298 151 289 60 114 252 167
3 9 7
147 197 62 208 24 133 21
3 10 5
203 290 162 114 126
5 19 11
180 100 16 159 153 64 283 53 141 224 13
1 16 15
206 257 48 223 28 10 234 191 144 138 183 267 182 34 59
3 3 5
268 36 112 245 120
6 6 9
94 234 282 102 226 236 95 270 22
1 16 4
267 269 296 57
7 4 14
230 45 186 80 15 288 30 231 284 198 137 252 89 264
1 4 2
175 173
8 16 15
210 175 0 189 231 290 140 250 215 57 85 39 171 1 295
4 17 9
139 197 104 203 143 59 209 54 262
3 6 8
193 252 218 103 176 229 130 121
6 7 15
29 144 246 179 285 19 52 242 254 243 70 64 92 260 30
5 5 10
154 129 159 68 46 261 24 255 241 150
7 8 13
235 118 147 17 175 266 4 149 240 177 104 78 230
4 8 11
288 250 43 68 121 157 253 124 94 146 261
3 16 9
272 44 260 50 268 181 180 285 77
2 17 13
30 4 258 268 173 140 61 146 248 43 163 63 277
7 1 13
192 233 98 141 230 236 248 15 186 237 46 83 204
6 6 9
5 22 174 18 168 148 283 137 175
7 14 14
54 15 7 248 67 95 277 218 82 237 293 63 55 249
4 18 7
153 288 274 199 272 266 226
7 16 15
121 247 84 90 246 236 188 204 162 81 293 205 259 189 25
2 10 3
84 188 293
6 9 9
147 47 87 120 223 148 28 172 175
1 3 4
31 112 144 97
2 13 3
177 251 205
4 15 10
159 15 14 132 169 267 170 230 288 105
3 10 10
215 19 181 87 138 36 116 56 20 52
6 17 14
173 227 38 83 121 186 280 293 259 40 33 45 172 4
3 5 8
0 217 282 89 199 167 12 280
1 8 6
202 13 74 284 157 29
3 5 9
230 277 109 256 130 200 33 137 221
2 19 5
108 46 161 74 195
1 12 6
35 268 30 267 243 97
6 11 10
171 71 154 244 38 57 150 3 232 264
2 12 4
169 30 121 78
1 18 4
124 241 193 70
3 1 8
271 219 184 118 285 295 200 62
6 2 15
136 209 171 158 113 104 105 122 298 97 238 99 250 35 275
4 12 15
207 238 178 273 17 180 212 224 27 90 296 206 217 49 30
2 17 5
138 136 5 265 185
9 18 15
259 144 9 111 105 34 73 214 150 94 38 24 3 207 166
1 6 15
279 80 95 280 18 90 168 32 33 172 211 160 30 258 136
2 7 4
195 70 222 299
2 16 5
76 276 39 31 259
1 10 6
238 31 205 220 85 240
4 17 10
152 149 110 141 96 188 76 123 299 116
1 2 4
188 161 206 195
1 9 4
169 137 203 37
1 14 5
180 68 182 117 37
2 1 12
226 280 14 16 189 45 25 286 255 197 168 216
4 14 15
134 109 8 199 215 168 147 141 58 187 65 108 142 194 197
2 17 4
38 100 267 90
5 11 9
1 186 67 157 17 153 55 79 165
2 12 3
281 167 67
1 13 3
143 24 266
5 20 11
293 166 261 123 248 113 250 129 140 273 121
1 8 14
22 66 87 228 209 176 10 72 259 226 40 75 36 125
4 11 10
259 198 202 213 196 168 84 73 147 183
1 9 6
202 67 296 142 166 127
4 13 6
230 181 197 152 169 10
2 13 4
161 39 126 9
3 13 9
83 98 79 153 120 21 252 188 271
4 20 7
120 57 166 254 81 222 97
2 17 4
187 42 6 91
5 15 11
143 257 104 12 95 119 193 127 265 61 191
7 10 13
165 233 288 235 53 149 64 174 127 275 61 15 24
7 18 12
183 225 296 29 14 294 246 36 124 209 139 282
2 8 3
249 260 68
1 19 3
201 61 99
4 16 6
231 131 186 290 185 287
2 12 9
188 32 7 289 219 113 139 193 17
1 2 2
241 177
5 20 15
132 60 153 92 147 184 197 221 293 71 136 299 294 216 205
3 4 6
232 107 285 222 186 239
9 2 15
45 299 88 296 257 197 34 247 145 32 48 86 74 1 79
1 6 2
272 55
2 6 4
290 71 70 244
1 6 8
125 135 282 201 56 244 203 3
6 18 15
1 290 227 261 154 54 28 183 61 239 140 245 265 100 174
7 13 11
51 4 126 69 254 217 137 8 28 201 159
10 6 15
40 149 151 49 105 265 167 24 104 174 223 172 210 132 27
1 8 11
196 99 97 23 166 127 203 201 45 155 180
1 10 9
228 2 25 283 21 26 286 212 297
1 18 6
70 157 72 192 196 188
1 19 10
173 163 85 247 90 254 265 2 20 292
4 3 14
218 12 173 219 183 166 103 208 136 129 20 18 99 84
6 17 9
43 234 299 4 268 59 118 287 270
2 10 7
168 83 224 210 150 78 14
4 2 6
275 261 161 179 116 131
1 20 4
28 82 227 184
3 20 8
287 142 206 218 1 78 66 60
2 6 3
275 279 221
1 7 15
67 133 233 65 284 13 33 15 297 17 197 282 6 66 50
3 5 5
27 162 89 129 167
2 4 3
10 123 294
9 3 14
9 225 137 140 94 138 216 28 100 61 132 254 158 287
1 11 13
211 198 284 254 15 16 120 194 50 261 202 230 294
2 8 9
47 298 212 2 119 145 79 214 102
1 13 4
127 47 258 129
1 19 2
192 31
2 5 9
39 22 159 108 19 45 273 17 283
7 11 11
90 28 194 183 248 205 206 71 285 87 73
9 14 15
96 150 85 123 270 236 168 244 149 43 246 242 110 95 52
8 8 14
247 263 105 5 266 179 274 91 254 133 276 63 283 192
4 12 12
44 114 85 6 21 192 38 2 112 268 45 3
1 20 3
271 264 93
1 17 4
298 39 129 287
3 20 6
206 43 274 243 240 269
2 19 7
99 19 197 147 245 28 154
3 17 6
160 140 291 117 213 161
3 5 7
191 267 296 148 143 18 124
1 19 2
100 294
6 17 10
242 35 282 259 100 169 210 184 164 19
2 3 12
157 24 18 126 41 185 117 179 142 78 123 108
2 3 5
117 266 186 23 189
6 20 12
102 21 100 119 251 9 104 11 82 274 20 202
5 8 10
6 152 240 40 264 231 34 132 75 272
1 11 3
26 153 177
3 1 6
47 39 198 123 160 246
1 12 3
32 38 287
4 3 9
293 17 236 37 251 154 282 233 155
3 17 9
283 272 40 47 296 173 156 48 214
2 11 14
280 180 208 232 174 284 75 50 158 74 170 209 165 142
1 20 4
232 40 215 286
6 15 12
252 67 73 248 130 3 58 82 155 167 97 48
4 16 6
166 2 58 101 220 37
4 3 9
176 122 13 253 264 35 165 278 283
2 5 3
194 53 7
2 1 6
2 270 7 166 267 27
1 6 2
40 137
10 6 15
129 179 102 144 11 115 162 109 161 64 170 165 97 38 263
3 6 9
187 245 175 28 40 25 198 226 1
1 8 2
137 73
1 17 12
217 186 166 180 32 226 160 117 65 148 243 107
3 11 5
122 233 195 27 232
3 19 14
61 156 119 181 134 127 123 242 161 108 32 129 256 212
4 10 12
168 163 107 172 236 296 4 69 182 276 238 94
2 6 11
83 163 290 204 167 156 273 118 92 84 51
1 13 2
163 276
5 1 15
70 55 261 206 195 172 164 245 252 71 227 179 220 46 247
3 7 9
45 59 43 224 157 151 227 241 255
1 11 13
269 265 264 70 203 5 54 295 80 217 173 130 242
1 8 6
244 89 205 171 208 163
2 12 5
283 210 73 155 221
2 17 5
40 174 95 16 181
2 9 5
114 24 146 137 205
4 13 11
197 298 36 170 263 225 91 124 75 210 223
4 13 13
258 283 80 9 288 4 99 21 54 236 298 186 22
6 18 10
265 183 33 59 73 52 26 297 54 234
2 11 11
91 272 36 289 196 127 32 142 234 44 73
5 1 10
114 287 188 237 181 46 172 40 139 30
2 8 13
182 124 189 233 27 163 253 256 140 297 121 135 244
5 19 8
131 220 84 53 261 58 1 100
5 6 10
155 128 258 123 116 49 195 70 204 208
4 7 12
46 192 13 184 283 297 160 93 177 140 21 242
10 18 15
148 101 5 151 280 243 199 278 116 89 125 12 275 185 206
5 19 10
86 15 122 70 228 21 155 271 284 3
1 16 6
159 243 197 162 103 140
4 10 7
216 75 181 116 183 106 51
1 14 10
101 245 227 124 125 222 175 64 134 138
1 17 9
170 190 57 15 272 3 168 128 289
1 9 11
22 222 59 119 216 207 267 182 164 88 177
6 2 11
160 23 32 278 168 34 184 158 290 287 164
4 10 9
33 144 111 70 47 57 226 231 26
3 4 5
183 169 99 269 53
5 2 10
6 70 282 145 119 248 5 187 103 245
2 4 11
46 44 230 171 63 187 147 12 209 166 57
1 19 3
37 41 34
5 11 10
280 247 288 200 283 253 285 38 249 49
1 20 5
51 45 203 285 47
2 14 5
107 65 34 250 42
5 16 14
76 131 288 211 166 70 183 46 286 197 181 61 144 161
4 12 12
254 2 93 83 105 82 233 259 214 234 142 65
8 5 15
83 208 40 281 277 274 297 299 87 21 228 202 163 187 104
6 8 9
79 295 164 106 55 132 278 120 229
1 16 2
295 142
2 18 5
169 155 15 53 146
9 12 15
163 280 0 200 178 9 229 228 256 299 100 121 183 3 27
2 2 8
185 133 38 231 225 93 155 276
2 8 4
105 67 140 250
1 11 11
246 70 80 1 188 46 19 29 105 28 117
4 13 15
49 62 16 82 167 3 252 269 97 212 140 162 126 184 172
5 11 10
185 216 14 203 58 200 130 9 53 152
7 7 13
68 87 118 205 191 31 172 270 71 113 156 77 127
7 3 12
1 218 94 44 164 281 132 224 63 231 275 76
1 13 2
189 71
9 11 14
31 198 168 278 271 184 165 51 105 243 173 187 196 228
1 20 6
170 27 33 81 72 124
4 13 14
70 38 189 94 137 295 257 286 56 181 149 153 209 155
3 1 6
142 114 292 153 110 105
7 14 13
109 274 219 180 165 200 227 71 235 88 85 59 134
4 12 6
77 23 293 17 87 153
7 10 15
16 160 290 171 12 129 109 119 137 67 216 95 261 294 264
4 19 15
239 267 271 29 163 59 181 24 179 294 56 299 240 79 191
1 14 2
225 105
6 5 10
171 235 8 148 227 4 114 51 169 63
1 14 3
252 52 77
5 6 12
109 58 74 93 255 182 148 251 100 86 257 7
1 12 2
298 55
3 2 15
274 154 112 48 87 295 204 289 10 84 29 14 170 95 262
4 3 15
128 156 205 160 169 120 182 243 193 297 299 267 139 74 165
3 20 6
274 240 5 256 179 8
1 13 2
128 142
2 10 3
288 57 297
1 15 8
165 211 138 222 121 64 263 122
1 5 2
26 88
2 15 13
12 33 30 168 64 96 141 135 94 36 228 177 178
4 6 8
207 137 24 225 169 217 108 19
2 16 9
293 211 29 231 163 195 53 13 110
2 6 3
103 140 291
1 15 8
258 45 165 185 225 105 218 152
1 14 4
297 169 77 75
4 12 8
55 105 284 11 159 261 84 221
8 8 12
180 15 99 229 101 160 183 95 198 210 53 224
4 18 12
44 190 181 9 282 37 251 195 230 129 171 3
4 4 12
13 53 245 121 286 180 72 159 112 136 277 100
4 10 10
28 214 196 215 23 275 24 100 274 165
2 13 6
86 291 5 223 2 70
2 16 4
111 183 37 99
3 20 7
99 252 239 232 222 123 9
3 13 13
118 69 191 276 195 52 107 60 47 205 78 50 120
1 14 8
277 176 193 29 137 119 194 298
6 12 12
236 207 0 224 170 176 79 265 115 42 173 187
3 15 13
70 80 208 143 107 55 36 191 137 119 17 255 86
3 15 9
157 203 129 16 121 10 268 252 114
6 1 12
59 136 287 267 250 10 86 147 94 28 248 232
2 7 9
140 246 26 85 225 46 48 130 5
6 20 15
245 90 234 268 35 28 134 254 6 263 202 225 130 119 51
3 7 7
236 135 275 205 214 92 123
2 4 3
174 213 74
3 12 8
58 23 15 5 215 140 48 22
6 12 10
71 133 118 232 121 155 254 96 287 70
1 6 7
52 67 36 235 88 270 210
1 13 2
260 110
1 10 13
223 241 136 111 21 71 178 226 184 28 130 228 128
1 18 4
244 224 121 164
5 13 10
41 121 31 74 177 227 68 297 234 204
2 10 5
221 247 57 168 246
2 14 14
180 212 259 296 197 12 174 230 66 298 172 244 164 81
1 19 5
18 108 121 295 183
2 11 4
25 231 197 211
1 15 3
87 280 156
4 7 7
58 139 168 227 121 130 277
1 10 10
60 259 120 147 121 268 17 238 102 109
1 16 4
217 105 292 218
6 15 13
173 203 104 235 189 297 105 39 210 273 79 86 197
1 13 3
117 118 0
4 13 9
288 5 91 65 154 117 173 129 270
2 16 4
202 112 158 7
1 6 12
28 79 60 245 159 225 110 194 47 247 215 197
1 4 2
203 122
1 12 2
204 43
5 8 12
255 62 236 4 287 137 72 162 152 59 63 64
2 14 4
238 198 261 214
3 2 10
277 280 66 117 183 162 69 76 217 77
2 19 15
299 272 275 128 48 243 125 237 130 222 264 85 140 15 188
6 7 15
46 237 100 57 281 102 58 293 227 38 239 295 34 139 8
1 9 3
163 10 30
2 7 4
232 101 102 138
1 6 2
195 297
10 6 15
214 259 63 158 9 35 192 181 212 230 147 45 85 90 298
2 3 3
283 168 144
2 19 5
223 212 237 197 231
2 4 12
12 88 14 17 101 135 288 258 118 193 147 73
2 4 4
185 194 90 201
5 17 8
94 32 230 121 235 110 96 274
6 14 14
236 55 24 38 255 157 95 277 107 129 261 224 186 147
3 4 8
295 179 35 219 198 143 39 147
1 9 4
191 34 134 54
5 5 11
296 216 7 190 70 284 276 12 155 124 106
5 12 10
119 202 170 92 193 22 184 185 110 168
2 20 15
146 131 241 163 173 24 48 10 265 195 177 60 198 256 275
2 3 4
171 200 102 221
3 7 6
179 59 72 201 171 70
1 14 2
299 131
2 6 5
47 83 80 198 16
1 18 8
193 83 97 114 172 148 124 181
1 16 15
112 60 14 231 31 190 104 292 80 136 284 140 187 59 220
3 10 6
255 236 27 173 299 298
1 18 8
201 299 143 63 221 17 153 47
10 6 15
140 222 27 248 87 86 138 68 202 267 271 255 9 283 205
4 7 13
266 253 91 267 264 2 214 226 71 109 284 141 115
7 17 12
208 271 9 106 215 285 14 281 51 118 288 200
3 10 12
139 49 102 297 170 183 246 99 91 107 262 105
1 8 13
131 112 212 186 50 97 271 96 128 42 29 129 119
8 14 12
167 101 286 152 109 149 292 206 115 269 142 270
7 8 13
20 70 167 263 77 183 132 12 294 215 67 283 296
1 17 3
74 0 9
4 20 6
226 158 210 146 109 46
3 6 10
225 227 288 128 16 286 250 82 278 271
4 10 15
31 256 93 32 6 110 229 130 268 265 23 211 33 169 142
2 8 8
289 211 134 160 202 98 26 233
1 14 7
157 191 226 133 106 218 74
2 6 6
60 134 117 69 263 16
1 3 11
29 282 103 176 98 233 39 271 123 45 70
4 16 6
23 253 116 217 106 267
5 12 15
209 221 195 249 156 256 123 296 168 233 68 276 203 254 17
1 19 8
218 114 98 56 216 59 124 87
1 2 8
75 31 214 6 278 251 69 52
1 7 3
38 68 184
1 4 3
114 89 273
3 18 9
178 194 139 116 34 6 187 143 131
1 9 3
245 207 55
2 1 8
254 294 28 140 216 191 142 277
2 4 6
276 195 149 126 66 282
1 9 5
102 143 220 159 65
1 11 4
243 234 156 88
1 19 5
14 83 277 215 231
5 15 9
139 228 103 245 132 87 259 168 279
1 4 2
72 294
4 7 11
75 277 68 134 72 78 22 101 66 175 155
1 20 2
70 282
2 11 13
78 43 121 297 285 273 57 270 218 176 235 262 225
8 16 15
192 19 243 10 139 40 62 177 82 135 180 151 107 37 58
1 7 4
140 297 115 220
4 6 8
224 82 230 133 85 280 272 172
4 2 9
207 273 67 58 145 62 290 242 220
4 2 15
18 208 255 67 25 112 111 266 227 252 122 31 134 57 281
1 19 5
68 280 264 160 58
10 1 15
138 29 205 21 200 237 144 115 254 270 189 173 93 165 60
k 20
