300 900 465
11 18 13 33 23 33 24 13 29 24 33 27 21 31 28 27 20 32 30 25 32 13 24 13 27 12 18 27 35 20 30 23 33 40 23 37 30 14 31 34 18 39 24 18 26 37 22 19 32 29 36 36 27 25 14 24 39 30 18 27 25 32 28 18 14 22 23 31 40 17 37 27 17 12 29 12 22 20 27 27 21 24 12 17 24 33 28 38 20 15 33 16 31 34 16 20 37 31 23 12 15 24 12 23 20 28 18 34 27 13 28 36 40 37 35 21 39 38 22 36 11 13 34 31 40 17 26 18 30 22 15 17 11 17 31 13 31 25 17 35 37 30 40 18 37 31 18 11 31 25 27 35 20 25 26 22 15 16 33 13 19 17 13 38 36 32 13 26 29 30 35 24 26 11 35 34 36 34 38 26 34 32 26 30 31 13 11 37 15 14 31 26 37 22 22 19 26 34 20 23 37 28 33 22 11 31 20 18 33 20 40 40 17 23 33 28 14 12 26 14 39 28 30 23 33 11 39 14 18 29 25 40 27 39 18 27 23 34 13 26 17 35 39 29 27 21 37 15 39 13 33 14 26 21 24 11 31 17 24 18 13 25 26 20 32 34 20 38 24 25 26 31 34 19 38 11 39 35 40 30 16 20 24 35 25 15 25 18 31 28 12 22 33 12 19 25 21 19 33 28
1 8 3 23 13 23 14 3 19 14 23 17 11 21 18 17 10 22 20 15 22 3 14 3 17 2 8 17 25 10 20 13 23 30 13 27 20 4 21 24 8 29 14 8 16 27 12 9 22 19 26 26 17 15 4 14 29 20 8 17 15 22 18 8 4 12 13 21 30 7 27 17 7 2 19 2 12 10 17 17 11 14 2 7 14 23 18 28 10 5 23 6 21 24 6 10 27 21 13 2 5 14 2 13 10 18 8 24 17 3 18 26 30 27 25 11 29 28 12 26 1 3 24 21 30 7 16 8 20 12 5 7 1 7 21 3 21 15 7 25 27 20 30 8 27 21 8 1 21 15 17 25 10 15 16 12 5 6 23 3 9 7 3 28 26 22 3 16 19 20 25 14 16 1 25 24 26 24 28 16 24 22 16 20 21 3 1 27 5 4 21 16 27 12 12 9 16 24 10 13 27 18 23 12 1 21 10 8 23 10 30 30 7 13 23 18 4 2 16 4 29 18 20 13 23 1 29 4 8 19 15 30 17 29 8 17 13 24 3 16 7 25 29 19 17 11 27 5 29 3 23 4 16 11 14 1 21 7 14 8 3 15 16 10 22 24 10 28 14 15 16 21 24 9 28 1 29 25 30 20 6 10 14 25 15 5 15 8 21 18 2 12 23 2 9 15 11 9 23 18
2 14 6
160 281 100 238 13 224
3 15 6
223 217 276 77 186 260
6 17 13
154 111 281 237 179 228 278 99 100 63 235 177 42
6 24 9
7 210 44 119 211 152 108 167 98
1 25 2
6 172
1 10 7
71 202 252 163 134 103 255
4 20 8
256 152 8 90 248 55 198 122
6 19 12
193 122 262 239 142 136 263 11 224 106 56 265
2 10 9
201 128 206 20 227 161 296 269 175
4 18 8
5 133 47 203 83 68 222 212
3 21 7
198 195 119 144 242 113 90
9 20 15
53 237 24 243 293 149 119 23 71 164 96 217 80 9 203
2 23 4
212 183 136 214
8 19 14
46 232 174 235 133 19 128 213 192 182 18 129 57 15
4 21 7
291 23 218 39 81 108 35
2 14 5
70 120 132 255 153
2 10 10
126 10 260 259 28 230 220 69 36 118
1 29 2
142 195
2 16 5
226 228 4 285 219
1 10 8
79 85 210 146 193 89 211 143
3 14 9
119 256 244 88 85 23 268 223 182
2 18 5
186 155 172 272 222
4 12 14
286 275 272 174 277 36 224 137 17 89 53 147 172 111
3 21 5
288 106 273 122 199
1 20 2
251 244
1 5 15
117 23 241 263 92 70 28 152 105 218 75 108 57 83 292
1 38 2
276 144
2 8 12
151 225 12 244 91 160 246 89 290 54 191 10
2 26 3
30 250 247
4 16 10
96 7 240 82 50 206 145 255 164 198
3 17 6
156 171 298 294 63 154
2 12 4
121 54 186 118
1 11 6
48 180 4 85 102 54
2 25 3
68 295 217
1 5 15
142 251 239 37 155 153 66 179 119 171 240 124 16 288 95
1 18 4
187 113 19 29
1 24 2
244 296
2 11 9
196 59 152 260 277 206 274 4 91
3 10 14
189 96 49 296 18 283 23 237 263 234 150 240 126 170
3 14 9
235 246 245 157 228 232 285 151 272
5 13 15
272 160 235 14 166 169 259 124 197 148 43 9 221 135 153
4 16 7
49 280 67 31 212 99 240
7 20 11
63 64 76 172 50 254 24 92 18 145 173
2 7 15
9 257 88 283 267 52 201 258 43 215 73 251 12 277 288
2 24 3
299 263 284
2 9 11
99 287 97 21 198 223 247 124 38 128 269
4 17 8
133 23 92 54 256 18 184 228
1 25 2
224 83
1 15 5
116 113 298 86 200
1 6 13
48 90 168 117 278 123 138 42 215 199 49 30 20
2 16 4
77 79 69 266
2 14 8
164 77 79 130 149 187 220 45
7 18 14
70 60 120 171 199 14 13 107 142 158 203 106 134 58
3 16 6
219 162 16 95 104 267
1 23 2
150 47
1 38 2
96 276
2 8 12
167 149 114 82 91 107 174 177 246 147 215 141
3 23 6
170 62 86 248 5 39
8 21 12
105 154 258 203 229 35 187 104 182 255 253 32
1 14 3
156 179 1
1 8 7
182 6 148 83 193 186 23
5 19 10
247 263 282 265 39 161 192 144 9 275
1 5 13
65 111 9 129 265 169 66 78 283 251 97 264 4
1 5 13
67 225 96 215 281 43 236 98 88 176 234 150 209
2 7 13
224 223 289 225 95 197 236 281 161 52 205 90 24
7 22 11
208 236 55 277 241 137 65 73 248 223 122
2 17 3
260 77 29
2 21 4
232 126 122 257
3 9 13
214 119 80 120 193 6 159 288 203 21 27 199 257
7 18 14
105 230 15 38 238 247 203 162 290 211 157 241 8 231
4 24 6
170 54 245 112 24 230
1 14 4
165 69 286 244
3 15 8
17 267 29 225 240 151 104 198
8 22 12
288 233 250 206 224 294 202 80 31 137 157 10
2 12 8
251 184 63 252 187 110 240 154
3 19 6
293 30 77 167 4 274
4 14 10
17 269 157 146 109 16 281 18 190 81
1 6 10
145 223 64 172 298 74 7 166 268 11
2 21 3
152 55 245
5 16 12
119 145 217 101 108 52 281 231 185 99 216 112
2 11 9
226 90 160 11 252 34 157 94 107
5 15 13
64 263 162 141 69 209 222 245 142 200 250 229 171
1 10 3
23 130 125
1 17 3
198 47 190
4 18 9
62 204 187 276 138 80 180 54 295
3 11 11
223 286 290 196 270 235 168 172 233 4 159
6 16 14
176 264 159 143 77 36 197 35 252 37 168 175 185 92
5 20 8
155 43 288 290 140 3 83 154
6 13 15
269 80 236 36 161 46 239 249 173 297 138 123 295 48 45
2 13 8
280 79 19 50 56 85 86 208
1 8 7
24 218 92 156 67 62 209
1 19 2
11 99
7 18 13
184 42 13 154 41 296 270 168 21 223 164 82 99
1 5 15
4 267 226 221 264 79 16 41 50 114 167 278 72 279 177
1 11 7
126 121 33 238 135 213 211
7 19 12
138 275 230 15 60 73 78 117 128 5 20 162
5 12 15
128 238 125 204 119 58 111 153 254 100 54 145 171 49 108
1 17 4
38 10 267 153
2 18 4
108 279 240 73
3 14 10
119 39 16 210 275 61 149 141 281 294
1 5 15
37 50 43 205 153 19 12 252 66 22 56 207 32 197 286
2 17 6
63 241 144 170 120 7
7 19 13
187 102 172 230 216 39 122 104 148 82 17 211 236
4 16 8
159 14 25 181 296 217 251 87
4 21 6
9 281 271 27 62 23
7 18 13
64 184 172 162 206 57 194 25 18 130 124 246 54
2 26 3
265 26 252
2 7 14
42 109 233 54 263 68 59 260 205 152 160 43 95 185
1 9 8
49 119 254 109 31 161 144 256
1 27 2
236 92
3 18 5
149 108 156 186 261
1 5 14
280 58 46 41 110 293 135 139 205 162 56 226 101 224
4 22 6
251 257 196 92 86 224
1 12 6
133 79 278 50 141 172
9 20 14
249 180 143 108 94 116 72 45 118 251 260 199 90 68
3 15 8
215 181 148 0 151 198 219 22
1 22 3
179 211 227
2 12 9
247 237 274 230 220 158 290 24 246
5 13 13
89 253 283 129 73 232 0 149 206 269 291 153 32
3 14 8
166 155 42 273 138 33 29 154
2 26 4
41 33 150 179
7 20 13
114 181 203 104 267 50 174 214 167 29 188 97 30
5 19 10
177 293 288 285 235 151 176 110 283 198
1 16 4
30 36 277 282
6 18 12
149 30 78 281 205 25 114 211 107 196 110 261
1 30 2
79 3
2 16 3
216 290 81
1 10 7
267 159 77 87 133 1 107
4 19 8
257 272 163 128 289 251 196 11
1 23 2
254 194
1 14 5
41 69 4 114 155
6 19 11
193 249 60 173 175 85 207 105 278 135 288
3 19 7
2 122 24 58 5 239 220
1 36 2
5 211
1 27 2
254 128
1 7 9
103 277 75 165 60 23 283 176 264
2 7 15
19 66 134 25 275 211 110 82 248 111 277 197 54 12 89
2 10 9
268 17 99 89 75 292 155 263 71
5 18 11
77 19 131 122 37 97 41 61 158 102 67
2 23 4
99 174 51 291
3 11 12
10 109 139 217 25 6 297 202 90 204 48 82
1 15 4
131 18 141 137
4 21 7
51 104 25 38 213 274 171
2 6 15
5 240 251 217 193 136 4 266 103 8 231 138 268 205 52
6 21 11
174 107 118 241 64 50 170 221 205 36 165
1 24 2
299 115
4 16 10
112 299 277 190 58 115 239 167 184 98
10 23 15
125 75 270 232 170 56 46 165 261 256 76 70 15 242 85
6 19 13
246 46 240 50 4 125 139 146 283 70 131 57 96
6 24 9
21 30 121 90 266 276 128 51 18
2 25 3
285 105 17
1 26 2
258 168
1 14 2
63 204
3 12 8
266 296 130 204 132 278 37 195
4 17 9
236 80 270 299 198 165 185 211 292
2 8 14
160 51 53 282 277 265 81 124 98 211 216 207 54 290
4 18 10
202 91 61 259 267 204 68 125 70 13
3 17 7
99 299 215 12 59 242 194
3 18 7
229 70 228 180 115 37 184
6 14 14
179 100 240 219 114 7 43 229 139 259 282 69 5 194
3 10 12
119 182 154 60 22 114 39 72 34 2 257 37
1 18 4
237 144 246 292
3 15 8
83 5 280 270 171 256 50 225
2 20 5
221 152 246 32 17
6 17 12
122 281 170 79 169 128 191 247 90 196 239 270
1 6 9
179 172 219 238 147 222 254 36 22
4 22 8
56 166 181 210 224 2 61 126
3 12 10
136 43 55 208 167 58 31 81 230 176
1 5 14
211 213 292 221 72 172 45 184 47 109 283 95 128 19
1 21 3
107 128 295
4 23 6
274 294 256 125 204 113
5 16 9
28 240 217 242 204 295 47 249 173
4 20 7
23 18 232 236 51 69 49
3 9 15
163 106 185 109 247 104 88 259 204 32 274 99 79 232 242
7 20 11
149 110 242 13 259 47 42 154 249 77 3
2 11 10
0 240 132 278 162 124 187 78 117 116
5 11 14
253 212 101 203 275 82 265 1 238 176 63 138 40 182
1 6 11
65 276 67 294 197 272 151 213 251 66 204
1 10 7
8 126 164 136 13 116 122
4 20 7
76 298 100 75 20 294 276
1 23 2
54 214
4 14 11
91 15 35 260 13 212 199 62 277 293 222
9 20 15
279 177 11 200 60 97 221 168 152 115 101 283 0 298 243
3 13 11
272 278 181 270 113 35 203 172 73 274 28
7 21 11
151 280 208 95 75 30 232 193 31 220 134
1 19 3
2 248 26
1 24 2
281 289
2 24 3
126 172 203
1 24 3
250 163 272
1 13 5
221 271 65 107 260
3 11 12
120 17 297 176 228 62 57 10 273 199 200 15
1 32 2
246 24
3 17 7
229 130 48 88 190 152 79
6 22 10
236 277 181 281 136 267 46 124 193 295
2 14 5
66 266 12 0 232
1 22 3
83 241 298
2 14 6
69 275 36 111 206 251
8 20 14
189 237 275 92 154 207 144 244 68 52 184 62 217 297
2 12 9
165 176 32 53 267 142 162 181 133
3 11 11
73 22 97 46 47 297 170 295 261 272 54
2 15 6
89 132 189 61 128 49
2 18 3
30 189 75
2 24 3
218 197 37
3 19 7
105 81 55 277 274 17 107
1 19 2
261 7
2 8 13
106 158 200 186 111 98 234 283 190 19 25 263 261
6 17 14
28 198 182 102 264 241 195 143 232 117 145 176 178 244
1 12 5
50 65 137 185 69
2 13 8
205 35 188 118 246 77 160 42
1 4 15
26 268 262 138 285 195 135 253 22 162 86 58 283 91 227
7 17 14
59 236 36 254 119 56 121 203 255 62 49 57 294 16
10 18 15
76 7 46 65 182 159 213 40 89 164 13 86 227 52 8
1 5 14
119 71 212 79 267 33 218 4 43 244 75 87 174 270
4 23 6
133 232 192 153 185 174
3 21 6
265 207 35 136 71 239
2 11 10
117 269 28 121 165 23 157 142 105 181
4 24 6
132 229 90 195 230 276
6 20 11
161 28 243 86 237 125 267 52 282 70 244
1 13 5
189 175 257 90 105
1 22 3
224 169 28
5 17 10
259 54 81 223 84 28 35 91 139 157
1 22 3
17 97 139
3 20 5
217 145 288 106 291
5 19 10
86 51 239 94 140 205 294 87 43 156
2 10 9
136 205 219 114 82 279 171 42 59
3 10 13
157 204 293 256 218 5 14 83 275 231 62 13 30
8 19 14
232 201 122 230 290 227 242 129 156 12 57 124 247 196
2 8 13
274 85 148 263 95 275 104 209 139 52 158 117 220
2 23 3
19 105 131
7 18 11
106 185 105 264 151 188 61 263 287 268 94
1 17 2
266 188
3 15 8
168 114 72 292 110 59 84 244
4 13 14
171 234 93 278 125 167 231 60 50 212 263 17 85 40
1 18 4
258 122 204 211
1 11 6
68 60 198 49 154 280
9 22 14
144 100 57 288 209 170 47 233 222 173 184 13 185 19
7 17 14
42 24 17 34 294 261 41 265 79 126 299 125 228 209
2 29 3
34 241 141
2 11 10
205 156 26 87 192 82 84 133 83 242
2 20 3
80 263 95
2 8 14
238 223 187 35 231 16 15 95 65 108 284 135 287 80
2 21 3
270 147 182
2 28 3
155 243 214
6 20 12
117 271 210 245 251 108 289 241 272 247 125 139
2 8 11
245 202 9 14 94 80 268 209 201 36 280
2 8 13
164 205 159 197 230 176 213 68 165 52 204 104 259
2 22 4
223 168 236 116
4 18 9
58 92 183 73 261 180 14 273 124
7 18 12
286 38 133 177 60 32 220 26 132 95 106 120
1 33 2
202 180
2 9 10
39 166 118 131 34 82 148 284 115 62
1 18 3
283 198 251
1 28 2
137 17
6 15 15
98 25 205 12 8 185 282 32 220 42 69 45 244 131 139
1 18 3
78 15 44
9 20 14
124 78 246 161 290 21 102 220 268 230 215 253 299 171
2 20 5
109 151 196 167 56
5 20 10
185 264 267 188 233 239 48 142 118 42
2 9 12
171 289 92 176 249 96 118 185 291 12 276 17
2 11 9
248 172 163 103 149 12 291 84 74
2 17 6
271 23 140 60 119 235
2 22 3
179 79 21
1 13 6
274 224 82 261 176 210
2 7 13
166 92 187 145 236 266 221 109 279 281 155 11 250
1 25 2
32 228
2 12 9
116 169 231 53 183 35 204 156 102
1 13 4
258 127 72 105
3 9 15
53 147 100 192 228 64 18 202 140 183 122 255 67 76 57
2 18 6
267 0 207 28 266 211
1 9 8
273 248 129 216 104 78 267 218
2 11 9
155 216 28 207 33 162 40 271 288
3 15 7
79 188 266 134 74 22 212
2 8 11
146 297 76 3 217 213 91 198 15 227 85
2 25 3
285 81 45
2 9 11
186 138 213 274 63 27 94 15 226 291 172
3 13 11
43 278 244 71 237 9 253 233 125 121 36
4 23 8
140 90 151 33 220 191 247 231
4 18 6
89 295 268 141 146 132
1 14 4
21 200 287 297
4 19 7
37 237 117 206 65 195 77
1 15 5
239 68 159 104 144
3 16 9
65 191 73 164 220 110 208 242 193
3 11 13
226 10 122 251 106 20 31 158 262 147 116 155 81
1 31 2
292 49
2 18 3
247 150 216
2 23 4
11 158 110 48
4 24 6
23 207 45 61 176 22
1 37 2
142 170
3 18 8
26 169 75 282 246 277 10 142
5 14 14
91 147 162 85 17 180 177 228 285 70 295 299 281 250
1 5 13
288 1 85 178 272 235 91 209 179 259 294 67 43
1 24 2
23 170
1 14 4
215 67 72 89
4 18 8
290 176 133 79 239 179 287 134
3 12 12
15 33 246 207 140 113 82 69 62 168 163 214
2 20 4
241 221 173 209
1 17 4
200 3 177 43
8 19 15
130 45 63 126 148 35 96 299 61 60 217 67 27 275 196
3 9 15
118 245 238 231 200 130 283 2 150 85 90 257 16 4 91
2 27 3
214 12 299
2 14 6
47 157 257 289 46 151
4 15 9
155 290 57 125 15 148 75 108 86
6 20 11
189 129 286 84 168 248 292 61 18 282 163
2 20 4
185 17 285 158
3 16 8
282 165 262 152 61 149 197 119
3 9 14
75 253 143 116 203 191 179 58 39 22 14 78 291 19
6 15 14
65 70 196 79 259 168 291 245 188 262 112 266 129 178
6 16 12
209 46 242 121 85 12 64 195 52 0 49 270
1 13 4
286 260 46 279
1 12 5
215 120 197 297 279
1 31 2
30 32
2 7 14
166 23 202 252 44 224 271 72 75 61 269 81 168 151
2 8 13
131 164 211 267 39 173 123 115 149 145 268 14 13
7 19 14
82 133 210 185 72 31 61 276 30 145 100 178 92 45
1 7 7
245 213 135 162 63 223 222
8 19 14
270 259 6 128 174 169 17 285 49 252 287 296 261 192
1 6 13
112 267 87 50 215 240 41 249 79 121 297 182 209
4 13 12
66 37 111 152 222 286 140 79 203 291 63 28
3 29 5
124 281 114 51 176
1 16 4
86 176 286 65
6 21 9
226 83 77 150 221 37 154 293 210
1 5 15
68 86 13 255 115 295 124 145 233 78 96 278 226 125 272
4 20 6
88 13 284 132 76 179
1 20 2
262 188
4 20 7
16 199 203 292 170 17 133
1 5 13
123 9 85 29 10 113 173 273 23 84 121 284 157
6 21 10
184 70 207 270 127 6 8 35 282 32
8 21 12
103 47 149 104 275 174 290 247 200 122 258 164
3 10 15
292 141 278 227 77 264 30 252 102 158 70 235 251 139 178
2 6 14
172 36 160 157 196 293 97 59 225 88 11 16 289 89
1 13 5
172 61 22 195 174
1 13 5
191 88 144 42 279
3 14 8
157 230 251 261 268 141 174 147
1 21 2
152 118
1 11 6
123 292 35 89 284 60
1 17 3
80 18 212
8 18 12
132 109 173 229 125 47 256 298 1 269 7 145
9 21 14
221 241 169 119 88 37 51 36 198 15 47 195 5 17
2 21 5
85 261 211 208 295
4 16 6
88 156 135 105 199 130
2 7 14
90 70 179 236 123 160 22 89 270 122 88 34 229 5
1 6 11
91 175 46 122 201 60 7 140 260 139 165
1 29 2
88 117
2 17 3
77 95 185
2 16 4
38 7 106 125
3 21 7
60 267 164 70 87 261 93
1 29 2
250 149
2 8 14
204 98 74 77 224 106 24 113 70 55 220 151 89 228
7 19 12
57 147 172 156 117 188 26 210 167 136 125 55
1 27 2
92 4
5 19 8
269 243 104 118 181 216 263 141
3 16 6
100 34 162 295 236 222
3 13 10
49 62 285 210 244 174 74 294 196 154
7 15 13
30 209 213 99 217 295 251 24 52 240 129 54 85
9 20 14
180 185 86 91 77 256 128 122 162 179 230 188 239 52
4 13 13
86 260 194 263 184 76 258 93 296 276 55 112 79
3 22 6
210 9 281 264 117 84
3 26 5
236 49 246 231 86
8 20 14
185 267 186 98 80 264 102 192 241 203 140 61 252 297
4 22 6
286 5 66 32 63 130
6 20 10
41 260 48 72 149 154 222 25 18 198
2 21 4
117 75 80 269
9 20 15
18 152 219 122 50 199 34 189 246 194 150 211 53 146 123
2 13 7
7 185 12 24 298 260 148
2 8 12
2 196 232 58 18 152 199 56 19 284 27 104
1 8 8
269 7 128 23 175 259 177 29
4 22 6
106 5 131 216 214 176
6 15 14
103 125 155 234 143 65 137 35 141 42 181 118 163 134
4 15 12
30 37 0 246 112 49 174 128 183 117 205 88
1 19 3
168 169 221
2 20 4
223 3 252 290
2 20 4
281 272 65 172
2 11 7
262 296 241 69 77 89 217
7 21 13
38 272 179 140 293 138 20 226 289 25 246 16 33
2 15 6
81 68 243 209 258 9
1 23 3
279 23 220
1 24 2
249 176
2 15 3
259 130 249
4 24 6
194 158 251 97 79 28
8 24 13
29 120 94 278 32 292 294 177 93 164 176 86 163
2 9 13
41 94 104 40 73 112 163 285 288 238 45 138 43
1 22 3
118 283 92
3 15 8
60 198 171 212 203 164 49 169
6 15 13
293 198 284 11 60 205 129 151 181 247 264 228 106
2 9 11
161 265 99 239 124 127 31 234 47 227 118
2 21 4
201 270 99 128
3 22 6
236 142 190 260 15 117
1 5 11
82 289 10 63 120 254 288 62 182 222 125
1 24 2
217 144
1 16 4
108 228 246 128
5 15 13
32 264 165 78 97 241 293 65 253 267 74 240 66
2 19 4
281 45 159 294
5 15 11
228 21 65 91 151 82 279 89 113 67 234
7 18 13
11 30 112 288 73 239 285 7 218 29 168 20 188
1 23 3
113 237 76
2 14 8
216 272 119 242 293 64 45 49
2 17 3
166 263 294
2 15 7
251 41 59 65 182 145 248
2 6 14
77 291 34 18 290 197 209 201 168 75 249 4 160 7
3 16 8
89 276 249 215 85 184 168 195
7 18 15
262 210 134 126 133 6 131 112 5 275 140 132 139 70 76
3 22 5
65 61 118 277 236
2 15 6
226 102 109 182 280 215
1 15 4
152 257 115 142
7 18 13
228 56 265 15 272 147 171 247 108 81 60 160 296
6 14 15
21 252 267 48 110 2 47 279 71 236 175 77 134 75 167
10 21 15
103 284 173 61 74 9 158 263 81 178 151 38 25 279 106
1 6 11
206 7 214 122 203 61 30 241 181 251 63
1 8 8
270 122 78 120 36 222 46 287
2 8 12
110 254 225 75 197 10 21 25 242 263 80 73
1 25 3
113 233 285
10 18 15
2 7 91 297 237 44 17 218 115 162 219 155 220 256 287
7 17 14
258 53 177 118 154 285 171 273 229 250 194 238 184 178
2 12 6
13 120 249 273 236 31
6 20 9
199 216 101 132 288 13 24 94 180
2 23 3
154 99 92
1 25 2
274 159
3 14 9
76 139 227 92 21 263 117 234 16
2 8 12
265 227 172 59 94 83 118 203 114 192 169 92
1 8 9
172 197 3 244 111 4 68 105 138
6 13 15
245 14 247 251 8 258 270 106 73 132 195 109 125 38 192
5 14 13
127 218 70 91 98 63 240 27 283 124 47 167 6
2 22 4
179 218 163 27
2 8 13
134 16 168 154 113 226 164 9 268 115 291 91 185
8 21 12
77 231 237 276 290 95 294 216 185 223 44 181
1 25 2
250 146
3 12 10
117 161 188 290 225 268 213 108 215 232
6 15 13
230 155 233 42 162 142 2 209 268 156 206 15 293
1 25 2
148 263
3 21 5
214 284 89 146 208
2 12 8
179 42 134 284 39 48 204 72
3 9 15
268 298 111 215 286 230 291 123 225 184 285 98 114 194 237
1 24 2
67 127
2 33 3
136 272 28
1 10 7
292 4 203 192 207 228 120
1 28 2
65 93
8 19 12
0 294 164 64 45 25 198 78 21 181 41 2
3 17 6
189 50 146 264 161 209
8 17 13
14 290 213 217 100 53 211 298 0 76 240 293 127
3 13 11
177 104 163 105 77 297 81 274 193 80 51
2 24 4
226 273 51 6
2 23 4
209 246 219 51
1 10 7
117 113 158 234 123 5 70
1 5 13
30 11 208 291 87 36 53 117 57 222 126 46 81
3 8 14
184 253 72 250 133 179 141 245 69 152 256 299 75 62
2 13 7
16 72 103 158 252 224 240
2 27 4
51 167 164 140
7 18 13
235 86 230 284 244 44 237 147 151 162 54 163 247
6 15 14
246 22 162 276 237 251 261 57 23 131 86 238 268 115
2 7 14
69 180 83 40 256 89 215 281 86 147 97 272 176 258
3 13 10
197 150 215 169 58 114 299 43 266 192
1 12 5
195 61 80 62 209
3 18 8
256 142 237 91 177 96 222 34
1 5 13
225 11 44 17 54 194 0 29 273 258 224 169 87
9 15 14
299 238 73 40 59 157 216 12 162 22 182 227 90 135
1 22 2
251 183
6 17 11
191 297 252 119 14 258 199 94 88 145 22
1 7 9
3 11 199 6 4 5 255 295 177
6 19 11
229 56 282 95 101 173 151 38 51 94 72
1 5 12
72 5 48 12 221 127 196 66 106 141 37 198
3 18 6
291 49 149 78 106 168
2 27 3
152 44 151
3 21 6
158 107 53 30 90 268
2 11 6
99 143 21 191 47 115
1 27 2
51 160
3 19 7
54 149 220 239 57 123 192
1 8 8
231 15 149 218 291 270 216 179
3 11 11
3 95 282 173 226 291 168 29 104 125 126
5 19 8
138 143 38 9 0 28 90 132
1 9 8
68 187 87 238 30 173 110 46
4 12 14
216 90 51 9 15 258 142 269 290 159 85 10 66 282
7 18 13
219 42 84 283 73 9 37 29 45 59 205 44 93
4 11 13
187 250 190 132 73 245 179 293 2 223 9 76 289
3 15 9
294 267 255 109 184 47 36 139 164
2 20 4
32 100 61 130
1 18 2
185 282
4 17 10
234 260 28 64 292 232 176 251 37 210
2 23 4
197 46 246 54
4 26 6
114 283 170 104 149 205
3 11 12
185 134 116 205 182 156 157 189 234 71 45 38
3 13 9
261 217 160 289 11 279 274 235 126
1 9 8
66 136 187 220 281 189 75 154
6 22 10
224 191 192 184 58 170 207 139 199 134
1 12 5
47 241 290 289 31
1 8 8
270 265 236 286 85 196 53 158
2 28 3
145 202 12
3 19 5
67 199 75 297 203
2 16 6
238 265 63 163 284 9
1 5 14
22 12 267 229 122 162 73 159 277 196 62 262 67 117
1 7 11
259 56 198 273 248 104 229 52 208 267 14
1 14 4
20 270 251 54
7 17 12
272 245 126 252 259 159 198 7 4 46 162 278
1 6 12
111 164 96 33 298 175 278 155 166 113 183 282
6 20 10
119 197 117 71 4 102 182 106 1 83
2 10 10
177 280 182 277 31 232 176 21 74 119
5 20 9
61 92 129 12 5 162 96 8 230
4 18 6
255 232 58 83 151 159
2 18 3
235 120 40
4 15 11
253 11 41 233 149 259 239 180 51 230 286
1 11 6
93 85 258 48 36 137
5 22 9
38 100 39 224 133 3 219 114 181
1 30 2
117 213
1 14 5
248 135 166 7 114
1 6 12
221 24 126 196 107 129 90 100 167 220 81 165
6 21 9
297 139 288 174 289 146 137 99 21
7 18 13
283 6 12 299 37 9 177 73 112 294 249 163 285
1 11 7
172 230 102 17 231 223 35
4 17 9
168 31 165 283 3 240 65 57 13
3 14 7
143 191 253 29 135 55 208
1 15 5
41 140 78 47 30
1 9 8
7 271 132 4 41 267 254 246
1 23 2
204 174
1 9 6
89 263 256 179 262 9
3 24 6
70 35 267 113 100 222
3 9 15
129 42 89 85 208 78 45 151 214 274 162 171 53 215 2
5 23 8
252 90 176 197 58 237 126 88
8 18 13
212 126 97 158 136 58 296 191 275 62 106 125 77
7 22 11
59 86 51 61 123 80 109 180 203 35 118
1 20 2
212 268
4 17 10
88 291 122 93 204 114 292 98 275 107
2 15 6
108 86 157 41 104 37
2 33 3
33 144 84
6 27 9
224 139 233 283 248 292 14 123 48
1 9 7
28 118 153 165 106 75 36
1 25 2
115 18
1 12 3
227 1 160
1 25 2
17 43
5 16 11
58 18 258 245 246 94 110 234 72 160 68
5 16 12
187 270 196 14 30 97 49 119 157 299 110 142
4 24 6
53 230 156 119 110 39
5 15 14
223 254 199 5 61 143 112 68 32 202 281 58 115 23
3 20 7
23 16 276 158 17 56 7
5 18 9
104 155 106 284 206 267 30 183 65
1 16 4
89 190 114 247
3 25 5
82 130 28 96 211
1 23 2
162 32
4 21 8
170 141 50 101 207 292 122 107
1 25 2
284 172
1 8 8
27 19 222 36 60 178 299 58
3 10 12
212 49 195 158 52 250 65 249 295 150 92 105
3 27 5
72 183 242 93 39
4 19 8
12 264 83 224 104 298 40 274
2 24 4
28 214 86 255
3 16 7
102 185 168 155 22 9 28
1 5 13
296 30 32 63 107 153 118 24 146 101 181 202 206
2 8 12
226 165 2 239 148 207 176 203 232 160 79 24
3 14 8
2 284 48 38 52 213 60 294
4 14 12
148 153 100 133 215 17 281 131 290 93 274 298
3 10 13
285 222 83 152 168 7 247 27 210 141 110 260 175
4 24 6
102 11 79 299 68 44
5 17 11
225 218 205 62 74 196 24 288 183 141 111
1 20 3
167 84 107
6 18 9
265 100 102 255 266 107 132 138 267
1 5 13
273 166 172 6 36 213 222 123 183 101 292 37 272
2 23 3
292 262 275
5 17 12
163 35 207 281 181 264 236 262 226 144 130 123
8 22 13
249 134 31 82 244 209 254 112 86 128 211 233 229
1 28 2
8 232
7 17 15
219 227 179 164 203 17 105 220 284 29 283 190 54 205 64
5 14 14
51 270 251 189 125 187 133 292 209 98 96 2 107 281
2 16 7
93 19 274 154 33 178 52
1 33 2
85 122
2 10 9
189 263 299 165 1 119 194 240 14
2 30 3
288 39 232
2 14 7
100 40 119 55 103 112 273
2 19 6
124 160 278 91 163 150
4 19 6
227 59 260 292 43 11
1 11 6
10 206 95 148 144 100
6 15 14
104 67 172 4 183 15 51 249 34 130 63 210 126 173
6 19 12
215 232 290 142 258 1 65 3 119 59 25 192
5 22 8
132 277 5 276 235 98 16 249
2 21 4
94 291 113 218
2 20 3
275 213 196
2 12 7
198 216 71 134 288 161 295
2 11 8
182 258 196 7 19 110 164 289
6 16 10
249 25 26 79 52 259 58 72 65 57
3 23 5
207 227 230 233 96
2 9 11
245 90 225 65 127 224 234 226 235 137 264
2 27 3
74 136 66
1 18 4
145 50 199 274
4 23 6
80 123 144 292 275 195
4 15 8
81 71 110 221 40 195 135 287
7 16 15
194 277 60 115 121 149 185 47 32 136 2 165 236 114 84
2 16 6
296 156 252 214 233 27
2 14 7
134 135 185 22 51 3 247
2 9 11
17 74 226 13 266 227 0 122 212 135 27
2 9 11
42 164 97 48 293 37 181 251 267 280 150
1 33 2
221 267
3 14 9
235 208 4 119 152 170 155 63 251
1 7 10
273 206 113 281 197 39 192 23 114 74
4 16 11
54 139 5 243 290 124 246 145 269 20 262
1 8 9
279 249 174 120 286 125 37 119 124
7 20 13
166 36 53 70 51 262 299 250 141 113 37 227 97
4 13 12
265 148 25 42 0 286 272 37 22 125 168 18
2 8 13
137 128 68 26 272 212 235 2 202 252 273 8 27
1 5 14
19 17 299 168 90 39 18 191 125 245 116 140 298 169
6 18 12
105 186 259 117 256 1 146 110 7 276 262 35
4 20 8
51 80 7 44 114 55 121 142
6 22 9
80 213 64 110 274 284 248 262 52
2 25 4
231 29 33 193
5 14 12
88 95 159 107 194 293 90 195 193 162 158 221
4 19 8
234 145 235 257 131 128 87 30
5 14 11
98 31 190 72 88 91 47 74 297 19 90
6 21 9
190 69 252 173 141 44 163 86 219
6 19 10
66 13 43 269 121 298 224 22 239 34
2 16 7
113 156 226 182 132 155 70
2 22 4
205 170 66 285
7 15 14
282 71 147 134 153 180 75 254 273 18 59 212 195 227
2 7 12
260 76 63 160 191 82 110 139 157 280 86 217
3 11 12
40 205 64 183 180 154 68 81 80 247 202 65
4 13 12
152 30 92 39 136 269 122 257 245 45 225 232
2 15 5
252 86 16 125 258
5 18 10
152 282 240 273 172 278 97 15 137 111
5 15 12
3 5 15 242 172 4 78 59 71 61 193 166
1 34 2
174 158
1 16 5
209 124 45 210 187
6 17 10
79 147 66 70 258 106 257 249 22 212
1 21 3
84 106 211
2 23 4
258 246 237 217
1 10 7
86 9 112 99 227 19 48
2 12 6
280 189 228 297 39 42
4 12 14
128 147 252 170 69 98 270 267 140 49 44 254 211 29
3 9 15
267 188 153 236 200 73 253 276 290 15 222 52 13 297 243
1 20 2
249 201
10 22 15
221 98 45 70 137 196 67 200 235 130 53 66 209 165 134
3 20 6
54 203 116 98 12 178
3 17 7
187 203 221 185 102 240 10
1 31 2
218 113
2 8 14
242 153 183 110 287 123 188 40 70 10 246 138 281 53
4 22 7
224 20 289 133 87 221 126
4 14 8
84 12 209 109 296 75 90 94
2 14 7
204 254 283 83 97 114 126
3 15 7
4 109 261 69 88 110 298
3 11 12
126 191 179 271 240 128 276 92 130 32 42 230
2 10 8
251 260 155 149 225 265 86 82
2 11 9
164 167 259 208 222 38 105 236 7
4 18 9
252 60 142 200 172 280 13 247 205
3 10 14
166 222 14 235 275 299 298 240 128 1 103 51 272 124
6 16 10
65 284 253 31 204 21 90 217 173 172
4 16 10
22 298 189 182 111 131 261 71 29 220
8 19 14
134 31 35 113 10 49 21 249 246 2 179 99 118 133
1 14 5
237 177 225 144 285
2 13 8
90 27 262 34 254 170 43 140
4 18 9
278 3 107 294 40 88 258 35 65
1 5 11
25 186 191 293 101 272 299 22 71 257 127
2 30 3
242 58 224
4 18 8
7 267 170 160 47 209 208 156
2 9 13
240 1 54 14 19 150 285 149 74 112 133 124 33
3 27 5
211 44 241 229 61
6 19 11
210 195 182 140 16 2 212 265 295 197 280
2 23 3
93 83 1
1 8 6
118 280 83 287 266 126
1 8 7
202 156 47 91 80 78 285
1 16 4
11 258 242 84
4 12 14
267 263 117 215 43 244 74 44 182 59 200 251 287 89
1 35 2
233 190
4 17 8
213 85 166 45 131 57 47 102
5 18 8
9 137 284 101 228 126 282 209
5 12 15
149 7 0 244 98 209 6 108 195 12 117 242 14 184 215
5 18 9
75 170 15 132 123 3 25 101 95
6 23 9
13 177 178 256 135 54 131 123 252
1 14 4
249 85 268 54
3 12 10
156 137 126 270 239 83 171 18 111 67
2 24 3
60 183 83
2 32 3
241 122 110
8 22 13
168 16 146 63 70 274 282 42 264 233 298 74 197
5 15 12
94 159 212 206 292 271 113 211 203 255 185 223
5 22 9
254 124 242 274 148 82 83 177 257
3 16 6
192 127 266 58 23 262
3 14 9
148 99 78 195 17 265 176 285 66
1 12 6
174 87 286 266 221 61
3 21 5
204 65 163 217 272
7 17 14
11 133 70 275 285 174 136 64 3 65 123 188 79 22
7 23 11
272 128 202 189 112 22 46 241 220 135 138
1 23 3
200 275 197
2 18 4
166 193 229 34
6 20 9
132 166 258 40 201 44 15 29 187
1 29 2
181 191
3 10 11
213 199 269 254 103 116 239 203 282 270 40
2 14 6
44 282 148 161 99 74
2 22 5
77 51 174 124 52
5 18 9
78 4 177 118 206 104 138 269 298
2 22 4
243 114 171 270
6 25 9
113 271 297 74 107 55 283 64 220
6 16 14
67 26 294 210 299 189 216 28 274 241 289 217 249 258
5 19 8
98 248 182 156 217 236 62 73
2 19 5
151 122 182 22 7
1 6 9
71 280 141 115 165 66 155 14 260
1 11 6
267 145 31 38 1 108
9 21 15
147 295 279 110 106 96 227 163 252 38 80 258 237 85 151
3 21 7
45 117 70 157 124 236 54
1 32 2
116 191
1 8 7
131 108 14 118 280 62 169
4 22 6
218 282 92 75 180 203
2 11 9
195 198 88 225 289 210 3 272 13
1 5 14
30 148 293 49 142 17 255 7 264 43 209 82 145 68
2 11 7
234 247 131 57 71 53 172
2 19 4
71 154 258 238
4 21 8
140 242 235 55 20 89 297 33
3 11 11
218 21 1 167 8 66 113 86 247 287 35
3 16 7
159 55 78 123 147 205 166
1 9 8
32 163 27 133 240 297 70 230
1 8 9
0 41 81 188 125 31 61 51 120
1 22 2
225 10
9 22 14
136 226 88 193 220 130 255 73 205 97 101 17 45 5
8 17 15
172 37 252 47 234 273 77 215 278 144 106 114 245 191 207
2 10 8
168 273 20 234 199 188 167 130
3 14 10
202 143 260 3 74 52 226 142 293 45
3 14 11
87 240 275 226 175 179 3 16 142 122 56
4 12 14
19 216 23 57 112 274 143 34 266 115 136 162 248 127
8 20 15
87 109 95 164 94 138 185 112 163 248 209 190 116 251 127
8 19 13
11 148 64 259 211 109 184 149 129 23 87 4 88
3 18 7
213 161 162 28 216 70 192
1 14 3
21 273 66
6 16 14
104 263 96 267 288 19 72 137 107 57 8 271 61 195
3 11 9
197 109 149 152 244 130 238 212 185
4 25 6
106 177 26 224 278 126
2 26 3
282 195 192
2 30 3
67 196 39
3 11 13
46 22 174 228 257 30 113 66 291 237 41 158 227
5 21 10
185 10 179 157 242 96 210 126 134 292
3 20 7
233 85 100 107 123 163 38
1 21 3
36 214 191
2 11 9
196 242 98 293 16 264 289 258 186
1 5 14
10 173 93 230 111 214 112 65 289 211 252 273 189 249
2 15 5
109 134 63 8 83
3 22 5
168 49 4 290 222
2 12 7
87 287 160 219 185 196 53
1 12 5
193 274 167 99 291
1 12 2
109 99
3 19 6
1 291 231 263 72 176
5 19 9
26 77 263 264 200 282 93 31 258
3 14 10
276 135 82 45 29 93 139 299 100 223
6 16 14
213 87 9 248 104 271 262 289 268 49 265 169 297 5
3 12 11
174 9 97 253 72 265 218 151 128 48 26
3 13 10
0 178 126 99 158 236 239 72 101 277
3 12 10
62 166 15 48 127 295 149 107 31 260
3 11 12
219 147 160 67 76 204 281 39 271 68 247 81
4 13 13
93 95 40 171 113 175 148 276 120 19 291 136 15
3 16 9
116 45 51 290 146 92 154 244 90
2 10 10
77 151 160 242 181 232 130 108 223 194
2 26 3
213 229 78
4 16 8
62 150 272 238 104 155 216 254
2 27 3
205 202 228
4 16 9
38 68 271 69 78 193 294 12 281
2 8 12
269 92 93 223 161 265 171 253 155 204 293 25
6 15 15
203 71 199 241 154 101 64 204 226 169 53 200 39 131 138
1 29 2
105 141
1 29 2
244 181
1 19 3
202 186 153
5 16 10
281 35 254 4 153 9 130 73 256 289
1 16 4
29 136 125 170
1 8 9
56 194 297 298 188 263 243 13 79
4 19 10
114 68 41 145 36 187 272 55 233 147
7 17 15
237 54 224 20 285 260 170 108 39 104 213 34 186 70 203
1 6 12
13 233 168 57 142 92 141 265 264 131 169 119
5 21 9
207 190 220 127 2 210 15 1 93
1 16 4
191 198 274 182
2 9 11
16 200 24 285 100 18 203 291 87 293 63
1 16 4
108 282 24 226
6 22 10
133 210 125 66 241 4 62 175 95 211
5 25 8
298 15 131 0 10 246 158 276
1 19 2
7 167
1 8 9
108 199 42 276 43 255 297 204 107
1 26 2
211 7
2 32 3
288 241 61
1 33 2
144 243
3 10 14
99 191 117 190 132 33 153 219 90 241 247 204 52 161
1 30 2
292 150
2 16 5
147 17 202 143 133
6 16 13
91 261 216 157 271 147 8 213 61 200 38 180 146
2 24 4
270 46 144 50
2 8 13
3 283 247 87 111 276 91 253 54 43 97 5 42
2 21 4
52 50 94 34
2 30 3
100 200 142
4 15 10
123 54 80 141 110 11 183 256 21 196
1 13 4
180 228 77 159
4 11 13
166 26 2 231 149 77 188 286 1 259 121 39 295
2 15 7
61 194 3 177 160 248 77
1 15 2
109 146
3 14 10
119 183 236 264 201 263 51 294 116 245
3 18 6
181 271 263 130 29 299
1 7 9
43 59 251 256 181 215 274 285 209
2 21 4
279 280 92 103
5 21 8
167 281 53 92 38 42 21 20
3 21 6
241 94 298 296 91 276
2 27 3
171 14 49
2 8 12
154 0 90 7 243 184 25 166 269 149 241 291
4 18 8
29 10 177 155 285 9 70 130
7 21 12
202 85 64 41 228 215 295 50 200 83 19 256
6 22 9
94 138 167 236 131 283 67 35 114
2 30 3
113 199 190
2 15 7
220 147 116 30 160 168 1
1 10 7
288 27 30 89 110 81 56
6 13 15
81 108 65 13 281 60 236 232 285 102 107 203 79 73 55
1 23 3
90 192 286
8 20 13
190 83 269 214 147 28 34 273 198 129 98 114 70
8 21 13
46 230 279 246 38 243 20 28 263 276 152 268 207
2 21 4
193 24 219 163
1 9 8
15 118 222 274 282 169 189 176
2 7 15
156 116 67 248 234 263 105 111 20 85 142 172 240 40 274
1 22 2
17 293
3 9 14
126 125 164 196 155 58 34 174 156 99 129 238 200 270
2 9 12
203 155 141 285 25 103 13 189 119 139 163 186
6 19 12
154 141 219 29 298 43 217 114 112 233 20 132
1 7 9
113 149 228 121 8 46 290 154 227
8 22 13
252 23 105 271 2 49 176 35 74 113 97 221 48
1 24 2
145 63
4 20 6
142 83 189 241 185 143
6 23 10
292 70 23 185 59 271 82 116 279 68
2 20 4
25 263 286 50
4 17 6
209 75 185 14 207 254
1 21 3
6 147 211
4 14 12
245 215 61 207 50 70 191 165 251 274 131 95
7 19 14
51 256 124 78 28 81 114 7 2 76 19 113 45 295
8 19 15
31 175 150 183 128 4 12 141 267 252 185 173 233 278 27
5 18 11
87 222 210 26 112 154 110 4 80 23 213
1 33 2
8 87
5 22 9
39 192 226 294 265 205 285 69 252
8 17 13
6 203 91 95 228 58 186 198 268 192 254 165 141
6 16 13
20 190 147 129 249 283 149 51 254 62 79 38 6
2 22 4
197 134 91 171
2 17 6
122 0 152 259 139 277
5 18 11
144 178 215 158 58 130 90 12 268 3 76
6 18 9
98 130 37 23 201 155 136 72 145
2 29 3
46 174 67
3 11 12
16 175 103 57 88 3 242 65 126 54 206 181
1 13 5
14 49 119 21 234
4 16 9
213 152 224 285 27 271 45 195 188
3 17 7
56 125 59 66 161 4 250
2 19 5
114 164 0 186 79
1 7 10
252 117 52 28 172 116 142 147 168 279
5 15 13
144 58 247 246 298 188 282 234 265 5 128 16 155
1 18 4
213 262 151 45
3 10 11
49 154 196 114 297 106 299 161 194 82 286
2 13 6
204 290 299 165 115 37
1 9 7
293 96 103 215 227 284 126
5 18 12
113 251 125 243 67 56 262 87 49 51 208 292
2 17 6
218 286 13 176 56 48
1 11 6
49 29 114 32 261 97
2 27 3
37 49 178
7 19 14
195 93 172 87 120 276 294 229 221 123 29 59 163 39
4 15 9
131 258 105 127 142 47 89 270 284
3 19 5
89 59 253 127 158
2 15 6
207 91 154 186 97 96
2 17 6
293 169 181 195 1 231
1 16 4
194 264 282 61
9 20 15
16 10 121 173 281 65 148 215 33 111 110 31 174 149 199
2 23 3
250 146 207
1 12 6
131 241 112 140 13 191
1 13 6
56 62 82 59 97 233
4 12 14
230 205 46 282 178 233 286 184 251 298 185 38 114 158
1 23 3
241 75 51
4 17 10
99 184 104 2 205 169 242 283 148 139
1 10 7
254 280 275 250 21 131 163
3 10 14
241 56 243 102 43 147 215 127 163 54 4 234 8 47
4 11 15
104 134 78 266 291 35 232 74 241 133 110 114 143 200 175
4 12 13
115 230 281 102 235 247 11 66 264 183 178 155 111
3 19 6
136 2 106 169 248 21
3 24 5
224 55 105 295 246
1 28 2
96 297
10 19 15
159 63 158 21 219 153 203 231 160 18 32 266 239 109 288
2 15 7
286 95 44 278 24 116 128
4 11 14
73 22 289 188 184 92 139 56 146 168 225 299 4 269
5 14 13
186 54 288 111 29 60 173 89 193 267 155 270 36
2 18 6
237 263 234 233 169 119
1 21 2
213 273
2 7 15
128 264 222 81 74 44 96 9 64 3 166 148 51 76 196
6 27 9
135 108 233 28 202 41 214 112 286
2 11 9
181 250 190 158 35 26 258 28 151
3 18 5
76 299 132 49 185
5 22 8
263 77 278 172 1 197 221 289
2 9 11
158 94 245 108 74 224 0 218 269 32 15
2 23 4
97 140 179 260
2 10 10
112 208 168 183 241 86 102 137 48 91
1 8 9
246 229 130 181 137 272 50 173 155
1 26 2
128 46
1 10 5
188 199 184 297 162
1 9 6
267 29 185 219 16 253
2 9 11
59 224 275 134 10 32 270 91 18 112 241
2 20 5
91 30 274 151 249
2 10 10
208 24 69 85 255 31 143 176 17 223
3 13 11
28 117 16 234 123 56 280 65 254 14 3
2 32 3
299 87 181
3 9 13
84 258 297 149 278 194 135 268 256 18 290 65 59
1 8 7
282 59 236 6 294 141 4
1 7 9
259 287 62 48 85 144 98 265 23
7 20 12
154 235 78 48 40 69 229 143 3 278 247 183
5 16 12
181 28 97 170 208 79 64 273 108 247 133 20
9 18 15
68 45 114 227 204 228 234 97 270 82 103 75 297 25 292
1 34 2
184 117
3 18 7
115 178 169 101 268 184 292
1 4 15
201 148 5 136 128 269 115 90 166 293 169 106 28 63 185
4 25 6
24 198 242 299 197 11
2 15 4
214 25 69 186
1 29 2
288 15
2 15 7
104 112 144 128 188 1 182
1 9 8
51 5 100 163 276 284 193 139
3 29 5
220 86 41 180 122
5 21 10
208 137 178 187 115 142 133 201 165 250
k 20
