300 900 465
11 40 38 31 21 29 13 38 24 29 32 19 15 15 19 23 12 35 29 21 14 11 14 16 27 37 24 12 17 23 25 20 15 29 40 15 37 39 27 27 25 32 36 12 40 35 28 34 18 19 35 12 30 12 34 29 19 20 12 21 18 19 20 23 39 35 36 36 19 16 23 27 36 39 25 13 29 39 24 27 14 13 18 15 33 38 15 21 20 32 34 16 18 24 36 20 17 29 38 24 15 26 34 32 20 11 31 17 25 27 40 28 17 25 38 19 11 31 31 27 16 30 35 12 20 24 31 21 11 25 31 31 40 13 31 14 16 22 36 35 28 12 16 16 31 40 14 22 39 35 28 20 39 13 31 28 35 30 35 26 25 23 15 27 18 24 30 21 39 40 26 40 32 14 33 27 15 27 13 23 21 28 11 33 15 37 36 31 23 20 35 14 32 11 17 19 37 11 11 15 35 32 28 34 13 24 19 38 13 32 25 22 38 37 12 37 26 18 16 22 24 23 30 18 12 22 29 40 35 27 32 27 29 33 13 23 18 28 16 17 31 26 12 13 20 14 37 15 15 13 33 14 28 35 28 23 27 13 14 14 19 18 33 22 30 39 13 31 26 26 38 11 36 34 37 32 12 40 25 20 31 24 39 28 30 34 18 23 25 37 35 23 28 23 20 34 16 27 35 38
1 30 28 21 11 19 3 28 14 19 22 9 5 5 9 13 2 25 19 11 4 1 4 6 17 27 14 2 7 13 15 10 5 19 30 5 27 29 17 17 15 22 26 2 30 25 18 24 8 9 25 2 20 2 24 19 9 10 2 11 8 9 10 13 29 25 26 26 9 6 13 17 26 29 15 3 19 29 14 17 4 3 8 5 23 28 5 11 10 22 24 6 8 14 26 10 7 19 28 14 5 16 24 22 10 1 21 7 15 17 30 18 7 15 28 9 1 21 21 17 6 20 25 2 10 14 21 11 1 15 21 21 30 3 21 4 6 12 26 25 18 2 6 6 21 30 4 12 29 25 18 10 29 3 21 18 25 20 25 16 15 13 5 17 8 14 20 11 29 30 16 30 22 4 23 17 5 17 3 13 11 18 1 23 5 27 26 21 13 10 25 4 22 1 7 9 27 1 1 5 25 22 18 24 3 14 9 28 3 22 15 12 28 27 2 27 16 8 6 12 14 13 20 8 2 12 19 30 25 17 22 17 19 23 3 13 8 18 6 7 21 16 2 3 10 4 27 5 5 3 23 4 18 25 18 13 17 3 4 4 9 8 23 12 20 29 3 21 16 16 28 1 26 24 27 22 2 30 15 10 21 14 29 18 20 24 8 13 15 27 25 13 18 13 10 24 6 17 25 28
1 4 14
172 225 295 237 89 90 97 264 262 157 236 131 128 232
9 19 14
266 16 104 285 118 51 202 61 193 166 159 56 262 158
6 21 12
289 126 140 5 63 13 207 299 127 285 277 67
3 16 9
18 98 23 182 1 8 134 280 212
8 19 13
276 239 257 256 21 279 265 9 280 2 157 291 14
1 13 4
150 206 205 123
5 22 9
7 76 12 253 172 176 257 45 90
1 7 10
157 141 104 51 2 288 174 111 299 199
1 14 5
227 21 126 205 54
1 6 11
28 298 164 36 103 71 26 281 55 77 31
6 18 9
291 119 8 128 178 69 109 16 262
2 15 4
124 38 116 208
6 18 11
11 246 69 117 19 62 293 29 111 204 132
1 12 6
7 179 39 122 5 281
5 17 11
21 241 167 144 28 110 166 50 256 214 281
2 19 4
164 38 193 103
1 13 5
66 111 79 254 144
1 31 2
297 122
7 19 14
47 233 115 206 279 152 70 149 60 64 2 195 280 224
1 7 9
295 204 149 106 199 202 95 187 45
2 9 12
221 172 76 191 2 93 250 122 45 104 165 204
9 18 15
208 123 217 30 141 40 246 62 231 8 60 1 205 166 224
4 13 11
116 179 105 11 154 110 8 244 30 107 293
2 8 12
5 264 92 74 105 46 128 114 90 22 239 57
1 5 13
207 199 155 170 259 272 102 203 146 50 164 286 20
1 10 7
141 295 177 213 37 40 111
4 13 13
229 121 156 180 172 12 145 48 282 62 292 177 124
4 20 8
126 97 247 7 37 32 51 93
4 12 13
46 223 1 119 18 293 125 238 262 241 127 105 135
2 8 14
2 219 290 16 205 182 189 123 73 266 108 291 255 114
4 18 7
70 30 217 208 187 95 226
1 16 4
214 243 187 139
6 16 14
267 263 145 77 223 270 134 115 107 194 88 57 116 235
1 8 7
13 177 50 165 31 71 164
6 17 13
72 160 118 294 175 218 180 45 130 110 268 221 291
3 12 12
129 8 270 272 290 29 34 240 67 233 33 207
2 20 3
39 191 11
3 10 13
74 65 68 298 11 241 102 166 55 264 290 38 230
7 14 14
294 62 186 178 184 153 75 211 31 37 283 236 87 180
3 18 8
47 254 168 136 284 169 18 144
2 7 15
125 39 232 36 72 122 143 225 5 60 226 224 100 286 78
1 6 11
125 242 28 69 169 232 203 4 30 298 57
7 21 12
116 166 250 154 266 229 156 201 185 98 160 239
1 27 2
194 36
2 17 3
147 6 217
1 8 5
96 296 129 116 14
5 17 9
163 49 57 164 181 16 146 147 274
5 21 8
18 285 70 249 210 218 231 139
3 16 6
125 91 106 177 247 82
2 25 3
59 50 167
4 13 13
122 103 107 142 161 160 126 10 168 36 192 234 164
1 10 8
178 38 132 238 227 54 206 242
3 16 8
262 237 51 274 23 240 22 52
5 16 13
299 37 101 225 283 70 104 245 215 171 286 48 103
2 14 8
251 171 97 25 66 158 49 144
2 17 5
126 69 193 231 177
2 12 8
83 227 262 219 260 124 116 283
6 20 10
208 65 293 252 53 249 299 183 75 213
1 27 2
20 34
2 21 5
228 90 185 295 29
2 16 3
214 238 137
4 22 7
149 163 198 39 114 135 256
4 20 7
156 165 122 40 243 99 23
9 19 15
175 65 150 254 54 179 249 253 230 239 128 126 26 182 82
1 18 3
202 256 204
2 22 4
260 122 49 190
7 19 13
98 293 241 133 192 107 155 224 280 284 164 125 270
6 19 11
293 85 263 216 20 23 196 46 78 9 25
7 20 11
148 41 293 247 225 104 100 111 95 286 299
2 10 11
133 244 77 102 248 127 39 282 16 296 262
2 15 5
113 163 127 82 8
1 27 2
34 251
4 19 7
29 78 245 115 89 226 97
2 17 6
201 174 142 29 297 34
1 7 11
277 111 38 1 120 268 295 146 230 294 57
3 15 10
161 10 105 148 134 137 111 44 171 86
2 12 9
260 97 55 215 122 274 59 73 0
4 19 9
67 246 168 206 131 102 244 284 6
4 21 7
76 134 276 293 181 110 35
3 10 12
206 40 251 209 231 160 221 24 61 85 154 234
2 16 4
218 148 182 43
7 15 14
286 32 223 233 23 19 59 67 24 222 294 45 96 189
1 10 5
20 83 224 252 235
2 7 11
100 3 140 146 133 74 257 191 167 58 81
2 26 3
294 231 240
4 17 9
146 159 75 216 42 17 244 192 218
3 9 14
250 163 206 14 196 39 49 256 128 276 298 219 68 90
2 12 6
247 166 181 49 260 259
2 18 6
25 9 272 243 180 139
1 16 4
81 253 192 60
6 19 12
3 184 265 64 166 16 286 103 49 209 144 232
1 26 3
113 168 265
4 16 8
193 199 257 125 158 49 282 86
4 20 8
291 111 236 1 203 11 7 276
4 11 15
223 91 43 179 159 155 293 118 86 130 177 189 195 36 282
5 13 10
229 288 259 243 191 52 88 263 234 16
1 16 2
92 13
6 17 13
13 52 34 113 197 180 30 31 186 254 137 50 24
1 10 7
228 280 26 11 1 154 298
2 8 12
163 64 151 264 113 19 220 273 144 89 243 75
4 11 14
87 133 100 188 183 137 257 76 141 116 98 90 161 214
2 7 15
263 56 80 66 153 118 149 203 220 116 63 102 281 52 169
3 27 5
63 253 76 227 3
9 21 14
114 139 35 243 91 285 187 23 135 283 54 217 64 144
1 35 2
186 298
3 14 9
270 177 33 112 241 116 265 204 29
1 15 3
276 249 230
2 15 7
26 53 42 284 73 11 272
1 5 15
184 66 42 234 152 150 30 148 296 221 89 235 13 73 121
1 6 7
188 128 153 258 69 235 49
2 8 14
228 129 163 247 34 86 84 10 171 180 209 147 30 164
2 9 11
212 40 38 201 79 257 269 78 116 162 275
3 14 8
68 206 11 143 36 117 278 142
5 16 12
36 137 10 218 174 210 234 251 62 273 118 193
1 29 2
293 253
3 10 14
117 2 99 101 143 157 226 210 144 56 240 98 206 265
1 26 2
124 84
7 20 11
15 228 122 292 99 248 106 247 251 234 264
5 18 10
193 29 45 295 225 89 134 237 179 108
1 11 7
85 298 119 54 284 184 132
4 15 6
56 53 8 135 28 23
8 17 14
56 84 129 167 233 106 65 91 229 80 30 260 35 107
2 15 6
140 189 71 38 110 268
1 8 8
164 172 240 245 214 295 6 196
1 18 4
56 272 288 138
1 31 2
253 140
4 22 7
73 20 108 112 192 283 118
3 13 11
95 121 170 190 238 233 265 85 259 209 131
7 21 11
17 290 97 101 267 286 62 63 61 129 154
3 29 5
122 298 94 148 217
1 18 4
125 177 277 65
1 14 5
7 122 14 142 81
3 15 5
22 91 30 205 242
7 20 11
220 278 192 20 56 293 166 84 203 170 143
1 14 4
26 113 230 30
5 23 8
184 15 55 172 250 79 209 114
1 11 4
216 218 95 242
4 15 10
242 103 172 127 36 170 161 41 20 27
1 24 2
176 174
3 8 15
135 250 291 216 283 128 3 118 244 285 211 109 203 52 159
6 14 14
223 286 65 257 38 79 166 245 67 19 80 8 128 243
1 16 4
85 216 15 135
2 12 5
48 97 239 20 58
4 15 11
126 159 77 278 155 283 27 213 1 92 104
6 23 9
38 194 212 6 15 209 145 12 10
1 27 2
31 200
4 16 8
63 290 41 182 218 83 188 279
6 21 11
252 54 146 24 41 111 64 276 212 297 209
1 33 2
207 237
4 12 15
38 187 281 174 143 156 149 250 59 169 20 152 43 28 239
2 20 4
67 58 51 90
1 15 4
14 290 86 229
5 17 10
281 60 262 199 183 33 51 238 50 167
5 17 11
24 271 224 182 35 34 188 239 37 233 298
2 22 4
89 112 60 85
1 8 5
167 81 35 14 189
2 18 4
115 226 78 248
1 35 2
187 168
7 19 13
30 248 12 183 81 298 113 52 144 1 222 57 99
1 25 2
119 26
4 24 7
72 132 23 27 183 125 246
2 8 10
12 206 269 109 116 254 33 193 63 62
1 9 7
72 127 82 109 4 79 297
5 19 9
210 109 107 164 64 133 269 239 215
2 12 8
136 252 131 67 120 160 175 50
1 15 2
153 107
4 23 6
180 229 63 146 171 9
5 19 8
3 248 239 189 4 149 233 35
2 19 5
51 139 48 165 2
2 15 7
15 150 49 87 85 299 90
1 29 2
150 157
3 9 15
42 144 72 150 45 202 175 273 26 242 106 100 149 186 216
3 14 11
194 72 98 89 277 84 288 289 1 10 99
5 19 9
185 16 261 100 252 66 275 279 199
1 11 4
182 133 194 24
3 26 5
260 185 3 298 154
1 24 3
158 239 215
1 14 3
159 236 48
1 19 4
37 2 231 244
9 21 14
295 26 297 170 90 50 111 232 62 58 78 127 280 181
1 23 3
267 44 40
8 21 12
192 218 270 101 268 165 241 26 126 8 234 109
5 17 11
226 44 236 286 160 193 248 65 252 229 228
1 7 10
95 250 150 203 148 82 244 146 36 216
6 18 12
42 1 123 59 185 6 248 104 151 149 179 18
1 24 2
221 269
1 8 8
180 232 4 13 57 85 275 111
2 11 10
95 230 6 85 296 212 211 102 30 281
5 19 8
292 289 249 247 125 241 58 175
6 20 11
44 98 54 229 244 232 213 276 128 115 32
6 17 12
185 247 231 162 61 120 54 242 153 240 295 84
2 8 13
212 118 150 245 116 93 214 172 117 272 171 217 209
1 26 2
281 9
2 16 6
7 15 77 75 208 220
2 16 4
60 50 204 21
8 21 13
123 288 44 128 47 137 253 286 260 262 34 95 156
4 19 6
239 260 53 0 186 89
1 18 3
126 40 249
1 19 2
108 6
1 24 3
265 158 20
2 7 12
267 39 202 268 291 80 69 99 273 259 92 245
8 19 14
184 89 248 95 209 130 192 96 33 151 29 237 199 169
4 20 6
16 287 0 233 188 54
4 10 15
230 292 89 237 126 192 243 288 278 249 118 54 35 239 203
3 23 6
112 291 36 25 168 288
2 15 7
155 213 240 224 163 277 256
8 20 15
5 125 110 37 266 17 9 71 6 204 176 2 74 122 18
4 13 13
150 138 14 25 188 101 149 209 170 48 74 72 36
3 21 5
227 178 27 137 280
1 14 5
186 280 228 285 190
2 14 7
253 15 289 189 271 184 52
2 14 8
114 117 212 10 48 185 247 173
6 21 11
242 88 209 267 140 44 112 230 171 285 58
1 6 12
165 188 6 57 149 229 193 211 81 48 121 98
1 6 12
26 99 76 77 14 135 78 238 146 147 155 94
1 27 2
8 222
3 9 15
276 127 72 39 31 286 183 298 94 278 96 99 120 122 255
1 21 2
234 52
2 8 11
38 121 86 194 54 165 109 134 116 123 30
1 29 2
54 160
1 5 13
220 232 173 28 236 77 297 57 170 120 49 75 51
2 10 9
220 43 5 9 89 52 167 136 157
3 10 14
282 270 68 212 170 93 262 88 223 232 151 222 271 117
2 9 12
64 85 118 39 91 115 275 232 273 4 0 167
2 10 10
90 42 97 3 175 235 6 10 153 199
2 19 5
272 286 222 13 192
1 21 3
168 160 287
5 19 10
52 0 127 79 34 284 108 17 252 106
2 12 8
12 39 183 136 208 154 263 84
2 17 5
283 102 208 281 30
3 15 8
178 226 44 13 112 234 192 57
1 9 8
54 240 178 77 183 6 172 147
2 16 4
243 38 191 74
7 18 14
79 168 47 218 97 5 100 250 249 31 165 147 196 189
1 6 12
51 100 159 62 3 299 234 7 289 111 211 274
2 20 5
226 243 168 67 146
1 10 7
114 15 268 127 98 236 253
1 34 2
73 226
6 21 10
298 128 32 236 132 108 151 97 55 41
1 27 2
82 67
5 24 8
45 148 46 4 118 288 285 241
2 27 3
263 196 179
4 11 15
157 15 96 37 40 155 234 18 256 88 253 188 6 274 209
1 5 15
291 165 256 286 100 140 19 223 148 77 41 99 200 290 61
1 5 14
276 92 70 242 217 256 195 171 61 218 0 93 25 210
3 9 15
54 298 205 276 158 98 128 114 224 184 40 208 246 51 147
2 16 5
159 259 49 10 70
1 15 4
183 82 284 241
6 15 15
132 27 9 276 291 5 66 78 1 120 184 98 92 40 35
7 17 14
227 78 234 167 269 262 266 24 165 251 186 91 299 141
4 22 7
54 231 53 49 72 280 264
3 11 12
270 107 89 244 109 114 146 226 286 14 247 284
2 17 5
63 32 262 269 109
1 13 6
238 95 159 1 35 171
6 18 11
58 66 220 204 293 28 129 275 295 12 144
3 10 14
119 81 122 130 2 250 45 213 32 144 280 136 268 145
7 19 12
228 81 164 2 176 291 199 82 221 77 285 235
8 16 14
286 261 298 288 235 125 211 3 59 144 107 143 40 20
2 11 10
90 221 213 72 75 183 64 178 29 189
1 22 2
254 107
4 10 15
96 5 286 220 293 56 268 265 23 216 130 125 247 78 195
1 11 5
179 122 49 243 32
1 14 5
11 131 44 81 125
3 12 11
230 113 45 138 250 166 90 294 58 178 4
5 19 8
160 293 81 7 191 33 29 32
6 20 9
22 96 40 25 158 284 104 208 93
3 10 13
220 100 232 121 109 163 74 207 273 157 161 136 95
1 11 5
94 218 291 123 249
4 18 8
133 165 42 135 189 157 132 68
8 18 15
299 171 144 16 133 254 244 184 71 5 205 46 229 178 154
2 15 6
83 13 158 206 251 34
6 13 15
108 26 235 146 164 120 105 13 272 88 241 159 145 211 178
1 11 6
34 109 24 23 48 155
7 21 11
67 278 155 205 9 195 37 243 24 93 162
1 39 2
110 270
2 15 3
60 116 96
2 13 5
126 208 68 128 260
4 10 14
99 231 119 242 189 238 223 34 120 32 176 237 125 101
6 15 12
38 162 68 0 195 158 219 264 196 105 75 234
1 16 4
139 130 197 150
1 11 5
297 206 83 15 201
4 23 7
79 54 17 298 80 144 296
3 14 8
222 23 201 129 264 191 71 101
1 16 2
217 176
5 17 13
138 274 168 268 52 258 45 12 156 169 83 267 62
2 21 3
222 146 62
3 12 8
16 224 204 299 105 61 209 43
1 11 6
12 200 94 123 167 23
6 24 9
208 220 172 242 273 85 30 46 110
4 18 9
99 144 261 214 130 16 284 10 85
1 17 4
185 154 4 116
4 13 14
255 196 183 106 104 145 178 34 180 232 292 174 95 5
1 14 5
33 156 85 286 4
1 6 11
141 209 63 205 280 130 178 282 193 225 173
1 22 3
120 253 201
4 16 10
196 227 29 78 232 275 281 278 224 175
5 20 9
154 210 8 85 191 160 132 74 181
1 9 7
31 297 250 117 234 45 178
9 21 14
80 145 11 97 81 275 293 233 258 204 118 65 228 284
2 8 12
281 202 266 294 62 26 183 20 38 185 157 231
3 16 7
31 191 229 137 262 46 237
6 16 14
4 223 32 25 119 85 159 5 114 293 193 11 117 295
7 21 11
209 268 131 124 66 59 274 23 284 297 49
1 26 2
261 203
2 20 5
70 176 246 233 285
1 7 10
45 169 7 6 13 242 175 210 267 187
1 28 2
82 2
9 19 14
231 260 247 288 245 226 262 122 22 16 82 181 117 163
1 31 2
265 99
2 25 3
54 105 157
2 23 3
151 76 189
3 10 14
31 204 1 66 108 293 233 165 9 250 118 181 193 36
1 6 12
55 200 46 99 270 203 293 82 267 239 241 161
5 19 10
139 203 251 180 177 188 51 44 138 229
8 18 14
27 217 264 188 206 266 140 20 288 101 270 98 22 2
1 11 6
114 184 230 84 23 15
5 18 10
138 240 181 19 122 202 267 225 281 101
3 14 9
293 238 274 55 116 244 131 190 58
7 14 13
276 271 155 225 159 161 59 216 165 32 249 197 191
1 10 7
262 40 66 79 173 90 222
2 23 4
181 155 254 152
6 16 14
231 232 115 29 31 94 93 161 36 259 187 186 263 118
1 15 4
260 240 144 40
1 22 2
103 208
1 14 5
90 291 66 101 220
4 16 8
137 28 180 262 217 286 296 94
7 20 12
79 224 32 162 192 13 171 265 101 268 249 37
1 20 2
244 19
3 25 6
237 64 102 77 196 1
2 9 10
140 136 75 60 232 56 46 108 238 73
1 7 11
198 106 240 258 163 39 60 157 2 156 34
1 9 7
250 293 209 184 247 164 116
2 25 3
267 232 86
2 13 7
222 17 11 283 144 202 125
3 19 6
35 176 7 254 266 54
2 31 3
108 158 200
3 11 13
80 253 232 246 163 43 274 290 297 277 50 193 150
5 17 12
203 253 210 245 292 246 295 213 184 166 53 155
3 10 14
59 228 53 292 190 39 62 37 230 43 99 120 137 69
3 18 6
12 297 231 74 123 47
3 15 9
37 132 109 165 235 176 140 195 117
1 24 2
23 174
2 8 13
204 276 243 238 202 24 272 223 64 209 144 185 106
6 22 10
69 240 274 47 285 128 264 297 118 142
2 21 3
71 235 133
2 19 5
2 161 193 253 288
3 19 7
57 129 24 36 249 131 169
1 7 9
280 54 236 74 180 184 16 72 90
1 5 14
224 19 137 169 234 286 98 270 8 197 52 31 79 216
4 13 11
117 108 296 141 116 199 85 65 51 87 57
2 22 5
30 44 156 200 250
4 23 6
21 220 72 206 288 282
7 16 12
68 153 260 266 257 268 1 251 197 91 240 130
1 24 2
272 242
1 16 4
231 54 284 160
2 8 8
105 146 163 32 179 127 167 12
1 20 3
175 129 290
10 24 15
158 64 45 156 231 50 255 142 17 233 256 252 104 148 264
1 8 10
235 207 169 190 239 254 174 103 227 117
1 8 9
76 132 163 250 146 135 100 189 11
3 15 6
217 286 63 49 143 209
1 8 9
94 214 165 2 174 220 11 166 43
4 16 10
285 182 222 237 131 264 202 145 283 291
3 23 5
156 152 30 236 133
4 19 6
254 127 135 6 84 57
1 28 2
219 65
1 22 2
28 46
1 13 4
287 281 24 30
2 8 12
53 105 24 123 285 296 112 245 19 176 141 114
4 15 10
205 257 45 83 6 71 270 245 268 278
1 6 12
210 68 11 53 277 114 195 234 4 222 217 237
4 10 15
20 235 255 167 11 296 10 105 103 277 191 201 147 59 182
1 33 2
126 158
1 13 4
143 289 191 48
1 22 2
261 38
8 18 15
37 236 200 197 165 28 166 66 240 199 86 150 8 131 163
3 10 14
75 53 290 119 90 173 77 252 299 205 171 29 51 43
3 11 11
93 33 280 192 23 177 11 165 181 246 92
4 13 12
38 9 176 40 251 218 10 123 5 37 111 250
1 16 4
231 244 155 64
4 17 6
134 234 286 68 161 136
1 25 2
99 268
2 23 3
22 283 140
1 37 2
168 228
9 18 15
111 12 21 242 298 231 290 225 106 266 162 245 126 89 293
5 13 14
83 194 95 15 227 61 6 92 209 270 27 97 221 38
2 18 5
283 124 26 159 186
4 17 6
225 161 266 102 198 247
4 22 7
244 152 82 59 267 42 39
3 12 11
72 93 0 100 191 149 280 173 37 96 31
3 21 5
188 69 259 37 38
1 37 2
42 152
1 13 4
214 252 39 162
2 26 4
249 163 34 289
3 9 15
9 64 163 255 204 250 122 31 157 84 78 82 297 194 237
2 12 7
234 149 182 141 89 199 31
5 18 12
66 278 292 148 184 72 13 77 110 284 0 161
2 10 8
43 287 193 46 79 173 258 106
4 17 9
147 90 11 111 17 131 136 134 195
3 13 10
119 162 250 106 93 258 86 187 215 280
2 21 4
117 14 151 84
1 34 2
213 201
4 12 15
202 175 149 245 172 216 227 169 183 135 171 22 108 21 259
1 10 7
167 69 266 158 65 253 159
2 17 6
90 253 293 212 33 51
2 12 9
41 262 283 168 123 2 259 107 223
2 36 3
274 174 168
4 13 9
197 224 235 62 57 293 89 32 107
1 13 5
284 67 232 80 267
6 16 14
192 113 237 203 152 57 74 50 83 288 290 283 178 217
7 17 15
64 101 68 128 281 176 27 34 94 288 45 267 256 16 142
5 14 11
239 141 218 199 159 260 97 79 130 296 172
1 18 2
191 287
1 7 10
182 59 166 158 130 190 142 164 168 116
1 16 4
224 1 79 219
4 16 10
110 248 156 257 61 8 83 150 149 163
1 21 2
23 163
1 11 6
170 254 295 149 288 188
6 15 14
191 88 254 280 142 134 199 84 174 69 113 241 111 4
4 14 8
254 44 115 6 107 249 43 208
2 12 8
292 288 29 248 290 122 126 239
1 16 4
5 185 61 180
4 11 12
269 197 30 71 266 75 23 258 107 201 12 268
4 12 15
82 77 238 272 131 207 293 39 157 270 149 271 112 170 125
2 12 9
19 12 207 110 92 127 241 191 90
4 17 10
24 232 49 227 108 215 91 299 177 45
2 24 3
208 172 55
1 6 9
219 141 82 47 86 235 29 137 13
3 13 11
45 273 211 72 155 154 52 44 159 10 15
2 7 14
249 143 218 74 282 101 26 67 250 11 149 55 221 268
1 14 5
185 122 273 184 70
3 18 6
83 207 92 214 84 161
3 18 5
279 234 243 168 82
4 12 12
61 184 151 103 161 281 96 286 191 212 156 204
3 23 6
270 54 212 146 6 130
6 17 12
80 66 133 116 134 142 137 222 238 31 172 36
1 17 4
224 278 168 209
4 20 6
105 268 126 258 96 102
2 17 4
14 164 157 59
1 32 2
250 209
7 20 13
110 152 75 34 129 208 117 82 268 54 278 281 241
8 17 14
9 61 80 181 234 134 291 24 19 226 206 269 276 138
4 18 6
137 243 192 20 256 214
4 21 8
253 75 86 204 93 36 299 65
2 23 4
295 83 149 161
6 12 14
16 91 128 143 135 26 288 195 297 102 14 120 170 225
4 22 8
110 98 281 64 235 99 285 154
3 8 15
116 87 296 39 71 232 137 242 5 66 252 73 180 155 9
2 15 6
217 175 44 184 74 151
1 25 2
124 106
3 12 6
146 153 151 21 182 5
6 18 12
93 167 237 277 208 109 54 288 230 34 23 68
1 7 10
281 272 209 252 49 0 168 225 254 156
1 7 10
100 3 236 206 167 210 183 19 44 45
7 18 15
157 200 123 290 179 119 4 265 39 101 166 68 169 270 118
2 16 5
188 131 61 224 157
1 10 6
201 153 4 187 286 11
4 12 15
73 109 289 178 256 8 131 190 108 266 196 251 7 57 43
1 36 2
50 196
3 25 5
110 211 271 94 283
1 26 2
171 58
2 7 13
234 230 210 41 232 112 208 69 6 9 88 249 159
1 36 2
186 274
5 14 14
50 291 112 88 170 36 231 162 290 69 240 245 76 17
6 18 9
71 72 223 69 46 146 195 271 115
7 15 15
238 172 274 86 60 291 68 27 164 229 158 163 28 252 5
2 17 5
220 240 6 243 154
1 16 4
131 229 109 65
1 16 4
130 230 26 285
1 13 4
192 162 161 135
2 13 8
67 295 189 174 254 273 286 199
3 9 13
41 137 66 10 31 182 226 231 100 244 135 141 63
4 12 15
280 120 64 48 211 65 8 162 42 14 177 148 213 40 109
4 20 6
269 159 259 58 85 260
3 22 6
85 12 99 184 110 166
4 16 10
199 290 194 29 250 185 218 70 279 298
1 16 2
81 31
5 19 10
27 241 243 111 289 207 255 139 211 200
4 11 15
285 56 135 130 19 99 196 149 295 71 97 15 230 188 65
3 10 12
217 172 180 18 10 21 195 166 16 147 133 280
3 11 13
81 235 17 105 160 101 206 111 154 152 110 168 128
1 5 13
203 156 214 46 286 78 72 14 25 49 230 173 295
1 19 2
20 26
9 20 15
262 169 247 182 148 206 114 96 37 176 178 126 92 164 109
2 11 10
142 121 145 210 266 122 135 30 169 90
3 19 7
15 102 89 49 209 186 50
3 9 15
9 274 265 70 24 248 10 93 119 38 174 197 153 83 31
1 5 14
209 205 41 74 247 183 179 277 115 176 6 278 190 91
3 17 8
206 289 69 12 122 97 59 36
7 17 11
279 263 36 52 257 184 284 210 173 123 146
8 18 15
157 131 175 141 3 91 200 14 133 116 84 181 264 216 242
4 12 15
280 139 25 64 71 161 2 212 158 5 257 116 175 184 72
3 12 11
161 174 76 128 50 88 123 204 84 67 255
1 10 6
14 279 129 124 227 179
2 7 14
28 280 206 82 127 43 48 90 161 171 204 81 159 100
2 28 3
69 169 292
4 11 13
137 81 115 135 204 294 283 234 259 200 60 3 265
5 21 9
136 169 30 160 163 212 106 203 142
1 9 6
4 241 150 80 96 58
4 18 8
227 71 112 33 58 295 142 95
3 17 7
257 157 85 229 61 71 292
2 14 7
162 84 296 130 35 235 203
2 18 5
45 198 252 292 137
1 9 7
157 131 153 264 72 191 247
9 19 15
183 57 208 289 279 241 20 238 3 43 47 103 121 5 269
1 23 2
22 230
3 18 6
217 185 117 197 236 79
1 9 8
202 203 53 49 167 28 98 270
3 20 7
98 102 140 7 179 225 201
2 7 15
66 234 120 295 145 126 141 220 162 247 165 219 65 133 136
2 23 3
83 259 277
1 14 4
136 163 41 63
9 20 14
213 239 171 11 162 46 278 28 47 108 24 233 296 263
1 10 7
186 275 283 12 188 15 102
3 11 12
43 248 180 30 189 27 76 119 25 138 130 9
2 26 3
84 91 18
2 13 5
276 205 256 107 53
8 22 12
295 64 88 142 262 50 130 157 109 6 260 204
1 9 7
231 237 135 254 250 192 19
1 16 2
95 178
4 18 10
171 152 50 116 5 236 245 39 41 25
4 19 7
214 128 223 77 224 215 202
7 17 14
43 26 242 291 282 273 164 89 61 47 124 56 98 100
2 14 4
18 142 243 53
4 13 11
266 29 187 173 291 179 31 203 185 35 239
1 31 2
200 181
2 8 12
115 248 9 54 197 242 61 223 31 73 99 191
1 6 12
190 168 75 230 268 263 111 209 51 277 196 147
3 12 11
86 62 107 111 193 154 13 227 75 233 250
1 9 6
130 71 53 56 208 184
4 24 7
27 134 114 237 50 60 72
1 18 2
129 214
3 17 6
124 289 101 12 115 221
3 11 12
58 94 81 153 297 210 179 42 228 127 91 21
7 22 11
297 73 123 239 145 156 184 26 279 4 36
2 17 6
237 66 222 289 151 297
4 17 9
279 219 215 244 266 65 155 161 42
3 17 6
60 28 284 77 224 100
1 9 4
143 219 245 182
3 25 5
265 137 277 236 288
6 13 14
271 101 93 159 95 263 126 281 83 174 231 136 173 248
1 5 15
263 67 176 28 248 6 24 27 254 265 72 255 48 130 77
6 19 11
197 251 277 143 83 226 141 67 106 268 84
2 18 6
118 265 291 191 289 47
5 20 10
38 65 258 206 294 132 26 278 149 277
1 28 2
78 230
4 14 11
6 88 78 65 133 40 170 292 10 184 145
4 15 11
123 276 64 212 182 42 35 26 262 150 78
1 36 2
213 290
2 12 8
261 241 122 156 131 202 288 151
2 18 4
165 47 142 91
3 8 14
232 239 68 179 296 29 159 57 47 69 74 174 28 26
2 7 15
240 146 244 34 277 152 129 192 41 156 11 225 126 106 0
3 16 9
246 174 217 240 244 202 110 93 90
3 14 9
190 178 130 137 96 43 273 252 0
1 21 2
91 119
5 21 9
123 148 203 70 235 265 188 42 16
5 16 10
26 29 198 119 59 154 234 109 203 4
2 6 15
164 9 108 215 180 214 134 291 107 32 115 220 31 297 165
2 17 6
282 113 30 1 27 87
5 19 8
153 221 42 84 224 39 88 35
1 18 2
219 83
10 20 15
48 289 122 6 230 141 181 58 170 77 118 115 3 162 60
3 12 11
222 258 282 160 53 89 232 270 284 129 82
3 11 12
244 144 73 181 55 290 84 20 182 67 61 217
8 16 15
279 72 270 225 81 146 252 194 250 249 68 224 251 259 207
5 15 14
182 2 165 108 251 80 202 90 139 44 10 126 72 184
7 18 14
201 20 62 174 205 200 194 273 44 238 69 188 120 139
2 11 9
61 10 154 180 74 236 132 109 217
6 17 12
45 206 129 261 105 47 255 202 225 17 163 254
4 12 10
19 296 182 9 282 276 137 191 242 243
6 16 13
235 170 44 68 164 254 209 244 146 216 15 113 114
1 19 4
213 152 171 265
5 16 8
263 68 87 56 98 128 80 135
6 19 12
210 245 38 164 36 89 250 222 73 24 253 202
4 17 10
272 274 192 284 65 68 54 146 293 79
1 8 6
249 60 14 35 107 54
3 10 12
16 18 106 10 97 160 252 290 113 43 219 191
1 5 15
225 171 214 206 259 265 238 2 175 283 152 54 284 67 73
8 18 13
165 88 101 49 297 132 275 291 238 20 103 22 219
1 18 4
42 102 35 67
3 25 5
64 277 162 53 134
2 15 7
259 145 38 207 263 89 115
7 19 15
36 260 2 198 106 46 183 193 266 22 85 192 289 241 265
10 20 15
283 3 253 184 229 278 58 181 178 34 13 232 75 97 22
3 18 7
169 188 192 287 121 218 269
6 23 10
37 65 6 45 106 253 293 10 115 41
1 23 2
12 230
1 29 2
57 64
1 5 11
193 0 175 35 39 279 88 153 239 16 149
3 26 5
249 154 240 192 67
2 14 7
205 148 172 104 39 96 258
1 6 13
254 125 255 201 139 153 44 15 188 299 36 17 196
4 12 14
61 263 47 272 10 186 221 18 153 262 86 96 231 201
1 5 13
62 61 200 187 144 94 265 220 248 21 119 33 7
2 11 8
125 80 299 136 78 283 8 205
3 20 5
147 252 33 235 4
1 6 12
243 71 16 116 178 39 108 274 6 165 44 257
1 22 3
101 118 67
9 17 15
165 284 86 164 133 224 236 32 85 87 115 295 226 247 299
3 13 9
54 184 255 90 191 187 146 56 11
4 17 6
297 182 197 129 11 63
2 31 3
237 73 170
6 21 9
271 278 161 144 151 54 99 84 263
3 10 13
180 167 179 262 264 57 174 85 33 76 115 291 74
2 20 4
142 121 50 164
6 21 11
255 44 127 159 145 238 205 1 138 122 4
3 13 10
47 236 33 286 185 92 144 29 90 240
4 17 10
196 126 50 223 38 64 20 51 292 5
1 12 6
141 263 148 184 57 295
1 24 3
289 211 274
3 13 11
19 78 27 92 262 259 37 67 119 139 121
3 9 15
130 199 157 161 62 153 246 277 31 46 245 211 120 93 83
1 9 7
179 96 103 46 293 289 48
1 8 6
112 291 223 146 125 8
2 7 15
291 249 57 284 9 253 290 164 81 260 191 91 237 101 85
5 22 8
235 104 119 190 125 262 49 185
1 17 4
166 20 12 282
2 11 9
146 22 239 234 212 266 229 268 253
1 31 2
179 265
2 20 4
121 175 170 268
8 17 13
57 226 106 267 90 263 75 136 111 153 204 271 32
1 25 2
296 253
6 14 14
82 65 4 80 176 71 12 56 228 154 49 88 223 77
3 22 5
5 264 199 181 101
5 24 8
295 118 23 85 89 71 133 172
6 18 11
205 233 51 146 182 43 148 19 213 125 76
3 8 12
48 236 273 116 147 182 204 188 268 194 245 16
1 5 13
127 116 183 187 149 192 177 162 88 188 82 224 190
6 19 10
43 251 260 55 158 10 137 15 121 214
7 20 12
64 55 122 31 284 269 286 248 290 101 216 167
2 13 6
83 267 146 82 159 291
1 5 11
229 183 256 86 154 201 75 51 107 15 8
4 13 13
282 134 231 158 230 159 38 109 267 62 228 197 87
9 22 15
265 83 253 285 286 134 176 284 77 229 52 274 258 221 201
4 11 14
42 243 299 137 159 258 238 227 79 14 115 211 56 296
2 7 14
147 279 294 105 264 144 83 40 243 102 0 90 273 149
2 21 4
57 229 187 292
2 14 8
155 215 140 48 277 17 76 281
1 12 6
90 215 246 221 97 174
3 19 5
285 173 165 178 159
5 19 9
13 114 71 232 48 188 109 219 280
1 9 6
13 92 211 226 236 52
2 29 3
228 188 144
1 8 9
275 74 166 272 29 31 108 132 142
9 20 14
0 202 4 237 122 20 221 272 126 269 25 153 137 11
1 15 2
259 142
6 16 14
70 199 73 165 137 33 271 151 155 130 46 94 256 272
3 15 9
151 76 248 112 98 271 44 28 149
2 15 4
111 14 224 259
2 24 4
26 149 171 165
1 20 2
180 206
2 9 12
259 45 53 273 151 267 255 135 31 2 213 203
1 24 3
190 12 25
1 5 13
212 127 37 185 90 290 285 21 292 293 2 122 296
5 12 14
124 80 75 119 211 10 267 13 28 205 182 102 63 6
3 19 5
298 182 86 106 191
1 18 3
187 124 210
5 22 9
145 200 284 255 51 285 64 147 116
5 16 14
295 199 286 77 281 44 145 285 138 132 112 231 168 35
3 15 7
297 224 149 128 263 165 180
1 22 2
33 91
10 20 15
185 254 30 90 197 201 112 6 17 125 187 96 9 198 86
1 18 4
81 196 10 67
1 6 12
270 35 128 208 280 203 181 92 60 241 28 91
2 7 14
202 263 154 240 230 294 55 225 6 20 1 212 198 5
3 23 5
204 287 291 149 203
7 21 12
184 116 246 27 294 181 34 132 293 290 254 46
5 24 8
76 196 65 266 25 30 195 280
5 20 10
97 84 262 118 102 35 111 1 76 54
3 23 5
76 229 177 224 45
10 20 15
69 183 14 259 8 92 94 86 176 185 57 227 6 41 216
1 6 13
251 268 279 65 117 208 286 289 39 37 230 3 64
2 14 7
93 158 140 241 252 98 117
7 20 14
251 164 299 34 93 165 50 203 201 94 90 240 173 192
8 15 15
262 260 26 279 285 296 131 291 57 198 19 4 120 81 182
4 18 8
275 280 187 184 128 12 205 252
1 21 2
267 193
4 26 6
203 119 71 66 11 200
6 21 11
187 39 255 190 94 7 239 61 66 92 155
2 7 14
124 80 231 253 217 218 75 173 142 219 197 66 50 137
8 21 14
78 9 184 193 209 274 79 261 110 273 156 82 260 185
1 19 3
113 5 283
1 22 2
128 90
3 16 8
258 159 131 55 70 270 166 28
1 23 2
15 287
3 12 10
291 273 24 56 60 243 52 30 134 62
2 8 13
191 107 24 207 113 248 39 164 132 136 242 261 251
6 16 9
16 107 236 294 11 41 59 239 91
1 9 7
197 23 2 184 181 188 278
4 11 14
85 140 100 239 192 240 54 283 146 216 89 63 35 131
2 20 5
275 153 172 120 77
2 8 13
195 60 149 272 269 37 108 47 139 97 127 186 277
2 14 6
62 299 71 105 221 135
6 20 11
268 134 60 273 98 220 246 86 69 153 282
2 15 7
85 13 229 296 65 119 10
2 11 9
53 140 233 282 163 204 238 69 232
1 6 9
219 234 104 296 220 223 233 255 15
2 13 6
228 210 19 12 266 75
6 15 13
233 263 188 32 62 81 46 220 16 130 198 284 264
5 18 9
163 15 229 173 215 143 40 56 255
3 24 5
56 200 172 243 67
5 17 11
71 261 124 35 155 74 45 60 221 65 212
2 21 3
41 91 100
4 11 14
63 207 125 176 20 80 179 231 118 107 18 15 90 247
1 6 11
296 246 229 290 22 225 69 79 31 165 200
2 14 8
92 103 171 213 125 148 200 251
6 24 10
7 230 121 194 169 217 264 149 48 246
3 10 9
205 293 167 294 251 76 104 245 244
2 16 7
247 132 16 156 110 153 187
4 10 15
33 80 114 155 278 135 246 40 276 13 191 226 269 88 0
5 16 13
294 95 221 65 114 246 201 298 164 98 32 90 295
1 28 2
115 270
3 12 11
139 238 207 260 245 93 22 113 272 244 69
1 14 5
138 149 71 249 106
2 18 3
69 21 283
1 17 3
12 166 221
1 17 4
163 180 230 207
1 10 7
152 70 75 196 133 172 79
5 23 8
222 297 107 130 149 298 118 82
2 20 3
23 130 162
1 22 2
273 271
6 18 13
20 0 145 83 189 232 157 7 273 11 254 190 183
2 9 8
266 165 263 225 199 89 217 151
2 8 12
146 241 24 138 228 182 46 52 144 237 74 10
1 7 10
85 46 244 272 289 138 58 254 42 258
2 13 8
177 212 77 63 198 159 257 33
3 16 6
182 297 210 58 259 285
1 6 11
103 244 135 223 23 292 261 299 228 183 287
7 17 14
91 210 90 156 295 95 179 157 113 202 29 49 137 227
4 16 9
99 42 179 166 88 124 117 59 147
4 10 15
291 167 269 296 75 262 152 204 127 293 234 216 35 170 58
8 18 15
200 228 296 220 88 116 69 82 130 252 79 280 94 266 177
3 11 11
262 74 235 79 237 156 286 5 87 68 24
2 8 10
217 49 133 232 32 170 76 11 51 249
4 13 10
96 9 128 244 18 104 139 257 53 129
1 5 15
54 280 174 161 14 249 38 217 65 272 37 206 122 35 112
1 15 2
31 0
6 16 11
104 196 40 62 179 269 103 193 96 266 197
2 24 4
234 265 64 279
1 13 5
59 150 180 234 145
1 11 6
192 55 2 288 249 84
1 16 3
170 189 235
3 16 6
17 49 12 163 266 133
1 4 15
161 50 182 122 14 103 64 11 268 206 179 167 174 250 172
3 12 12
109 168 197 47 144 288 292 23 28 258 35 169
1 25 2
115 267
6 16 15
203 155 288 81 15 66 147 284 44 162 98 168 111 167 118
3 20 7
186 46 282 288 220 84 183
1 7 11
145 263 16 95 103 267 86 220 124 77 94
3 12 11
288 20 159 120 144 256 165 103 185 277 115
5 16 10
266 132 0 14 151 141 244 110 236 150
3 9 14
99 189 233 96 238 258 110 198 290 140 29 8 229 266
7 19 14
241 16 126 168 277 92 59 128 212 79 102 101 3 273
5 16 14
57 194 89 145 34 138 174 44 62 186 113 190 41 193
3 25 5
265 54 9 241 165
8 21 14
139 258 147 189 90 99 207 233 62 124 52 274 109 7
1 6 11
70 132 158 193 209 275 107 31 262 186 179
1 8 9
6 37 28 198 253 241 4 148 22
4 12 14
146 12 41 298 177 248 24 98 224 95 58 130 185 65
1 8 9
284 195 152 35 259 148 228 275 75
2 11 10
46 64 176 246 240 58 132 179 90 164
2 9 10
283 247 72 78 65 46 96 241 43 124
3 9 15
85 19 292 175 158 39 71 38 58 29 247 274 268 129 260
3 13 8
111 255 251 284 166 261 48 260
1 9 7
61 89 29 6 180 262 239
1 5 15
38 37 279 195 87 233 169 277 299 120 190 250 43 161 245
1 16 4
74 230 258 41
1 7 7
81 43 40 101 191 120 155
1 19 4
132 207 27 261
3 15 8
218 17 291 83 8 44 182 195
3 10 14
129 177 141 37 103 121 5 77 210 187 102 57 229 275
1 29 2
131 140
4 16 10
75 272 225 111 164 267 62 265 229 230
1 24 2
118 223
1 6 12
3 45 83 297 233 148 22 38 82 292 162 60
1 14 5
105 213 45 20 56
3 15 8
187 204 211 71 235 10 157 163
6 20 9
81 186 142 266 130 119 169 217 286
4 13 13
158 140 99 152 82 250 52 262 266 107 47 290 228
4 20 7
174 71 221 284 80 55 86
1 14 5
133 111 274 115 186
1 15 5
171 172 156 118 17
2 16 6
260 102 78 186 123 284
2 14 7
48 165 162 284 262 42 197
1 9 8
86 122 77 242 151 226 48 198
3 13 11
6 58 36 64 122 262 88 294 295 148 119
4 13 12
280 292 36 221 287 111 63 247 249 189 154 158
6 13 15
217 116 257 241 278 108 132 198 163 70 239 49 125 63 54
1 8 7
239 175 71 89 210 61 208
1 37 2
282 72
5 13 12
244 146 140 75 139 197 155 294 23 92 149 13
3 17 7
6 127 145 259 192 8 202
3 15 8
39 124 202 56 75 298 279 172
7 22 12
211 286 274 299 122 267 219 220 36 38 298 205
4 12 13
8 11 287 80 109 209 276 113 279 89 202 86 132
4 21 8
203 169 289 164 43 18 102 133
4 15 10
24 265 278 208 123 93 173 295 210 104
3 20 5
104 76 240 182 293
4 24 6
193 16 31 110 246 190
1 28 2
254 46
4 20 7
35 263 281 77 260 209 297
1 5 15
39 268 215 291 106 86 277 217 150 117 72 79 137 240 57
3 18 7
81 16 215 130 262 232 217
6 19 12
263 130 165 185 172 4 217 60 298 102 297 275
2 21 4
113 191 161 36
1 22 2
166 20
1 5 11
103 33 59 222 179 48 283 266 29 287 95
3 13 6
178 153 142 111 69 195
2 11 8
99 105 131 204 5 195 263 174
1 5 12
67 41 160 129 296 293 243 257 187 256 283 158
1 18 3
166 268 13
2 13 8
122 282 137 158 266 259 67 70
3 13 11
223 17 138 81 155 181 290 198 214 62 145
3 8 15
68 143 205 35 220 172 119 250 276 86 58 109 158 92 55
2 27 4
227 65 237 174
5 17 10
10 200 282 208 217 62 162 232 198 251
1 30 2
246 235
1 6 11
71 166 95 234 161 104 140 257 72 30 218
5 14 14
227 111 120 230 220 110 87 50 18 199 147 75 106 218
2 23 4
233 148 31 22
5 23 8
77 41 82 291 50 275 16 70
4 12 14
6 68 17 61 238 143 246 274 212 129 292 117 86 263
1 10 7
119 7 240 224 250 256 286
3 23 5
154 147 38 25 244
4 13 13
155 295 263 299 258 16 67 170 39 167 18 172 162
10 20 15
286 63 291 65 234 83 214 195 294 169 106 143 215 148 6
1 11 6
21 283 297 294 277 118
1 7 11
93 126 236 276 72 64 171 217 262 33 207
4 14 10
49 245 126 31 160 220 3 4 233 108
1 7 9
11 79 155 18 20 72 262 284 143
4 24 7
2 10 228 238 186 292 189
7 24 11
206 155 190 72 45 75 152 183 173 3 121
4 13 11
79 268 60 279 136 171 30 117 296 124 82
9 17 14
123 276 244 224 64 69 56 158 206 289 80 42 83 178
2 9 12
119 277 141 109 77 74 187 214 191 69 10 267
1 25 2
216 210
2 15 7
179 108 3 88 282 173 1
1 8 9
57 298 210 55 92 3 191 274 79
3 16 9
227 265 207 278 122 96 11 117 75
1 11 5
252 225 118 123 87
2 17 6
17 254 233 31 251 50
2 20 5
165 67 189 110 61
3 16 9
152 173 45 13 224 291 97 90 7
3 10 13
155 28 283 179 105 247 132 100 47 160 276 152 59
5 19 8
271 142 291 56 151 126 54 275
1 9 8
291 114 42 160 45 105 47 293
1 10 7
5 235 49 98 65 237 0
6 20 10
58 264 177 270 255 103 146 235 52 226
4 12 14
291 184 282 220 252 268 151 117 61 110 236 16 256 118
2 23 4
219 106 135 34
1 25 2
87 76
1 10 7
118 292 176 195 213 116 272
2 6 15
3 234 136 206 31 129 19 286 149 29 178 11 231 70 166
1 27 2
66 11
1 16 2
251 68
3 11 10
23 139 99 252 167 205 137 30 191 245
3 9 15
4 296 194 21 259 77 103 99 213 79 15 203 193 20 161
2 11 8
25 269 147 238 52 211 163 86
1 39 2
132 85
1 9 7
65 194 235 174 144 5 244
1 14 5
112 186 66 226 264
1 19 2
23 293
7 19 13
191 242 66 295 101 105 38 10 91 188 77 172 111
4 15 9
295 28 117 167 236 218 166 49 96
9 22 14
44 92 263 277 213 259 210 203 136 168 141 55 155 107
1 21 3
283 228 258
2 8 14
7 148 140 127 50 245 29 215 172 20 79 251 57 276
1 8 8
71 272 150 291 43 70 209 233
2 30 3
54 155 166
1 18 4
240 190 85 39
1 6 11
4 121 190 60 103 210 38 62 252 141 83
2 18 4
104 217 127 273
1 25 3
215 213 282
1 19 3
91 287 45
1 5 12
264 179 19 80 36 164 218 239 84 248 119 90
3 16 6
223 248 263 192 216 13
1 14 3
97 182 6
2 23 3
211 243 122
5 15 14
215 227 294 147 187 59 156 115 120 34 62 83 288 292
6 18 9
298 96 173 209 151 184 239 103 234
6 20 12
212 205 177 122 187 148 215 156 273 100 150 21
1 17 3
225 83 76
1 21 3
5 128 45
2 23 4
215 96 59 196
2 16 4
142 52 261 81
6 17 10
107 135 92 123 158 63 232 101 161 189
1 23 3
154 47 72
4 12 15
185 238 251 159 3 214 227 234 25 27 158 230 98 298 290
4 11 15
219 9 191 106 27 118 272 168 249 176 104 56 279 253 28
1 11 7
145 279 59 98 37 262 277
3 14 6
211 75 137 115 129 271
8 16 14
249 271 297 203 285 217 58 15 162 120 164 142 144 161
2 14 7
267 43 261 118 92 79 94
1 17 4
185 295 141 58
3 19 7
73 238 196 159 259 65 281
7 16 13
220 10 28 107 265 283 0 51 35 182 101 39 92
1 6 10
137 254 80 69 115 8 135 104 117 85
6 18 10
245 161 201 260 237 21 224 96 90 66
1 8 7
51 188 101 26 179 121 275
k 20
