300 900 465
24 23 17 3 5 14 17 21 11 30 25 24 15 14 26 17 19 23 5 29 13 28 23 23 22 19 23 26 26 11 9 22 9 2 22 16 9 17 5 13 26 7 15 7 28 22 21 28 21 25 25 6 22 12 14 10 13 15 3 4 29 8 27 27 12 27 11 15 7 16 19 22 24 8 23 10 5 1 15 24 21 29 30 22 12 22 18 27 8 29 22 17 11 14 4 4 22 17 20 15 27 27 23 30 8 15 1 5 2 28 5 29 5 23 5 12 29 7 18 15 9 27 8 1 25 2 23 9 25 15 4 22 15 21 10 11 29 22 11 4 10 19 7 16 26 10 1 17 22 24 23 12 3 20 24 17 28 26 21 10 22 18 9 16 10 4 22 18 6 8 25 3 19 27 4 24 8 9 4 14 30 30 19 9 28 30 4 8 19 28 11 26 7 23 3 11 2 10 16 1 25 22 14 4 9 14 7 17 22 8 6 28 14 4 17 28 12 15 15 9 5 12 2 28 27 11 13 26 1 17 20 2 4 15 18 23 30 20 15 18 20 13 23 11 27 29 19 8 18 26 22 7 15 1 9 14 30 16 8 28 4 14 12 3 23 9 4 2 9 30 18 7 26 11 13 20 14 19 17 13 23 29 3 27 5 17 7 27 10 17 27 11 24 21 30 13 7 3 10 22
1 15 11 2 8 18 25 21 3 8 17 5 16 17 16 11 24 26 9 21 7 7 19 16 18 12 24 6 13 23 19 19 29 6 11 7 16 29 3 29 6 21 1 3 14 17 9 29 2 9 15 20 9 4 11 10 30 23 1 14 10 3 3 16 27 2 26 24 14 30 24 19 5 27 15 24 17 19 13 14 11 17 7 20 26 17 24 28 8 13 16 16 22 11 16 30 24 17 3 15 27 30 26 14 2 22 11 20 21 18 29 23 20 13 12 8 18 17 12 27 19 3 21 28 22 18 18 6 23 22 10 6 4 22 1 6 20 3 26 21 9 4 21 3 4 3 20 28 19 14 13 14 22 19 7 20 28 18 1 16 24 14 10 27 18 22 10 10 17 3 11 30 14 13 10 29 19 30 8 9 28 18 14 16 26 19 2 3 5 30 23 22 15 9 4 20 2 26 22 9 11 1 16 27 2 19 9 3 24 3 2 21 1 27 4 12 28 30 16 19 7 5 5 12 7 25 19 30 29 30 7 3 10 6 9 21 16 10 27 25 19 30 22 2 11 18 5 21 18 29 28 26 19 4 30 30 13 6 12 4 21 8 4 24 14 19 4 4 18 22 19 22 2 23 19 18 29 16 9 16 28 16 1 28 17 8 11 25 14 24 4 30 3 27 25 30 2 7 1 22
3 3 6
261 56 294 251 23 72
4 2 11
293 42 59 89 229 151 154 84 250 117 235
5 18 12
244 168 140 273 95 61 216 117 124 149 94 165
2 3 6
59 145 233 105 54 272
2 13 4
4 255 260 72
5 10 13
120 228 233 21 59 278 36 178 6 39 32 35 182
4 17 7
178 81 46 199 49 100 172
5 4 10
276 153 15 265 233 257 85 253 111 154
2 9 3
175 297 243
2 19 4
218 110 172 8
4 14 14
200 163 100 30 86 221 148 77 104 196 239 9 105 141
4 5 12
89 75 196 42 6 84 161 198 289 220 148 116
2 13 4
110 283 31 0
7 16 12
4 174 17 283 120 55 278 108 83 32 240 221
3 4 5
272 46 147 175 70
6 13 15
269 73 34 10 264 224 225 52 214 192 155 79 185 68 154
4 4 8
205 115 178 12 103 171 24 118
3 18 10
285 105 63 13 97 79 106 222 4 93
2 20 5
131 140 118 242 65
1 6 3
254 107 283
1 1 2
90 279
4 18 9
133 9 231 219 24 113 185 275 154
3 3 8
38 226 137 267 60 238 223 57
3 17 9
41 46 68 45 116 293 213 176 221
1 12 4
46 231 66 129
2 15 3
272 256 92
1 15 8
162 110 125 39 251 180 132 120
1 3 2
48 98
1 5 8
117 20 87 274 102 238 60 8
1 14 9
2 95 37 206 3 123 217 16 191
1 7 14
240 244 66 115 142 145 203 65 216 156 122 272 138 76
1 15 7
188 111 215 49 270 266 83
3 20 10
173 4 120 190 268 50 213 274 156 167
2 7 6
214 63 236 89 223 272
2 10 3
63 194 85
1 11 5
292 138 148 1 191
7 19 11
158 281 86 217 19 81 252 98 279 295 1
2 16 8
204 209 32 124 258 141 132 76
2 8 9
222 144 180 129 20 163 270 213 62
3 12 13
210 73 77 255 47 117 103 266 118 291 256 23 161
2 15 5
269 166 186 70 75
4 19 12
192 264 207 151 16 55 184 90 279 233 76 280
3 15 8
117 35 289 120 30 212 278 193
3 11 6
92 205 287 232 135 163
2 11 3
7 61 260
3 5 6
136 299 71 33 116 35
6 16 9
48 108 15 118 145 204 68 167 146
3 9 8
61 118 30 252 274 122 29 64
2 20 13
71 241 165 277 217 61 172 44 111 110 89 163 195
2 6 6
120 206 140 288 163 42
3 20 8
281 45 274 183 234 131 207 186
5 10 9
198 79 214 6 113 77 104 232 78
4 10 9
154 55 187 124 62 155 67 241 31
8 2 13
247 288 58 256 194 173 157 234 274 272 291 122 171
1 12 2
115 2
4 5 9
224 275 191 164 76 285 123 80 161
2 20 3
296 61 171
3 10 6
269 230 145 220 139 122
9 15 14
16 136 171 36 188 288 283 207 170 172 70 18 1 180
1 10 3
252 97 173
1 15 2
259 101
2 17 11
208 258 249 247 60 257 163 13 270 105 199
9 17 14
273 31 207 266 157 110 17 85 131 75 24 228 44 167
6 12 15
123 80 206 157 154 272 182 198 114 76 132 290 39 253 46
2 2 10
6 201 49 232 275 112 286 167 52 148
4 2 9
181 192 110 207 237 177 46 13 28
3 5 6
186 205 74 25 12 47
2 3 3
218 74 231
8 10 14
145 142 65 104 96 105 132 255 228 252 250 40 12 22
2 4 3
196 101 176
2 17 8
107 216 284 183 154 190 83 233
1 2 5
290 131 223 98 50
1 8 10
137 32 78 220 195 180 155 262 211 8
1 15 3
37 298 239
9 4 14
191 78 254 296 192 144 68 7 151 105 171 265 156 66
6 20 15
154 216 32 47 120 221 122 54 50 266 260 103 202 279 81
1 3 5
70 155 235 174 78
1 9 3
180 241 182
2 8 3
263 233 292
3 18 9
200 205 139 68 157 54 257 137 236
1 10 6
173 158 271 273 175 123
2 2 10
146 30 197 266 98 247 120 252 86 210
2 17 3
223 59 48
1 15 2
160 146
3 1 12
87 227 261 105 13 206 103 173 100 203 248 89
1 2 8
127 229 137 13 178 205 133 247
3 4 7
295 217 236 297 281 114 219
2 15 8
190 97 255 41 6 206 237 240
2 7 13
288 42 177 10 23 43 47 154 146 126 85 150 62
7 16 14
92 110 41 57 256 255 148 42 140 172 224 262 33 201
1 7 14
159 266 208 87 193 135 146 174 252 61 212 70 183 71
7 9 14
87 155 44 120 291 88 116 130 17 257 13 187 162 293
9 1 14
266 195 60 252 23 30 0 91 86 148 28 207 15 279
1 9 8
190 223 243 299 136 192 214 159
4 12 12
79 248 261 132 184 175 242 14 11 244 113 48
7 20 14
270 206 52 274 98 254 189 72 87 34 23 92 240 95
1 11 5
78 183 177 288 233
4 2 9
284 192 182 7 131 193 287 88 30
1 19 7
163 91 112 92 228 90 14
6 3 12
98 171 174 133 85 89 188 69 277 23 145 175
1 7 13
291 170 254 268 152 109 142 162 259 111 251 165 262
2 15 9
205 146 141 78 62 194 165 95 139
2 3 12
36 288 107 48 195 33 265 192 262 31 230 186
3 18 8
80 172 240 40 20 183 169 258
3 19 6
95 181 87 283 203 243
1 19 3
148 87 236
9 1 15
249 27 67 91 184 217 22 185 100 127 210 13 255 111 291
5 2 13
142 75 114 218 93 272 94 62 38 134 268 45 42
2 10 3
52 20 84
1 6 4
7 149 245 130
2 18 9
145 262 21 139 253 90 293 83 140
1 9 11
236 216 46 190 152 201 144 76 137 252 136
3 2 11
79 187 191 34 135 203 138 170 57 199 96
2 5 3
98 163 160
2 16 3
151 65 268
5 5 14
125 110 56 27 31 160 67 40 136 227 25 166 145 124
3 10 13
259 57 16 218 286 254 120 257 138 269 158 47 191
6 6 12
196 296 78 97 264 31 131 19 258 91 259 276
1 7 2
25 116
1 12 2
42 127
1 4 2
78 290
2 19 6
67 60 88 121 124 281
3 18 15
264 211 101 271 296 278 112 275 93 149 95 3 128 249 289
2 19 9
38 126 34 240 48 53 268 47 146
10 17 15
299 79 287 187 198 220 8 157 274 104 174 4 98 252 118
1 12 4
96 141 235 215
2 9 3
288 179 84
1 1 2
163 56
1 14 5
135 234 224 174 58
2 18 10
141 63 201 198 292 160 197 9 108 176
9 9 14
167 72 58 79 285 107 237 144 207 216 102 86 184 70
5 5 12
209 78 199 51 38 67 12 48 72 89 25 138
2 6 3
184 98 92
9 19 14
76 83 45 108 46 131 2 262 225 238 89 21 206 272
3 18 12
143 192 37 201 272 170 269 133 116 64 3 165
8 12 14
188 98 100 274 234 190 221 60 247 95 189 269 14 56
4 5 12
8 217 67 247 120 168 59 14 31 46 159 25
4 18 11
65 122 209 61 299 251 145 259 107 68 210
1 19 6
252 264 46 179 181 64
1 10 2
134 125
8 14 12
196 190 73 257 289 97 217 262 184 284 45 249
7 5 11
119 76 275 48 241 186 82 112 220 154 299
1 12 4
0 153 117 5
10 6 15
192 258 182 128 32 23 249 169 217 42 265 133 256 125 88
8 19 15
155 207 7 218 113 33 86 200 116 292 268 238 52 51 241
2 8 3
190 88 213
3 6 11
275 250 111 77 4 21 124 214 204 116 276
6 4 12
125 76 52 29 180 140 13 108 44 290 278 212
3 6 6
274 30 109 18 65 22
4 16 8
48 138 12 124 177 246 188 11
5 16 9
156 243 231 285 295 72 180 290 158
3 3 5
295 269 230 290 86
6 11 9
213 50 223 105 255 222 175 141 59
1 15 5
70 269 133 18 143
2 12 3
23 70 154
3 20 8
236 127 190 268 34 275 76 41
5 14 9
50 10 240 22 127 31 61 108 203
2 6 12
135 203 277 72 144 259 160 79 66 57 269 295
9 7 15
252 53 159 215 292 181 23 15 180 177 225 110 54 294 236
7 12 14
219 63 80 136 263 135 122 264 261 13 281 81 49 229
5 8 9
291 190 173 276 28 265 244 252 89
7 10 11
14 248 181 197 68 207 273 28 79 232 126
3 17 8
26 208 5 228 0 105 229 132
1 19 5
237 201 177 67 217
7 14 15
107 269 56 163 205 114 236 190 7 72 185 257 174 182 170
5 16 15
225 206 160 53 12 60 139 188 114 168 144 115 134 279 189
5 2 10
145 272 217 16 21 265 281 123 63 27
6 9 13
200 216 92 107 210 42 21 130 275 94 195 93 292
1 2 7
15 234 215 159 241 88 48
3 6 7
250 283 42 153 202 28 49
2 18 8
204 59 206 45 174 28 262 88
3 11 11
211 187 274 181 231 2 43 207 298 20 252
1 13 2
212 136
3 5 7
276 168 101 136 281 85 115
2 6 7
129 175 187 203 51 49 88
2 4 5
198 202 188 130 237
1 6 3
164 107 104
1 15 4
200 12 128 98
4 5 10
252 264 143 167 290 269 99 171 201 196
5 4 8
221 242 223 258 240 114 273 206
1 16 8
31 47 1 292 295 285 71 29
8 2 15
165 53 170 40 175 71 35 220 121 41 73 66 154 76 77
2 9 5
42 284 152 212 41
5 11 10
16 169 136 92 23 17 188 274 238 272
3 10 9
148 37 173 122 36 32 39 269 55
2 16 5
169 28 186 280 243
1 16 12
56 287 192 70 216 13 291 62 91 207 289 269
7 19 11
89 166 44 253 196 21 206 145 120 0 264
2 1 6
195 189 73 130 55 14
2 14 12
36 106 39 111 296 109 231 97 200 86 288 49
9 1 15
96 55 125 204 46 195 295 35 25 216 113 74 202 257 108
1 19 3
68 230 191
1 5 3
66 67 200
7 8 12
147 54 183 207 158 181 95 289 22 16 59 2
1 4 4
266 22 144 52
1 4 5
291 62 217 219 154
7 18 15
222 32 61 4 24 166 220 225 49 246 39 130 33 281 116
2 3 4
241 76 127 139
2 1 5
163 13 27 128 272
3 1 6
226 216 155 106 41 296
1 13 4
120 23 261 272
1 6 4
164 220 290 87
1 17 8
251 84 90 230 257 134 274 3
6 1 9
230 148 136 99 171 144 260 201 24
1 19 14
230 226 136 43 227 208 123 22 91 131 218 78 80 173
4 7 13
143 297 92 248 105 118 130 196 182 79 114 138 49
9 14 14
28 148 214 280 109 149 21 113 18 213 134 235 29 57
10 1 15
285 272 138 190 131 237 201 109 42 40 21 107 141 289 171
4 1 6
226 66 12 110 161 132
1 8 15
126 207 114 86 42 165 260 19 197 203 175 92 69 188 102
3 17 8
63 273 91 78 253 231 153 21
1 8 5
267 298 286 139 30
4 9 8
163 213 265 223 198 242 110 155
1 5 6
148 0 112 139 180 10
9 2 15
292 296 70 297 114 181 171 188 42 52 103 28 127 63 227
6 16 11
112 260 293 47 73 83 291 12 292 100 95
1 20 2
255 152
5 12 15
187 22 62 40 296 228 218 108 78 192 212 209 98 44 157
1 20 2
156 248
1 16 4
223 216 94 188
6 7 9
11 128 237 230 102 225 19 288 95
8 1 12
132 182 250 204 58 41 259 258 114 187 149 20
3 17 12
142 13 177 62 32 29 92 234 273 114 52 242
10 4 15
40 11 29 171 172 89 239 44 168 237 160 162 36 85 222
1 4 10
128 146 85 108 207 51 293 73 194 35
1 18 2
73 54
1 16 4
251 272 250 3
1 18 5
98 164 176 276 28
3 9 9
296 0 30 139 62 185 46 104 194
1 7 11
84 257 175 269 61 289 20 208 125 199 259
2 7 14
138 88 54 157 25 67 148 174 198 159 28 142 65 8
7 10 12
9 127 276 237 75 99 65 256 126 204 295 230
5 12 13
1 183 91 182 12 19 50 55 49 290 179 235 269
2 13 3
147 39 24
5 15 10
234 141 149 30 131 232 150 23 114 98
6 18 13
163 269 5 294 70 295 72 206 177 3 18 132 221
6 10 14
298 24 113 197 243 111 284 282 175 286 251 39 176 201
2 1 3
220 153 68
1 4 11
53 123 54 13 98 63 90 60 11 190 38
6 12 13
105 199 169 195 202 240 181 180 214 118 92 155 255
8 14 13
219 292 164 15 290 286 251 246 89 22 119 46 94
4 18 14
286 36 184 68 78 294 260 74 177 10 291 230 86 29
4 15 8
252 148 28 62 37 188 9 146
1 7 6
239 157 6 217 234 84
1 7 10
94 261 137 16 209 35 253 108 30 281
2 18 3
238 142 245
5 20 11
5 183 236 3 208 294 172 79 167 159 201
2 4 4
240 185 71 269
1 12 2
194 211
3 20 5
61 99 202 37 252
3 2 6
263 145 62 227 146 158
1 1 8
0 71 219 103 116 225 256 147
1 4 11
149 100 61 17 25 214 30 212 213 55 275
1 11 3
167 100 40
2 6 15
181 187 48 22 86 134 7 31 105 102 275 184 23 246 267
2 9 5
52 277 141 176 256
2 10 3
71 181 187
5 13 8
125 203 104 100 139 43 39 235
3 17 9
194 158 262 106 9 63 233 155 29
1 9 7
200 232 162 140 106 100 111
1 16 8
175 277 205 264 14 119 157 32
3 17 6
266 137 232 254 237 204
2 20 8
211 215 299 78 189 177 120 47
1 12 12
157 298 28 196 261 84 264 22 248 171 73 273
1 19 2
154 105
2 16 4
193 172 17 155
2 3 4
268 200 213 69
1 13 4
281 231 179 45
3 3 6
111 24 216 126 197 18
1 19 3
59 165 147
4 17 10
199 24 137 54 245 267 262 144 12 121
1 10 4
212 134 60 207
8 14 13
263 194 269 35 290 275 224 277 174 93 36 64 122
3 6 8
262 33 89 250 98 191 282 269
3 4 6
281 258 226 165 299 25
1 12 12
279 263 135 36 293 8 143 224 74 178 271 254
6 18 12
160 270 126 224 261 257 42 107 240 71 276 269
6 19 15
60 111 172 82 102 191 83 41 127 249 195 177 277 232 296
7 19 14
250 171 236 112 164 239 192 229 211 270 25 127 291 36
2 18 4
137 218 120 289
1 15 12
92 235 74 298 277 149 135 175 234 280 285 246
4 5 10
215 37 93 117 167 267 113 0 86 106
8 16 14
259 218 291 38 280 296 26 28 84 90 281 12 76 95
1 10 3
178 14 183
2 20 12
264 103 176 143 3 280 278 46 34 159 222 19
2 15 4
29 39 132 255
7 19 11
132 248 162 7 57 215 170 211 46 245 193
1 11 10
290 203 237 196 216 270 291 153 22 140
5 2 10
158 186 289 88 70 117 205 250 78 119
3 5 10
287 220 221 209 242 93 51 134 116 76
1 11 5
169 60 247 117 215
5 3 11
25 228 242 292 191 104 165 259 78 273 113
1 17 2
15 56
2 1 5
247 126 241 99 72
1 16 5
80 70 274 23 158
2 17 5
117 278 8 166 242
2 12 3
109 153 110
3 9 8
163 294 18 128 212 252 253 3
8 7 12
109 257 52 215 122 48 226 49 147 92 50 79
2 8 4
2 178 259 61
9 4 14
105 14 249 283 95 126 221 144 224 216 272 97 67 225
6 4 13
55 148 199 258 242 256 92 12 220 90 96 290 276
1 14 4
24 188 203 156
1 11 10
126 239 222 150 193 265 44 86 187 229
6 9 12
46 157 118 78 130 87 264 58 77 103 98 154
8 12 15
253 22 24 59 45 51 221 14 277 261 61 66 166 87 107
1 10 2
90 54
4 13 9
234 213 226 242 150 266 37 157 131
2 17 4
113 123 288 95
1 5 8
216 292 252 220 156 184 207 270
1 15 2
32 83
6 13 9
36 194 31 8 61 38 285 94 29
3 9 9
64 75 15 3 196 35 122 1 225
6 8 13
179 272 298 204 77 54 263 208 288 195 232 241 104
5 17 9
240 220 91 218 19 163 260 219 221
4 10 7
206 203 80 198 293 258 34
1 13 2
283 259
2 9 4
280 272 283 212
3 5 7
249 229 1 124 63 122 207
4 17 14
298 49 85 126 19 8 156 272 196 39 53 135 284 171
2 10 4
155 19 94 222
1 14 3
97 274 57
2 7 15
262 0 15 254 105 78 44 69 87 57 13 114 289 97 205
1 11 2
25 48
2 13 4
252 42 276 220
1 18 3
40 75 114
2 11 4
271 224 239 254
2 18 3
121 60 209
1 7 2
196 199
3 1 8
126 127 21 203 46 114 51 53
1 13 2
0 39
5 20 10
258 160 224 272 20 157 183 138 150 198
2 2 10
98 109 293 217 45 171 94 49 132 129
5 13 11
15 87 119 173 112 45 268 123 160 135 162
1 17 5
165 268 145 150 269
2 20 6
61 228 67 64 131 245
2 18 10
261 158 259 218 274 195 213 17 174 113
4 4 13
254 129 91 191 58 293 94 166 55 182 149 28 104
4 4 8
291 290 268 205 260 99 182 143
1 5 6
112 231 197 256 209 2
4 3 6
276 240 225 229 97 263
1 7 2
94 272
1 20 6
22 221 0 25 298 217
6 3 10
225 98 122 283 77 268 183 123 214 120
3 5 5
81 51 265 282 32
3 4 11
76 96 38 246 211 130 154 89 269 180 7
3 2 12
248 87 236 257 29 48 260 295 13 240 95 37
3 16 12
239 291 199 274 271 142 92 295 236 287 188 197
2 15 7
29 5 102 287 254 152 218
1 16 2
71 210
7 16 14
297 10 156 9 177 134 223 275 155 88 20 207 73 219
3 7 6
81 253 286 77 22 74
1 14 2
113 147
2 3 12
100 45 247 32 43 197 39 288 50 280 184 235
2 19 8
277 258 2 95 209 129 143 227
3 3 14
124 79 145 53 156 196 90 47 99 89 149 43 82 285
2 13 9
256 63 207 255 160 69 187 123 217
1 3 2
156 112
3 20 13
199 164 212 156 204 18 170 130 136 278 36 246 104
6 13 11
150 86 94 252 177 43 58 277 24 76 229
3 4 13
21 165 54 37 39 12 175 106 292 237 220 164 79
4 5 8
254 141 130 4 281 133 251 25
8 5 15
206 211 82 120 113 68 277 99 95 289 165 60 245 274 173
2 5 6
132 196 52 7 15 269
2 8 13
91 228 267 217 201 34 263 37 80 14 173 44 209
2 20 5
184 69 244 10 106
1 8 2
123 146
1 14 2
195 271
6 15 10
189 149 152 133 187 278 162 251 11 26
3 15 5
75 68 159 227 149
4 19 13
43 143 89 50 61 242 176 175 270 226 93 126 214
4 18 15
218 67 54 61 127 46 142 291 250 100 18 92 109 168 238
5 4 11
125 103 274 55 42 146 238 251 219 183 188
1 6 12
176 42 178 4 106 135 62 232 283 199 6 74
1 4 7
89 246 150 243 156 274 287
3 8 5
61 0 140 35 146
5 16 9
85 167 231 158 280 98 8 188 168
4 10 8
280 17 77 26 154 244 224 59
2 5 4
43 153 25 131
1 9 2
297 293
9 19 15
159 100 20 34 242 202 188 211 135 19 153 43 60 86 240
1 17 2
128 227
2 15 4
57 276 6 87
4 14 11
207 134 241 49 20 254 269 195 149 128 38
6 5 14
113 94 253 175 83 274 203 26 216 229 22 46 131 73
1 2 9
9 278 291 43 145 222 88 87 193
1 14 5
150 5 220 4 207
4 7 13
286 107 252 242 105 294 37 101 25 99 284 174 70
1 1 6
201 247 143 162 257 84
3 20 6
242 99 211 103 239 95
2 2 8
66 188 198 250 38 158 4 80
1 15 15
291 298 181 171 238 179 272 245 136 153 271 99 249 80 190
2 12 3
247 143 177
2 1 7
221 185 291 144 270 241 53
6 12 15
19 76 126 98 67 68 36 253 147 52 106 63 38 284 153
2 12 9
113 262 31 27 215 125 21 156 159
1 11 2
62 280
7 8 12
54 131 199 104 258 11 72 200 105 225 2 10
1 9 4
178 1 128 193
2 4 14
100 82 122 140 135 197 53 203 59 78 297 130 56 218
4 18 15
69 246 167 36 284 14 239 121 28 254 82 138 53 111 236
2 1 10
151 92 91 109 281 241 129 12 199 287
6 8 11
78 292 113 244 32 283 47 150 199 90 114
9 11 15
111 109 224 226 164 24 81 159 11 127 223 155 117 36 171
4 1 8
151 197 150 136 225 58 97 37
1 17 2
219 133
4 13 14
123 162 275 296 39 215 73 23 153 146 63 144 297 9
1 11 12
269 225 195 98 189 121 25 267 161 169 11 48
3 15 15
219 252 27 117 236 173 200 30 94 256 130 201 278 44 271
1 10 4
80 155 9 4
4 13 7
14 217 211 240 262 69 254
3 12 7
186 195 263 21 130 3 23
1 3 9
290 128 270 237 220 149 56 150 106
2 2 10
106 217 274 285 3 18 75 169 122 52
1 7 9
175 232 74 233 13 59 285 159 203
1 7 2
179 278
1 17 3
219 247 15
4 4 11
248 103 156 278 209 129 198 93 6 274 115
10 11 15
114 197 60 189 233 171 37 119 71 112 165 149 298 282 277
5 16 13
54 80 99 298 120 47 278 286 297 141 128 110 289
1 3 7
42 295 4 259 25 44 144
1 4 3
204 22 191
10 20 15
228 255 87 44 213 200 227 19 133 145 263 179 75 48 157
4 13 6
141 137 200 113 120 201
7 7 11
101 102 0 88 40 111 219 25 124 151 78
1 12 7
299 48 119 39 91 0 188
1 8 3
0 72 17
2 7 8
206 195 157 55 150 226 165 39
3 15 7
117 97 6 285 291 10 278
3 10 14
71 25 200 34 214 203 196 171 263 251 186 42 69 47
3 20 6
159 91 144 186 133 238
4 16 6
224 139 26 252 2 141
2 5 5
223 199 101 109 96
1 10 7
8 244 253 25 129 280 275
5 20 9
164 68 221 115 193 176 81 95 88
2 9 6
196 60 212 130 166 159
4 2 9
28 54 273 82 85 2 29 110 52
6 18 10
0 162 62 192 142 265 19 189 260 136
2 1 5
285 100 3 208 143
2 3 5
285 258 42 223 126
1 10 9
176 191 47 71 174 15 249 138 156
2 3 3
38 290 117
1 17 3
53 127 96
5 19 10
105 3 264 7 272 131 192 110 34 37
5 20 9
20 169 297 141 85 90 159 202 204
2 15 4
155 55 5 271
4 6 6
295 91 87 180 2 192
1 5 6
283 255 284 165 267 64
2 5 4
272 256 103 261
1 2 3
70 150 122
2 8 3
98 126 25
6 7 9
253 44 257 118 163 282 84 281 256
1 12 2
195 132
4 16 10
87 210 188 92 208 89 209 247 45 175
3 18 10
280 248 49 39 63 130 246 17 144 175
1 11 2
26 43
1 20 10
259 145 47 13 271 221 123 195 116 299
1 1 3
203 164 202
2 2 11
47 28 49 146 192 269 221 1 154 200 235
2 12 7
92 58 129 152 298 229 247
3 10 7
133 150 138 98 211 91 142
3 10 7
133 128 151 8 39 125 123
1 4 2
249 261
3 11 8
121 150 3 15 287 238 297 167
4 8 9
99 91 251 35 209 217 66 48 263
2 15 13
226 237 271 19 277 238 44 77 90 22 249 39 243
6 6 14
243 24 229 169 98 170 216 49 207 231 273 72 259 18
1 10 2
190 37
1 18 4
81 76 11 111
5 8 9
10 54 237 77 249 21 139 36 189
7 10 12
253 223 201 100 44 182 271 208 75 239 50 275
7 3 14
181 168 121 221 247 147 275 163 51 98 109 289 122 119
4 5 6
221 12 159 252 68 208
9 8 15
35 174 270 50 53 231 189 0 9 33 199 38 4 16 21
2 5 4
65 94 158 254
2 7 6
167 121 118 3 255 220
2 14 5
285 275 272 132 282
3 2 6
36 161 274 193 4 293
1 20 6
50 219 49 272 200 35
4 19 12
226 145 47 135 146 59 107 147 297 131 177 92
5 10 13
124 83 235 136 225 188 88 267 260 142 236 240 50
2 6 11
152 20 11 219 229 67 56 162 269 159 140
6 15 10
149 277 228 167 172 89 287 137 282 46
8 20 13
297 55 73 184 43 133 101 102 275 24 290 156 157
6 11 15
7 237 255 46 131 41 75 144 282 200 39 36 285 228 276
5 7 14
26 249 59 123 10 203 257 73 29 176 162 267 95 275
1 19 6
222 236 211 138 147 187
3 13 13
152 135 117 229 183 34 123 56 21 37 18 7 146
1 15 5
107 132 196 90 299
1 10 3
44 45 274
1 10 10
34 51 78 278 35 139 0 32 130 201
4 15 12
256 81 171 271 149 213 207 224 124 137 31 92
6 13 14
116 103 11 62 43 281 157 265 174 244 223 251 225 267
2 17 8
38 49 59 80 93 209 173 235
1 1 4
14 215 17 170
4 8 12
167 176 219 263 193 244 205 70 196 32 186 48
2 17 10
63 299 229 246 155 165 238 227 202 102
2 16 4
84 103 202 32
8 10 15
239 173 78 164 115 85 280 2 95 200 210 131 93 97 16
7 4 12
27 61 271 111 172 163 217 245 177 70 196 77
3 11 5
100 241 251 81 7
4 7 12
52 41 14 146 253 163 33 144 69 86 295 37
6 19 15
218 282 46 57 146 84 242 205 86 17 32 201 199 102 36
6 20 12
258 198 33 39 260 261 284 115 96 266 204 173
1 18 2
62 104
2 5 8
245 12 144 61 162 81 65 270
6 10 11
261 293 157 112 216 67 66 269 125 122 234
1 3 4
191 268 214 11
1 4 14
61 119 158 96 263 250 233 274 188 239 266 190 295 76
8 4 13
180 147 216 229 141 217 238 165 204 7 131 253 295
2 13 7
16 294 223 137 76 284 104
1 19 4
299 297 40 4
2 13 13
291 16 33 18 54 92 241 217 216 2 228 145 207
2 1 3
188 13 32
1 6 4
202 293 131 231
2 1 6
143 21 248 34 2 10
3 16 12
59 147 158 257 173 125 255 149 188 69 153 106
7 6 14
68 252 186 196 142 123 228 130 206 288 182 287 112 159
1 8 4
151 79 40 218
1 13 6
151 210 286 271 27 140
6 11 9
219 122 42 111 261 269 265 69 120
1 15 6
26 289 15 244 268 276
1 18 2
172 252
2 3 6
213 61 239 172 18 41
1 3 9
167 175 104 280 133 13 81 69 21
2 15 5
181 226 157 266 119
6 7 10
46 252 109 108 199 221 145 107 66 210
3 2 7
196 229 60 209 124 106 150
4 11 10
131 217 19 282 174 84 82 71 101 200
6 7 11
16 167 258 57 165 1 109 72 86 252 120
3 8 5
79 235 237 82 17
4 15 14
241 127 102 265 128 105 43 84 243 271 30 237 160 205
3 7 10
291 249 255 223 94 77 213 152 38 164
1 6 10
168 229 176 204 260 87 110 146 52 14
3 2 5
171 146 230 71 55
1 13 2
198 75
2 15 15
82 158 112 141 48 107 145 16 85 21 62 198 292 167 259
6 4 14
46 67 11 207 158 194 27 7 114 101 34 100 127 0
5 11 11
93 18 242 265 73 51 30 202 289 17 75
6 10 10
68 198 81 47 197 141 207 265 188 54
1 6 2
291 66
2 12 8
28 284 75 266 64 40 228 96
1 4 4
263 81 257 6
1 9 2
157 70
3 3 15
50 254 270 105 169 251 113 246 162 234 149 269 38 31 123
1 9 3
276 22 169
4 16 7
106 84 161 160 200 110 275
4 11 11
30 61 197 78 0 77 50 159 7 262 213
2 3 11
259 5 66 213 281 282 97 151 257 145 112
7 13 11
42 282 275 195 188 127 111 174 0 53 210
4 16 11
157 22 201 171 74 156 57 85 206 147 227
1 9 7
19 18 153 119 292 110 264
1 15 11
281 15 189 271 76 77 118 43 102 246 203
1 19 5
186 126 6 289 54
1 13 5
130 204 264 94 79
1 16 2
64 84
6 10 13
98 161 36 5 126 117 70 60 226 250 104 82 3
1 15 3
163 256 196
2 15 5
298 265 216 8 118
4 3 8
139 50 243 54 9 241 118 268
2 16 7
202 7 285 0 152 63 159
2 7 5
2 103 41 125 191
3 8 14
125 50 85 266 228 35 133 184 291 156 23 182 36 119
3 17 8
243 268 212 1 189 149 286 30
1 6 3
147 16 190
2 9 15
184 87 171 28 0 34 61 78 280 290 179 62 211 98 188
6 7 14
264 192 62 117 178 39 119 69 204 31 233 218 51 197
1 16 12
103 269 127 114 105 84 289 295 253 146 81 98
6 14 9
251 232 122 84 269 25 120 293 83
10 8 15
269 229 86 118 276 35 263 2 216 58 65 1 232 42 204
3 18 10
276 182 297 114 16 237 181 163 251 233
3 9 12
295 17 46 172 40 151 230 251 206 29 100 187
4 16 7
239 121 50 90 80 131 276
2 20 8
248 127 18 60 93 162 19 15
1 4 2
66 23
1 7 3
38 146 81
8 2 13
111 250 96 86 142 241 6 137 255 106 298 79 87
2 10 5
77 31 136 40 21
1 17 8
82 270 94 230 28 299 21 169
1 2 6
35 76 21 194 252 15
5 7 13
191 202 200 194 295 289 299 78 118 117 161 220 19
2 5 3
66 191 12
1 15 2
221 1
7 6 11
143 120 274 117 108 47 68 27 171 157 16
3 9 8
271 178 230 170 135 38 100 213
5 8 15
97 226 62 25 29 99 50 66 152 249 232 118 259 144 56
5 2 15
41 70 83 298 105 251 254 282 267 265 76 197 299 128 121
9 12 14
158 288 79 152 138 166 294 74 131 102 274 44 35 279
2 3 7
276 69 172 135 169 29 196
2 6 6
133 241 96 152 132 9
3 20 7
21 261 114 62 266 153 77
2 12 3
243 162 153
1 20 8
96 114 255 277 282 54 184 168
3 5 10
124 228 185 118 49 192 9 169 103 218
2 8 6
207 68 208 265 30 129
6 15 13
199 221 187 205 44 256 240 30 100 283 85 191 282
1 11 2
67 252
1 15 14
186 250 290 194 216 26 27 269 98 1 128 68 249 246
3 1 14
23 187 161 125 171 61 243 245 58 27 162 191 24 239
3 7 8
261 240 115 19 42 283 289 101
4 19 9
114 56 258 171 252 280 19 97 145
1 11 10
228 163 281 116 283 82 178 101 245 66
4 1 7
141 198 23 106 226 197 275
2 7 3
245 188 262
1 1 5
177 132 46 3 66
5 4 10
93 116 160 146 256 273 118 144 50 23
2 2 6
240 140 266 244 227 83
4 1 7
186 193 287 37 35 236 33
6 15 15
153 91 225 213 16 169 160 148 244 247 263 74 161 101 218
3 18 6
288 4 131 208 106 255
4 2 10
270 82 291 261 158 20 137 253 159 237
2 10 12
254 152 132 29 153 222 287 60 127 48 200 91
3 18 11
26 10 137 168 192 277 66 264 258 151 234
3 5 10
2 110 34 258 294 201 111 32 223 149
2 4 4
173 35 29 296
4 3 10
2 13 116 24 101 46 180 252 298 84
5 5 9
169 145 121 124 272 19 290 181 219
5 11 12
100 117 65 106 151 230 243 120 196 281 231 234
4 16 9
90 156 103 204 87 158 288 211 269
9 16 15
151 16 82 66 183 131 133 209 218 207 187 11 233 248 53
1 18 3
71 96 242
4 8 15
294 84 236 32 159 138 157 110 23 123 111 271 71 37 200
2 17 3
255 272 94
1 8 3
241 153 228
2 3 6
194 80 16 69 159 298
1 11 13
132 126 77 216 236 256 255 53 221 201 36 276 16
5 6 8
180 276 237 113 118 130 208 128
1 3 2
44 105
5 6 15
117 78 150 76 222 127 283 291 146 178 30 3 293 110 232
4 17 10
201 45 171 194 168 9 290 4 274 263
7 10 13
20 60 276 23 260 165 203 70 94 98 68 37 12
7 9 12
127 139 297 266 213 125 94 70 174 63 233 162
7 18 12
51 103 262 276 45 254 280 178 291 197 131 44
6 17 11
213 292 66 140 21 137 64 205 262 156 119
1 17 2
180 182
4 18 8
70 49 91 255 34 215 167 60
2 10 4
113 106 131 3
7 20 14
270 59 199 140 237 85 155 86 124 174 243 275 289 2
2 11 4
76 246 253 99
2 4 7
96 286 190 225 73 207 178
5 6 12
231 126 292 275 272 284 99 244 169 121 41 255
2 3 4
82 144 121 123
4 16 7
186 162 297 208 225 127 196
2 15 8
100 142 131 246 289 87 56 188
2 19 5
177 106 244 222 9
4 6 7
257 253 165 183 140 187 61
2 20 7
55 203 103 126 73 5 272
1 8 15
5 103 274 178 242 155 33 6 70 212 127 213 144 111 202
3 14 10
110 172 19 236 115 116 26 9 267 221
1 10 2
219 252
3 7 6
157 124 64 77 148 147
2 3 3
157 263 163
1 4 6
138 150 166 274 65 21
3 10 9
142 257 204 272 222 122 232 107 79
1 14 2
26 129
3 9 5
250 164 293 47 139
6 1 12
96 81 210 14 103 220 163 142 73 219 7 60
2 4 4
99 284 292 180
3 6 8
194 124 68 69 117 224 130 77
5 14 12
261 111 153 24 58 10 35 52 44 152 210 232
1 20 2
208 92
1 20 2
254 24
1 7 2
60 237
1 5 6
127 41 252 54 57 92
2 12 8
112 64 65 156 41 267 117 168
1 5 14
223 83 47 94 100 285 213 51 147 43 10 90 205 246
4 9 13
132 102 162 41 101 214 89 133 22 254 272 285 81
5 1 13
160 69 254 60 71 107 178 245 30 41 287 231 154
2 1 4
118 43 296 10
4 2 11
111 73 282 3 143 113 274 35 234 249 235
1 8 5
48 254 188 228 273
1 16 5
31 273 199 95 172
9 5 15
276 251 254 141 289 102 272 28 86 126 297 160 192 184 209
9 6 15
247 191 252 111 12 18 218 22 53 7 128 233 282 281 122
2 1 6
9 166 96 259 242 12
2 16 3
59 184 112
6 3 9
232 207 199 147 236 6 239 80 79
1 10 13
119 92 114 282 251 262 8 53 35 136 90 169 192
1 16 7
22 165 7 51 220 225 233
3 18 12
80 58 205 193 267 169 264 135 44 210 263 93
3 3 12
62 143 37 237 253 218 76 247 183 23 282 91
9 13 14
9 121 275 8 3 227 239 250 140 268 218 17 19 184
3 20 13
167 60 24 200 194 37 168 80 261 256 298 288 280
7 15 11
35 183 137 65 146 29 140 49 201 227 233
2 3 4
183 54 135 145
1 12 2
121 33
3 5 5
178 125 230 214 192
4 10 10
103 171 74 185 214 43 90 262 21 281
2 8 8
9 286 233 44 121 59 108 87
2 16 13
67 193 78 168 275 72 227 219 138 204 176 180 98
2 13 4
221 92 239 203
3 15 8
113 35 285 9 151 79 51 58
1 3 2
198 228
6 9 14
141 290 30 43 132 203 15 135 206 77 168 58 275 109
1 11 14
44 105 136 284 255 117 58 119 148 146 55 53 193 81
10 7 15
296 223 18 278 117 101 66 20 152 186 113 137 3 56 256
5 16 11
29 208 87 17 209 117 199 22 226 165 116
2 12 6
149 123 124 133 52 110
2 5 3
200 143 287
10 18 15
271 189 156 134 232 21 259 26 279 80 178 212 89 244 115
5 14 9
57 132 53 44 204 138 20 5 66
3 7 6
137 15 100 45 97 187
1 8 2
74 161
3 4 9
69 64 265 273 274 7 105 70 102
3 17 8
103 293 182 173 152 202 91 244
1 14 4
60 289 108 2
1 5 6
215 176 123 149 266 119
1 17 7
281 186 33 151 291 61 258
7 9 14
91 241 70 116 204 273 263 56 55 65 154 184 131 37
2 7 3
273 9 197
1 7 15
208 204 123 148 280 135 161 281 11 100 28 102 12 107 86
1 8 2
243 123
1 8 4
165 284 269 1
5 6 12
153 215 217 258 158 240 150 27 121 67 20 154
2 13 10
133 33 297 272 92 22 275 248 139 8
2 11 4
101 120 276 249
3 2 9
241 31 176 54 235 217 98 137 211
6 8 11
238 222 296 20 161 97 241 45 190 51 130
1 9 4
82 106 290 212
6 15 10
120 72 294 226 175 227 221 60 20 242
5 4 9
75 94 266 193 181 183 104 89 43
2 4 14
273 75 46 141 136 43 95 138 16 91 2 296 222 85
1 15 13
141 271 108 8 10 19 259 236 20 0 277 44 220
1 17 3
53 231 298
5 13 9
217 69 210 203 178 165 169 267 183
2 18 10
84 247 224 203 89 24 62 287 79 102
2 20 5
243 203 93 86 227
2 9 6
242 40 140 108 110 276
4 16 6
126 26 298 283 58 192
2 12 5
141 183 42 132 94
6 16 13
195 35 192 206 238 157 252 46 268 209 85 235 66
6 4 10
88 77 110 116 231 251 228 171 253 199
8 20 15
137 61 171 180 64 266 272 120 178 104 102 107 40 58 27
2 13 4
247 93 215 76
7 20 13
49 104 251 101 22 161 21 68 279 207 170 166 212
1 13 11
52 182 235 2 247 8 142 38 231 152 55
7 19 11
97 41 247 87 116 295 219 83 233 134 253
5 3 10
209 122 203 199 237 275 272 109 86 14
2 10 4
121 271 24 264
2 16 3
33 292 196
4 19 14
291 219 1 268 178 187 46 222 75 231 227 282 10 132
5 7 12
148 3 41 82 231 169 15 71 78 122 219 260
9 1 14
59 25 28 246 248 244 289 188 235 130 75 43 192 241
2 16 8
205 74 228 20 185 291 171 135
2 4 9
175 84 288 193 42 195 245 172 258
1 7 15
99 80 8 114 194 144 122 117 108 151 263 135 15 240 217
1 14 7
118 183 184 70 179 173 174
2 6 3
97 103 142
3 18 6
5 159 62 232 143 14
3 12 15
101 14 201 299 194 7 279 210 30 292 253 136 74 235 181
1 20 2
272 0
4 4 8
144 177 233 172 286 88 162 13
8 10 15
28 42 31 172 117 1 62 58 231 48 200 295 191 154 229
2 7 3
267 2 25
1 2 13
12 236 41 131 211 226 242 178 187 249 157 141 70
1 12 12
161 63 43 278 157 137 256 86 30 245 214 76
2 20 6
60 214 9 223 255 281
6 4 14
23 179 147 42 200 203 209 88 190 280 140 75 177 59
6 9 13
188 234 169 205 34 142 159 153 257 228 182 43 236
7 18 15
243 249 53 254 59 11 84 7 121 276 161 259 113 275 169
2 4 5
127 106 21 287 121
2 1 8
50 89 140 229 11 284 279 60
3 17 11
62 128 56 39 96 150 257 141 21 166 273
1 19 7
267 277 220 75 226 68 38
3 17 10
29 188 1 115 265 229 56 224 98 63
2 20 10
200 32 86 254 14 150 296 29 17 263
1 6 2
187 168
4 11 15
73 27 63 60 51 90 152 181 12 95 252 237 238 209 215
3 8 9
114 136 269 248 15 10 177 188 86
1 15 6
204 178 294 227 246 185
8 9 13
46 95 43 31 56 65 105 250 246 1 186 15 281
4 18 7
238 284 151 84 228 241 110
6 10 15
156 23 20 239 240 191 39 109 230 26 134 290 142 64 47
4 11 7
115 204 248 19 37 3 176
1 8 12
260 30 184 36 162 22 26 204 122 279 41 206
2 14 5
53 247 137 294 19
3 2 12
233 198 16 181 289 113 288 109 72 21 208 267
6 13 10
249 276 256 11 90 221 144 66 49 116
2 5 12
32 286 18 107 261 222 182 133 65 112 294 142
2 9 9
252 271 71 222 104 143 85 73 277
2 9 7
68 5 46 220 238 174 106
2 10 6
72 182 130 146 148 47
1 8 6
122 235 22 99 295 117
4 1 7
115 122 64 96 68 297 163
8 19 14
209 94 160 181 86 15 8 0 175 81 230 177 75 87
3 16 10
288 44 233 261 211 139 46 266 242 171
1 18 2
236 280
1 4 3
228 7 247
10 9 15
19 299 71 236 213 98 157 288 252 152 139 193 134 26 86
7 7 13
161 224 114 58 144 234 154 56 104 82 240 203 297
5 15 13
120 185 9 227 292 282 2 272 294 69 290 159 208
1 17 8
90 214 32 264 28 74 176 110
6 1 12
39 37 10 221 259 27 176 297 158 128 178 90
1 15 4
167 74 184 255
1 13 4
232 89 248 54
1 7 6
229 64 74 10 183 23
6 3 12
232 114 266 104 83 181 288 113 299 106 274 281
3 8 10
42 77 136 210 7 275 224 59 25 57
1 6 3
212 53 19
3 7 15
251 115 67 9 94 47 180 184 132 10 239 133 179 225 134
2 1 15
200 296 243 71 225 204 115 239 232 32 250 222 264 45 81
1 16 11
97 4 283 134 166 74 17 179 113 37 206
9 7 15
170 229 182 298 190 34 26 142 253 173 241 12 63 262 92
2 16 12
159 293 126 246 114 206 2 85 125 270 21 91
1 14 5
189 114 264 65 230
2 14 5
9 67 165 247 245
1 17 2
116 60
3 5 15
226 123 0 289 262 207 176 284 196 263 108 157 264 96 296
3 18 10
117 257 238 196 137 237 218 130 52 127
9 18 14
91 150 234 135 196 173 10 277 255 149 36 33 266 73
5 4 9
134 109 287 237 100 44 166 262 82
1 13 14
248 84 292 42 293 41 215 93 166 226 194 142 55 138
3 12 9
212 65 249 231 264 289 147 156 21
2 3 5
286 36 289 287 297
3 4 5
145 238 41 142 165
2 11 11
100 22 35 162 104 67 57 45 278 64 172
2 2 6
260 265 137 185 5 202
6 14 14
207 200 178 289 179 237 201 255 125 239 280 5 40 263
5 18 14
251 77 137 108 6 120 189 172 176 183 293 207 72 171
2 7 6
175 249 22 243 219 54
4 12 15
77 31 274 257 45 191 93 26 295 82 75 79 220 64 89
7 7 14
269 152 78 65 96 117 293 291 194 51 224 250 203 77
2 17 3
67 191 47
2 11 9
193 34 274 118 144 228 200 223 167
3 5 8
21 194 291 183 113 286 58 103
4 18 14
200 109 292 21 22 173 3 285 79 223 99 64 190 95
5 12 10
46 121 157 270 246 185 201 2 171 278
9 3 14
93 8 178 13 134 91 101 248 25 175 285 45 252 109
1 18 6
217 132 245 172 168 248
2 8 4
277 35 147 208
5 17 14
191 260 100 213 268 176 190 171 261 216 133 143 231 11
4 20 7
269 27 137 155 95 161 14
5 8 14
15 114 110 120 12 56 144 161 296 157 201 24 87 173
2 3 4
200 170 151 139
3 17 12
273 156 188 228 201 119 58 23 171 177 274 263
4 18 6
261 89 124 23 21 280
3 2 13
47 144 150 81 264 114 132 125 159 248 75 37 73
1 14 2
64 271
1 10 11
23 73 279 217 297 38 263 64 222 242 169
7 15 14
246 115 244 264 285 277 227 271 36 256 95 28 65 190
6 4 13
112 298 178 165 280 140 202 291 261 279 127 287 66
1 20 2
11 115
2 16 9
207 286 27 225 200 6 138 105 130
8 18 12
135 28 217 41 114 220 196 262 288 48 42 254
3 9 6
15 280 22 165 137 241
2 8 4
114 151 253 52
3 14 15
38 250 226 74 10 142 87 34 7 197 57 132 69 4 94
8 17 15
135 199 185 106 57 132 197 276 68 162 183 203 92 24 270
2 4 11
101 227 192 79 279 175 249 293 247 63 212
1 15 5
11 8 66 72 205
9 15 15
153 261 148 46 194 85 236 140 84 184 171 104 268 109 6
5 10 8
172 160 28 217 37 63 8 164
7 17 14
191 24 132 239 228 16 113 236 29 247 49 203 276 136
2 5 11
161 244 125 3 251 269 122 182 285 208 151
1 20 3
122 106 268
4 12 8
98 86 42 24 171 32 211 213
6 8 9
295 53 135 63 0 66 30 59 41
3 20 6
207 143 158 17 80 82
3 10 6
11 192 121 51 205 173
1 19 2
15 25
3 1 7
79 290 164 240 113 146 26
1 7 9
222 227 231 130 169 61 25 23 210
3 17 6
19 159 206 106 14 8
1 2 10
149 121 184 238 202 193 196 97 112 81
3 8 8
104 199 135 134 269 263 232 227
5 7 10
158 256 227 261 103 122 284 210 81 96
3 7 7
286 258 110 239 266 33 60
2 3 10
238 274 3 208 156 112 22 110 107 230
7 14 14
282 115 75 228 21 140 74 113 104 60 63 176 66 179
1 2 8
2 172 102 94 34 224 260 145
2 14 3
4 270 3
5 7 14
119 175 78 98 94 95 107 28 298 239 264 257 30 163
1 5 6
166 177 272 281 11 141
3 2 5
263 247 297 92 137
1 12 14
95 230 190 232 173 130 135 277 64 156 77 119 157 150
1 20 5
97 262 74 191 229
3 20 12
189 25 172 43 137 91 158 174 160 222 258 31
2 8 7
270 232 230 165 150 258 120
2 14 15
175 168 217 272 299 179 143 171 79 234 279 147 295 186 189
1 2 7
73 253 266 149 64 122 20
5 12 11
206 78 97 255 278 38 35 249 137 281 165
8 10 15
45 206 65 250 186 187 265 13 279 220 169 163 178 96 223
1 9 8
35 112 258 201 28 254 287 288
3 6 8
210 292 154 276 69 169 81 125
9 15 14
290 254 69 18 135 188 7 248 202 284 249 262 259 134
5 3 10
136 79 148 220 104 143 119 42 118 32
8 12 14
175 196 213 2 269 186 284 121 65 295 52 32 231 245
4 20 9
139 163 132 243 216 45 260 155 197
3 2 5
14 76 81 277 208
2 14 11
20 38 18 162 115 19 95 12 136 11 87
2 9 14
100 141 136 66 26 29 1 199 193 212 192 194 107 223
4 15 14
63 75 182 50 201 40 53 285 200 166 283 247 55 145
4 6 10
147 56 291 156 207 187 45 153 58 130
1 6 4
298 237 77 296
2 13 8
4 189 111 204 27 136 52 233
1 10 2
108 230
5 8 10
57 247 47 239 219 141 22 121 188 120
5 8 13
93 123 231 21 261 289 286 223 298 49 191 96 171
3 17 8
138 233 16 101 197 21 168 273
9 11 15
141 22 13 156 294 265 266 44 149 50 111 128 71 200 288
k 20
